 # k       S(k)       S(k)_form^2       S(k)_Lorch          S(k)_Lorch_form^2
       0.200  2.0837789E+00  2.0280135E+00 -8.6945704E-01 -8.4618889E-01
       0.400  1.4402732E+00  1.4017210E+00 -9.0992564E-01 -8.8556941E-01
       0.600  5.3414278E-01  5.1984026E-01 -9.5053073E-01 -9.2507878E-01
       0.800 -4.2777359E-01 -4.1631371E-01 -9.5898046E-01 -9.3328977E-01
       1.000 -1.2300517E+00 -1.1970785E+00 -9.0383625E-01 -8.7960771E-01
       1.200 -1.6995311E+00 -1.6539381E+00 -7.6380758E-01 -7.4331705E-01
       1.400 -1.7444911E+00 -1.6976497E+00 -5.3467684E-01 -5.2032022E-01
       1.600 -1.3727633E+00 -1.3358648E+00 -2.3206307E-01 -2.2582545E-01
       1.800 -6.8507669E-01 -6.6664079E-01  1.1066988E-01  1.0769167E-01
       2.000  1.5358331E-01  1.4944483E-01  4.4880452E-01  4.3671095E-01
       2.200  9.5630561E-01  9.3049930E-01  7.3533619E-01  7.1549283E-01
       2.400  1.5588834E+00  1.5167492E+00  9.3047897E-01  9.0532956E-01
       2.600  1.8554292E+00  1.8051930E+00  1.0093610E+00  9.8203231E-01
       2.800  1.8167430E+00  1.7674622E+00  9.6621597E-01  9.4000649E-01
       3.000  1.4882957E+00  1.4478433E+00  8.1432602E-01  7.9219236E-01
       3.200  9.7028766E-01  9.4385836E-01  5.8204393E-01  5.6618985E-01
       3.400  3.8674953E-01  3.7619097E-01  3.0612561E-01  2.9776814E-01
       3.600 -1.4710227E-01 -1.4307656E-01  2.4125967E-02  2.3465718E-02
       3.800 -5.5054230E-01 -5.3543727E-01 -2.3235522E-01 -2.2598017E-01
       4.000 -7.9020592E-01 -7.6846703E-01 -4.4220305E-01 -4.3003786E-01
       4.200 -8.7854121E-01 -8.5430392E-01 -5.9642359E-01 -5.7996939E-01
       4.400 -8.6046109E-01 -8.3665235E-01 -6.9699877E-01 -6.7771299E-01
       4.600 -7.9380107E-01 -7.7176885E-01 -7.5371734E-01 -7.3279766E-01
       4.800 -7.3017157E-01 -7.0984002E-01 -7.8009708E-01 -7.5837535E-01
       5.000 -7.0169081E-01 -6.8208665E-01 -7.8953076E-01 -7.6747248E-01
       5.200 -7.1646664E-01 -6.9637975E-01 -7.9251186E-01 -7.7029297E-01
       5.400 -7.6255379E-01 -7.4109732E-01 -7.9534694E-01 -7.7296775E-01
       5.600 -8.1749826E-01 -7.9440939E-01 -8.0029051E-01 -7.7768765E-01
       5.800 -8.5927600E-01 -8.3491289E-01 -8.0667940E-01 -7.8380757E-01
       6.000 -8.7467663E-01 -8.4977729E-01 -8.1247550E-01 -7.8934684E-01
       6.200 -8.6272150E-01 -8.3806071E-01 -8.1566053E-01 -7.9234498E-01
       6.400 -8.3282342E-01 -8.0891558E-01 -8.1511361E-01 -7.9171417E-01
       6.600 -7.9930353E-01 -7.7625701E-01 -8.1085510E-01 -7.8747552E-01
       6.800 -7.7493874E-01 -7.5249365E-01 -8.0376911E-01 -7.8048899E-01
       7.000 -7.6614660E-01 -7.4385300E-01 -7.9505593E-01 -7.7192112E-01
       7.200 -7.7140996E-01 -7.4885607E-01 -7.8569005E-01 -7.6271865E-01
       7.400 -7.8307544E-01 -7.6006840E-01 -7.7608727E-01 -7.5328555E-01
       7.600 -7.9133936E-01 -7.6797289E-01 -7.6605770E-01 -7.4343775E-01
       7.800 -7.8854296E-01 -7.6513946E-01 -7.5499873E-01 -7.3259081E-01
       8.000 -7.7201846E-01 -7.4898499E-01 -7.4220240E-01 -7.2005851E-01
       8.200 -7.4452525E-01 -7.2219271E-01 -7.2713369E-01 -7.0532282E-01
       8.400 -7.1239377E-01 -6.9090775E-01 -7.0957719E-01 -6.8817613E-01
       8.600 -6.8240975E-01 -6.6171275E-01 -6.8962077E-01 -6.6870506E-01
       8.800 -6.5886136E-01 -6.3876435E-01 -6.6751180E-01 -6.4715093E-01
       9.000 -6.4195238E-01 -6.2225703E-01 -6.4346567E-01 -6.2372390E-01
       9.200 -6.2809375E-01 -6.0870920E-01 -6.1751116E-01 -5.9845321E-01
       9.400 -6.1175250E-01 -5.9275816E-01 -5.8942549E-01 -5.7112438E-01
       9.600 -5.8792323E-01 -5.6955649E-01 -5.5876950E-01 -5.4131353E-01
       9.800 -5.5411700E-01 -5.3669810E-01 -5.2499325E-01 -5.0848986E-01
      10.000 -5.1106826E-01 -4.9490049E-01 -4.8755631E-01 -4.7213234E-01
      10.200 -4.6197655E-01 -4.4726742E-01 -4.4601339E-01 -4.3181252E-01
      10.400 -4.1074182E-01 -3.9757824E-01 -4.0003885E-01 -3.8721829E-01
      10.600 -3.6003706E-01 -3.4842172E-01 -3.4938879E-01 -3.3811698E-01
      10.800 -3.1006655E-01 -2.9999585E-01 -2.9382806E-01 -2.8428477E-01
      11.000 -2.5849606E-01 -2.5004291E-01 -2.3306279E-01 -2.2544134E-01
      11.200 -2.0148959E-01 -1.9485497E-01 -1.6670388E-01 -1.6121468E-01
      11.400 -1.3532498E-01 -1.3083775E-01 -9.4286373E-02 -9.1159936E-02
      11.600 -5.7838065E-02 -5.5906594E-02 -1.5335472E-02 -1.4823352E-02
      11.800  3.0915959E-02  2.9876118E-02  7.0534079E-02  6.8161705E-02
      12.000  1.2899976E-01  1.2462940E-01  1.6350117E-01  1.5796194E-01
      12.200  2.3369015E-01  2.2571484E-01  2.6342760E-01  2.5443743E-01
      12.400  3.4275328E-01  3.3096909E-01  3.6976011E-01  3.5704739E-01
      12.600  4.5525936E-01  4.3948978E-01  4.8144378E-01  4.6476720E-01
      12.800  5.7154574E-01  5.5159836E-01  5.9686107E-01  5.7603016E-01
      13.000  6.9232672E-01  6.6797951E-01  7.1379906E-01  6.8869672E-01
      13.200  8.1735228E-01  7.8838690E-01  8.2946136E-01  8.0006686E-01
      13.400  9.4423946E-01  9.1051762E-01  9.4055258E-01  9.0696241E-01
      13.600  1.0680216E+00  1.0295806E+00  1.0434388E+00  1.0058826E+00
      13.800  1.1816786E+00  1.1388114E+00  1.1343904E+00  1.0932387E+00
      14.000  1.2775080E+00  1.2307966E+00  1.2098907E+00  1.1656517E+00
      14.200  1.3488409E+00  1.2991270E+00  1.2669601E+00  1.2202641E+00
      14.400  1.3915052E+00  1.3398064E+00  1.3034541E+00  1.2550266E+00
      14.600  1.4045326E+00  1.3519275E+00  1.3182744E+00  1.2689000E+00
      14.800  1.3899351E+00  1.3374532E+00  1.3114590E+00  1.2619402E+00
      15.000  1.3517277E+00  1.3002710E+00  1.2841367E+00  1.2352531E+00
      15.200  1.2946384E+00  1.2449499E+00  1.2383585E+00  1.1908301E+00
      15.400  1.2230045E+00  1.1756779E+00  1.1768420E+00  1.1313017E+00
      15.600  1.1402138E+00  1.0957252E+00  1.1026800E+00  1.0596559E+00
      15.800  1.0487679E+00  1.0075068E+00  1.0190626E+00  9.7897026E-01
      16.000  9.5076674E-01  9.1304896E-01  9.2904512E-01  8.9218905E-01
      16.200  8.4846998E-01  8.1452847E-01  8.3539034E-01  8.0197206E-01
      16.400  7.4458640E-01  7.1455038E-01  7.4047607E-01  7.1060587E-01
      16.600  6.4213873E-01  6.1601726E-01  6.4626484E-01  6.1997552E-01
      16.800  5.4396736E-01  5.2165266E-01  5.5431456E-01  5.3157539E-01
      17.000  4.5212071E-01  4.3341695E-01  4.6580754E-01  4.4653758E-01
      17.200  3.6745048E-01  3.5212074E-01  3.8159740E-01  3.6567745E-01
      17.400  2.8960711E-01  2.7742250E-01  3.0225334E-01  2.8953667E-01
      17.600  2.1746410E-01  2.0823713E-01  2.2811109E-01  2.1843236E-01
      17.800  1.4978603E-01  1.4337666E-01  1.5932376E-01  1.5250627E-01
      18.000  8.5848003E-02  8.2143356E-02  9.5907524E-02  9.1768773E-02
      18.200  2.5752173E-02  2.4631436E-02  3.7786840E-02  3.6142354E-02
      18.400 -2.9687601E-02 -2.8384624E-02 -1.5175512E-02 -1.4509464E-02
      18.600 -7.9406531E-02 -7.5891832E-02 -6.3156057E-02 -6.0360638E-02
      18.800 -1.2267484E-01 -1.1719895E-01 -1.0636450E-01 -1.0161666E-01
      19.000 -1.5952701E-01 -1.5234583E-01 -1.4504281E-01 -1.3851364E-01
      19.200 -1.9084414E-01 -1.8218054E-01 -1.7946676E-01 -1.7131965E-01
      19.400 -2.1806156E-01 -2.0807881E-01 -2.0994534E-01 -2.0033414E-01
      19.600 -2.4264093E-01 -2.3143934E-01 -2.3681040E-01 -2.2587798E-01
      19.800 -2.6555526E-01 -2.5319274E-01 -2.6040201E-01 -2.4827939E-01
      20.000 -2.8701310E-01 -2.7353958E-01 -2.8104902E-01 -2.6785548E-01
      20.200 -3.0653610E-01 -2.9202574E-01 -2.9905237E-01 -2.8489626E-01
      20.400 -3.2333895E-01 -3.0790556E-01 -3.1467608E-01 -2.9965619E-01
      20.600 -3.3682283E-01 -3.2061222E-01 -3.2814576E-01 -3.1235276E-01
      20.800 -3.4695409E-01 -3.3011759E-01 -3.3965597E-01 -3.2317363E-01
      21.000 -3.5435684E-01 -3.3701924E-01 -3.4938052E-01 -3.3228640E-01
      21.200 -3.6008899E-01 -3.4232617E-01 -3.5748187E-01 -3.3984766E-01
      21.400 -3.6521668E-01 -3.4705353E-01 -3.6411661E-01 -3.4600817E-01
      21.600 -3.7039039E-01 -3.5181991E-01 -3.6943475E-01 -3.5091219E-01
      21.800 -3.7561982E-01 -3.5663452E-01 -3.7357556E-01 -3.5469359E-01
      22.000 -3.8034566E-01 -3.6096648E-01 -3.7666232E-01 -3.5747082E-01
      22.200 -3.8376691E-01 -3.6405658E-01 -3.7879937E-01 -3.5934418E-01
      22.400 -3.8526603E-01 -3.6532089E-01 -3.8007335E-01 -3.6039703E-01
      22.600 -3.8473279E-01 -3.6465731E-01 -3.8055797E-01 -3.6070034E-01
      22.800 -3.8264073E-01 -3.6251705E-01 -3.8032040E-01 -3.6031875E-01
      23.000 -3.7984793E-01 -3.5971467E-01 -3.7942650E-01 -3.5931558E-01
      23.200 -3.7722176E-01 -3.5707213E-01 -3.7794285E-01 -3.5775470E-01
      23.400 -3.7526570E-01 -3.5506565E-01 -3.7593513E-01 -3.5569904E-01
      23.600 -3.7392132E-01 -3.5363918E-01 -3.7346428E-01 -3.5320693E-01
      23.800 -3.7263230E-01 -3.5226609E-01 -3.7058240E-01 -3.5032824E-01
      24.000 -3.7063510E-01 -3.5022490E-01 -3.6733094E-01 -3.4710269E-01
      24.200 -3.6733666E-01 -3.4695633E-01 -3.6374211E-01 -3.4356121E-01
      24.400 -3.6260250E-01 -3.4233511E-01 -3.5984276E-01 -3.3972962E-01
      24.600 -3.5682501E-01 -3.3673334E-01 -3.5565958E-01 -3.3563353E-01
      24.800 -3.5074508E-01 -3.3085121E-01 -3.5122280E-01 -3.3130184E-01
      25.000 -3.4511598E-01 -3.2539938E-01 -3.4656738E-01 -3.2676786E-01
      25.200 -3.4036866E-01 -3.2078347E-01 -3.4173131E-01 -3.2206771E-01
      25.400 -3.3643286E-01 -3.1693623E-01 -3.3675173E-01 -3.1723662E-01
      25.600 -3.3279436E-01 -3.1337249E-01 -3.3166126E-01 -3.1230552E-01
      25.800 -3.2875576E-01 -3.0943551E-01 -3.2648537E-01 -3.0729855E-01
      26.000 -3.2377649E-01 -3.0461721E-01 -3.2124251E-01 -3.0223318E-01
      26.200 -3.1773177E-01 -2.9880142E-01 -3.1594564E-01 -2.9712171E-01
      26.400 -3.1097238E-01 -2.9231920E-01 -3.1060487E-01 -2.9197373E-01
      26.600 -3.0416074E-01 -2.8579383E-01 -3.0522935E-01 -2.8679791E-01
      26.800 -2.9796270E-01 -2.7985074E-01 -2.9982756E-01 -2.8160224E-01
      27.000 -2.9274108E-01 -2.7482984E-01 -2.9440668E-01 -2.7639353E-01
      27.200 -2.8839234E-01 -2.7063281E-01 -2.8897129E-01 -2.7117610E-01
      27.400 -2.8440094E-01 -2.6677501E-01 -2.8352323E-01 -2.6595170E-01
      27.600 -2.8008333E-01 -2.6261512E-01 -2.7806304E-01 -2.6072083E-01
      27.800 -2.7490692E-01 -2.5765436E-01 -2.7259237E-01 -2.5548507E-01
      28.000 -2.6873675E-01 -2.5176730E-01 -2.6711688E-01 -2.5024971E-01
      28.200 -2.6189715E-01 -2.4525879E-01 -2.6164699E-01 -2.4502453E-01
      28.400 -2.5502269E-01 -2.3872362E-01 -2.5619595E-01 -2.3982190E-01
      28.600 -2.4876897E-01 -2.3277524E-01 -2.5077482E-01 -2.3465212E-01
      28.800 -2.4351581E-01 -2.2776816E-01 -2.4538538E-01 -2.2951683E-01
      29.000 -2.3919750E-01 -2.2363982E-01 -2.4001426E-01 -2.2440346E-01
      29.200 -2.3533305E-01 -2.1993963E-01 -2.3462981E-01 -2.1928239E-01
      29.400 -2.3123865E-01 -2.1602824E-01 -2.2918436E-01 -2.1410907E-01
      29.600 -2.2632220E-01 -2.1135295E-01 -2.2362157E-01 -2.0883095E-01
      29.800 -2.2032580E-01 -2.0567389E-01 -2.1788674E-01 -2.0339703E-01
      30.000 -2.1341093E-01 -1.9914286E-01 -2.1193769E-01 -1.9776812E-01
      30.200 -2.0605401E-01 -1.9220520E-01 -2.0575218E-01 -1.9192365E-01
      30.400 -1.9880878E-01 -1.8537762E-01 -1.9933008E-01 -1.8586371E-01
      30.600 -1.9204879E-01 -1.7900816E-01 -1.9268980E-01 -1.7960564E-01
      30.800 -1.8580780E-01 -1.7312769E-01 -1.8585982E-01 -1.7317617E-01
      31.000 -1.7978695E-01 -1.6745727E-01 -1.7886930E-01 -1.6660256E-01
      31.200 -1.7351656E-01 -1.6155931E-01 -1.7173959E-01 -1.5990480E-01
      31.400 -1.6659074E-01 -1.5505620E-01 -1.6448015E-01 -1.5309174E-01
      31.600 -1.5886149E-01 -1.4781080E-01 -1.5708900E-01 -1.4616160E-01
      31.800 -1.5050214E-01 -1.3998502E-01 -1.4955681E-01 -1.3910575E-01
      32.000 -1.4191545E-01 -1.3195385E-01 -1.4187318E-01 -1.3191455E-01
      32.200 -1.3353406E-01 -1.2411954E-01 -1.3403199E-01 -1.2458237E-01
      32.400 -1.2561222E-01 -1.1671803E-01 -1.2603495E-01 -1.1711083E-01
      32.600 -1.1810821E-01 -1.0971004E-01 -1.1789237E-01 -1.0950955E-01
      32.800 -1.1071146E-01 -1.0280672E-01 -1.0962153E-01 -1.0179461E-01
      33.000 -1.0300014E-01 -9.5616241E-02 -1.0124472E-01 -9.3986667E-02
      33.200 -9.4651116E-02 -8.7838922E-02 -9.2787081E-02 -8.6109045E-02
      33.400 -8.5603459E-02 -7.9418638E-02 -8.4276408E-02 -7.8187466E-02
      33.600 -7.6097495E-02 -7.0578734E-02 -7.5743447E-02 -7.0250362E-02
      33.800 -6.6573754E-02 -6.1727896E-02 -6.7223123E-02 -6.2329998E-02
      34.000 -5.7480903E-02 -5.3281879E-02 -5.8755273E-02 -5.4463155E-02
      34.200 -4.9083766E-02 -4.5485606E-02 -5.0383718E-02 -4.6690262E-02
      34.400 -4.1362334E-02 -3.8319865E-02 -4.2154565E-02 -3.9053823E-02
      34.600 -3.4046167E-02 -3.1533537E-02 -3.4112903E-02 -3.1595348E-02
      34.800 -2.6766184E-02 -2.4784446E-02 -2.6299798E-02 -2.4352590E-02
      35.000 -1.9249429E-02 -1.7819752E-02 -1.8750073E-02 -1.7357484E-02
      35.200 -1.1463394E-02 -1.0609402E-02 -1.1491101E-02 -1.0635045E-02
      35.400 -3.6427520E-03 -3.3705751E-03 -4.5437452E-03 -4.2042485E-03
      35.600  3.8138671E-03  3.5280893E-03  2.0759502E-03  1.9203967E-03
      35.800  1.0525816E-02  9.7349181E-03  8.3538731E-03  7.7261725E-03
      36.000  1.6304045E-02  1.5075695E-02  1.4274707E-02  1.3199248E-02
      36.200  2.1233608E-02  1.9629724E-02  1.9819247E-02  1.8322197E-02
      36.400  2.5624707E-02  2.3684310E-02  2.4961742E-02  2.3071548E-02
      36.600  2.9855439E-02  2.7589241E-02  2.9668473E-02  2.7416467E-02
      36.800  3.4178978E-02  3.1578599E-02  3.3897197E-02  3.1318257E-02
      37.000  3.8585458E-02  3.5643310E-02  3.7598205E-02  3.4731335E-02
      37.200  4.2783339E-02  3.9514156E-02  4.0717412E-02  3.7606092E-02
      37.400  4.6309130E-02  4.2763324E-02  4.3200960E-02  3.9893140E-02
      37.600  4.8716385E-02  4.4979002E-02  4.5001242E-02  4.1548874E-02
      37.800  4.9757999E-02  4.5933629E-02  4.6082774E-02  4.2540879E-02
      38.000  4.9480605E-02  4.5670853E-02  4.6426637E-02  4.2852025E-02
      38.200  4.8190480E-02  4.4473861E-02  4.6032093E-02  4.2481936E-02
      38.400  4.6309148E-02  4.2731983E-02  4.4914515E-02  4.1445078E-02
      38.600  4.4186024E-02  4.0767781E-02  4.3099924E-02  3.9765701E-02
      38.800  4.1952798E-02  3.8702785E-02  4.0617422E-02  3.7470857E-02
      39.000  3.9482461E-02  3.6419827E-02  3.7491691E-02  3.4583480E-02
      39.200  3.6466107E-02  3.3634013E-02  3.3737639E-02  3.1117448E-02
      39.400  3.2567189E-02  3.0035058E-02  2.9359311E-02  2.7076596E-02
      39.600  2.7578965E-02  2.5432458E-02  2.4353251E-02  2.2457806E-02
      39.800  2.1513689E-02  1.9837673E-02  1.8715935E-02  1.7257877E-02
      40.000  1.4587055E-02  1.3449689E-02  1.2453240E-02  1.1482249E-02
      40.200  7.1117721E-03  6.5568382E-03  5.5889479E-03  5.1528405E-03
      40.400 -6.4259588E-04 -5.9242027E-04 -1.8294044E-03 -1.6865596E-03
      40.600 -8.5546817E-03 -7.8863211E-03 -9.7299307E-03 -8.9697502E-03
      40.800 -1.6670560E-02 -1.5367482E-02 -1.8020243E-02 -1.6611665E-02
      41.000 -2.5132444E-02 -2.3167142E-02 -2.6595798E-02 -2.4516065E-02
      41.200 -3.4055305E-02 -3.1391424E-02 -3.5349688E-02 -3.2584558E-02
      41.400 -4.3416327E-02 -4.0019450E-02 -4.4181760E-02 -4.0724996E-02
      41.600 -5.3015265E-02 -4.8866817E-02 -5.3005355E-02 -4.8857682E-02
      41.800 -6.2526792E-02 -5.7633847E-02 -6.1749299E-02 -5.6917197E-02
      42.000 -7.1622110E-02 -6.6017670E-02 -7.0356342E-02 -6.4850948E-02
      42.200 -8.0099779E-02 -7.3832788E-02 -7.8777947E-02 -7.2614376E-02
      42.400 -8.7961193E-02 -8.1080643E-02 -8.6967680E-02 -8.0164845E-02
      42.600 -9.5391552E-02 -8.7932079E-02 -9.4875608E-02 -8.7456481E-02
      42.800 -1.0265095E-01 -9.4626978E-02 -1.0244442E-01 -9.4436592E-02
      43.000 -1.0992584E-01 -1.0133736E-01 -1.0960951E-01 -1.0104575E-01
      43.200 -1.1720969E-01 -1.0805734E-01 -1.1630213E-01 -1.0722065E-01
      43.400 -1.2427095E-01 -1.1457360E-01 -1.2245510E-01 -1.1289945E-01
      43.600 -1.3072679E-01 -1.2053324E-01 -1.2801013E-01 -1.1802841E-01
      43.800 -1.3619111E-01 -1.2558028E-01 -1.3292384E-01 -1.2256757E-01
      44.000 -1.4043208E-01 -1.2950084E-01 -1.3717222E-01 -1.2649473E-01
      44.200 -1.4346726E-01 -1.3231093E-01 -1.4075139E-01 -1.2980625E-01
      44.400 -1.4555331E-01 -1.3424704E-01 -1.4367509E-01 -1.3251472E-01
      44.600 -1.4707425E-01 -1.3566321E-01 -1.4596940E-01 -1.3464409E-01
      44.800 -1.4837776E-01 -1.3688002E-01 -1.4766567E-01 -1.3622312E-01
      45.000 -1.4963232E-01 -1.3805289E-01 -1.4879358E-01 -1.3727905E-01
      45.200 -1.5076747E-01 -1.3911678E-01 -1.4937556E-01 -1.3783244E-01
      45.400 -1.5152110E-01 -1.3982980E-01 -1.4942375E-01 -1.3789429E-01
      45.600 -1.5156938E-01 -1.3989293E-01 -1.4893985E-01 -1.3746597E-01
      45.800 -1.5067771E-01 -1.3908934E-01 -1.4791750E-01 -1.3654142E-01
      46.000 -1.4880388E-01 -1.3737968E-01 -1.4634642E-01 -1.3511088E-01
      46.200 -1.4610814E-01 -1.3491148E-01 -1.4421708E-01 -1.3316533E-01
      46.400 -1.4286937E-01 -1.3194187E-01 -1.4152503E-01 -1.3070035E-01
      46.600 -1.3934943E-01 -1.2871243E-01 -1.3827375E-01 -1.2771886E-01
      46.800 -1.3567178E-01 -1.2533701E-01 -1.3447609E-01 -1.2423240E-01
      47.000 -1.3177101E-01 -1.2175503E-01 -1.3015386E-01 -1.2026080E-01
      47.200 -1.2743635E-01 -1.1777150E-01 -1.2533628E-01 -1.1583070E-01
      47.400 -1.2242681E-01 -1.1316337E-01 -1.2005759E-01 -1.1097342E-01
      47.600 -1.1660185E-01 -1.0780027E-01 -1.1435413E-01 -1.0572221E-01
      47.800 -1.1000527E-01 -1.0172214E-01 -1.0826172E-01 -1.0010987E-01
      48.000 -1.0286120E-01 -9.5135737E-02 -1.0181310E-01 -9.4166350E-02
      48.200 -9.5484497E-02 -8.8331891E-02 -9.5036435E-02 -8.7917392E-02
      48.400 -8.8146236E-02 -8.1561165E-02 -8.7954212E-02 -8.1383487E-02
      48.600 -8.0957945E-02 -7.4926681E-02 -8.0583368E-02 -7.4580010E-02
      48.800 -7.3828214E-02 -6.8343797E-02 -7.2936383E-02 -6.7518216E-02
      49.000 -6.6511647E-02 -6.1585214E-02 -6.5022693E-02 -6.0206545E-02
      49.200 -5.8728235E-02 -5.4391367E-02 -5.6851040E-02 -5.2652796E-02
      49.400 -5.0297045E-02 -4.6594214E-02 -4.8431157E-02 -4.4865691E-02
      49.600 -4.1223556E-02 -3.8198264E-02 -3.9775379E-02 -3.6856365E-02
      49.800 -3.1700861E-02 -2.9381909E-02 -3.0899529E-02 -2.8639196E-02
      50.000 -2.2024873E-02 -2.0419036E-02 -2.1822608E-02 -2.0231519E-02
      50.200 -1.2464953E-02 -1.1559190E-02 -1.2566686E-02 -1.1653530E-02
      50.400 -3.1484769E-03 -2.9204795E-03 -3.1553041E-03 -2.9268122E-03
      50.600  5.9852027E-03  5.5533029E-03  6.3868260E-03  5.9259446E-03
      50.800  1.5142707E-02  1.4053897E-02  1.6034433E-02  1.4881506E-02
      51.000  2.4566987E-02  2.2806979E-02  2.5762423E-02  2.3916773E-02
      51.200  3.4411190E-02  3.1955087E-02  3.5545783E-02  3.3008697E-02
      51.400  4.4656429E-02  4.1481122E-02  4.5360310E-02  4.2134954E-02
      51.600  5.5110246E-02  5.1206698E-02  5.5182649E-02  5.1273972E-02
      51.800  6.5487348E-02  6.0866933E-02  6.4991040E-02  6.0405642E-02
      52.000  7.5533370E-02  7.0225381E-02  7.4765341E-02  6.9511323E-02
      52.200  8.5134140E-02  7.9175678E-02  8.4486548E-02  7.8573410E-02
      52.400  9.4359823E-02  8.7782814E-02  9.4136242E-02  8.7574816E-02
      52.600  1.0342235E-01  9.6243769E-02  1.0369492E-01  9.6497413E-02
      52.800  1.1256722E-01  1.0478700E-01  1.1314113E-01  1.0532125E-01
      53.000  1.2194852E-01  1.1355616E-01  1.2245048E-01  1.1402357E-01
      53.200  1.3154645E-01  1.2253307E-01  1.3159628E-01  1.2257948E-01
      53.400  1.4116453E-01  1.3153491E-01  1.4055085E-01  1.3096310E-01
      53.600  1.5050835E-01  1.4028739E-01  1.4928742E-01  1.3914938E-01
      53.800  1.5931039E-01  1.4854086E-01  1.5778247E-01  1.4711623E-01
      54.000  1.6744254E-01  1.5617538E-01  1.6601634E-01  1.5484515E-01
      54.200  1.7496608E-01  1.6324756E-01  1.7397302E-01  1.6232101E-01
      54.400  1.8209523E-01  1.6995681E-01  1.8163798E-01  1.6953004E-01
      54.600  1.8909106E-01  1.7654652E-01  1.8899506E-01  1.7645689E-01
      54.800  1.9613398E-01  1.8318511E-01  1.9602399E-01  1.8308238E-01
      55.000  2.0323170E-01  1.8987984E-01  2.0269885E-01  1.8938200E-01
      55.200  2.1020488E-01  1.9646320E-01  2.0898929E-01  1.9532707E-01
      55.400  2.1675598E-01  2.0265687E-01  2.1486355E-01  2.0088753E-01
      55.600  2.2259120E-01  2.0818569E-01  2.2029334E-01  2.0603654E-01
      55.800  2.2754091E-01  2.1289026E-01  2.2525827E-01  2.1075459E-01
      56.000  2.3162578E-01  2.1678904E-01  2.2974862E-01  2.1503212E-01
      56.200  2.3504084E-01  2.2006378E-01  2.3376536E-01  2.1886957E-01
      56.400  2.3806529E-01  2.2297529E-01  2.3731690E-01  2.2227434E-01
      56.600  2.4093929E-01  2.2574821E-01  2.4041402E-01  2.2525606E-01
      56.800  2.4376148E-01  2.2847481E-01  2.4306420E-01  2.2782127E-01
      57.000  2.4645092E-01  2.3107917E-01  2.4526792E-01  2.2996995E-01
      57.200  2.4878760E-01  2.3335475E-01  2.4701786E-01  2.3169479E-01
      57.400  2.5051102E-01  2.3505675E-01  2.4830170E-01  2.3298373E-01
      57.600  2.5143236E-01  2.3600730E-01  2.4910758E-01  2.3382514E-01
      57.800  2.5151154E-01  2.3616792E-01  2.4943019E-01  2.3421354E-01
      58.000  2.5086816E-01  2.3565006E-01  2.4927556E-01  2.3415407E-01
      58.200  2.4972551E-01  2.3466279E-01  2.4866254E-01  2.3366394E-01
      58.400  2.4831574E-01  2.3342378E-01  2.4762055E-01  2.3277029E-01
      58.600  2.4678920E-01  2.3207414E-01  2.4618409E-01  2.3150511E-01
      58.800  2.4516656E-01  2.3063315E-01  2.4438595E-01  2.2989881E-01
      59.000  2.4335038E-01  2.2900899E-01  2.4225109E-01  2.2797449E-01
      59.200  2.4118606E-01  2.2705592E-01  2.3979342E-01  2.2574487E-01
      59.400  2.3854079E-01  2.2464846E-01  2.3701597E-01  2.2321244E-01
      59.600  2.3536393E-01  2.2173839E-01  2.3391463E-01  2.2037299E-01
      59.800  2.3170345E-01  2.1837034E-01  2.3048354E-01  2.1722063E-01
      60.000  2.2767555E-01  2.1465334E-01  2.2672058E-01  2.1375300E-01
      60.200  2.2340598E-01  2.1070561E-01  2.2263116E-01  2.0997484E-01
      60.400  2.1897309E-01  2.0660079E-01  2.1822905E-01  2.0589879E-01
      60.600  2.1437982E-01  2.0234148E-01  2.1353490E-01  2.0154401E-01
      60.800  2.0956545E-01  1.9787017E-01  2.0857277E-01  1.9693288E-01
      61.000  2.0444882E-01  1.9310994E-01  2.0336680E-01  1.9208794E-01
      61.200  1.9897935E-01  1.8801270E-01  1.9793875E-01  1.8702946E-01
      61.400  1.9317080E-01  1.8259108E-01  1.9230740E-01  1.8177497E-01
      61.600  1.8710187E-01  1.7691915E-01  1.8648961E-01  1.7634020E-01
      61.800  1.8088477E-01  1.7110275E-01  1.8050179E-01  1.7074049E-01
      62.000  1.7461904E-01  1.6523594E-01  1.7436134E-01  1.6499209E-01
      62.200  1.6835308E-01  1.5936449E-01  1.6808626E-01  1.5911191E-01
      62.400  1.6207192E-01  1.5347421E-01  1.6169359E-01  1.5311595E-01
      62.600  1.5571520E-01  1.4750793E-01  1.5519688E-01  1.4701694E-01
      62.800  1.4921423E-01  1.4140049E-01  1.4860348E-01  1.4082172E-01
      63.000  1.4252902E-01  1.3511382E-01  1.4191372E-01  1.3453052E-01
      63.200  1.3566588E-01  1.2865374E-01  1.3512178E-01  1.2813776E-01
      63.400  1.2866906E-01  1.2206206E-01  1.2821938E-01  1.2163546E-01
      63.600  1.2159176E-01  1.1538914E-01  1.2120024E-01  1.1501759E-01
      63.800  1.1446462E-01  1.0866400E-01  1.1406497E-01  1.0828461E-01
      64.000  1.0727949E-01  1.0187889E-01  1.0682414E-01  1.0144646E-01
      64.200  9.9998059E-02  9.4997361E-02  9.9498338E-02  9.4522630E-02
      64.400  9.2582120E-02  8.7983032E-02  9.2115608E-02  8.7539694E-02
      64.600  8.5028240E-02  8.0832529E-02  8.4706003E-02  8.0526193E-02
      64.800  7.7388008E-02  7.3594804E-02  7.7295888E-02  7.3507199E-02
      65.000  6.9759275E-02  6.6362885E-02  6.9902703E-02  6.6499331E-02
      65.200  6.2250042E-02  5.9239592E-02  6.2532618E-02  5.9508503E-02
      65.400  5.4930137E-02  5.2291545E-02  5.5181476E-02  5.2530811E-02
      65.600  4.7793704E-02  4.5513385E-02  4.7838377E-02  4.5555925E-02
      65.800  4.0753511E-02  3.8822219E-02  4.0491604E-02  3.8572723E-02
      66.000  3.3672431E-02  3.2087501E-02  3.3134017E-02  3.1574431E-02
      66.200  2.6422018E-02  2.5186785E-02  2.5767364E-02  2.4562736E-02
      66.400  1.8942286E-02  1.8062741E-02  1.8403193E-02  1.7548680E-02
      66.600  1.1276194E-02  1.0756166E-02  1.1061057E-02  1.0550951E-02
      66.800  3.5611881E-03  3.3980732E-03  3.7643020E-03  3.5918837E-03
      67.000 -4.0212870E-03 -3.8383529E-03 -3.4654909E-03 -3.3078407E-03
      67.200 -1.1317212E-02 -1.0805888E-02 -1.0612857E-02 -1.0133356E-02
      67.400 -1.8262969E-02 -1.7443460E-02 -1.7671328E-02 -1.6878368E-02
      67.600 -2.4911146E-02 -2.3800955E-02 -2.4642976E-02 -2.3544736E-02
      67.800 -3.1408220E-02 -3.0018051E-02 -3.1535869E-02 -3.0140050E-02
      68.000 -3.7932190E-02 -3.6264749E-02 -3.8359462E-02 -3.6673239E-02
      68.200 -4.4616907E-02 -4.2669043E-02 -4.5119661E-02 -4.3149847E-02
      68.400 -5.1495587E-02 -4.9262812E-02 -5.1815274E-02 -4.9568638E-02
      68.600 -5.8486557E-02 -5.5968035E-02 -5.8436034E-02 -5.5919687E-02
      68.800 -6.5427400E-02 -6.2629296E-02 -6.4963575E-02 -6.2185308E-02
      69.000 -7.2140732E-02 -6.9076660E-02 -7.1373971E-02 -6.8342466E-02
      69.200 -7.8503483E-02 -7.5192003E-02 -7.7641950E-02 -7.4366812E-02
      69.400 -8.4489176E-02 -8.0949614E-02 -8.3744822E-02 -8.0236444E-02
      69.600 -9.0166650E-02 -8.6415101E-02 -8.9665402E-02 -8.5934709E-02
      69.800 -9.5658294E-02 -9.1705493E-02 -9.5393547E-02 -9.1451686E-02
      70.000 -1.0107779E-01 -9.6929609E-02 -1.0092540E-01 -9.6783473E-02
      70.200 -1.0647685E-01 -1.0213697E-01 -1.0626160E-01 -1.0193049E-01
      70.400 -1.1182382E-01 -1.0729713E-01 -1.1140451E-01 -1.0689479E-01
      70.600 -1.1702205E-01 -1.1231726E-01 -1.1635550E-01 -1.1167750E-01
      70.800 -1.2195781E-01 -1.1708800E-01 -1.2111335E-01 -1.1627726E-01
      71.000 -1.2655318E-01 -1.2153428E-01 -1.2567356E-01 -1.2068955E-01
      71.200 -1.3079973E-01 -1.2564770E-01 -1.3002919E-01 -1.2490751E-01
      71.400 -1.3475722E-01 -1.2948535E-01 -1.3417231E-01 -1.2892332E-01
      71.600 -1.3852006E-01 -1.3313772E-01 -1.3809603E-01 -1.3273017E-01
      71.800 -1.4216838E-01 -1.3668169E-01 -1.4179594E-01 -1.3632362E-01
      72.000 -1.4572806E-01 -1.4014199E-01 -1.4527077E-01 -1.3970223E-01
      72.200 -1.4915888E-01 -1.4347987E-01 -1.4852205E-01 -1.4286728E-01
      72.400 -1.5237553E-01 -1.4661311E-01 -1.5155260E-01 -1.4582130E-01
      72.600 -1.5529087E-01 -1.4945766E-01 -1.5436470E-01 -1.4856628E-01
      72.800 -1.5785906E-01 -1.5196913E-01 -1.5695811E-01 -1.5110179E-01
      73.000 -1.6009760E-01 -1.5416410E-01 -1.5932898E-01 -1.5342396E-01
      73.200 -1.6207680E-01 -1.5611002E-01 -1.6146994E-01 -1.5552549E-01
      73.400 -1.6388199E-01 -1.5788890E-01 -1.6337136E-01 -1.5739694E-01
      73.600 -1.6556724E-01 -1.5955271E-01 -1.6502394E-01 -1.5902915E-01
      73.800 -1.6712376E-01 -1.6109287E-01 -1.6642151E-01 -1.6041595E-01
      74.000 -1.6847981E-01 -1.6244010E-01 -1.6756353E-01 -1.6155667E-01
      74.200 -1.6953343E-01 -1.6349594E-01 -1.6845643E-01 -1.6245730E-01
      74.400 -1.7020372E-01 -1.6418211E-01 -1.6911323E-01 -1.6313020E-01
      74.600 -1.7047605E-01 -1.6448423E-01 -1.6955144E-01 -1.6359212E-01
      74.800 -1.7041903E-01 -1.6446824E-01 -1.6978975E-01 -1.6386094E-01
      75.000 -1.7016321E-01 -1.6425993E-01 -1.6984435E-01 -1.6395214E-01
      75.200 -1.6984926E-01 -1.6399499E-01 -1.6972591E-01 -1.6387589E-01
      75.400 -1.6956807E-01 -1.6376116E-01 -1.6943812E-01 -1.6363565E-01
      75.600 -1.6931994E-01 -1.6355875E-01 -1.6897826E-01 -1.6322869E-01
      75.800 -1.6901206E-01 -1.6329810E-01 -1.6833957E-01 -1.6264835E-01
      76.000 -1.6849686E-01 -1.6283660E-01 -1.6751469E-01 -1.6188742E-01
      76.200 -1.6763551E-01 -1.6203988E-01 -1.6649935E-01 -1.6094165E-01
      76.400 -1.6635883E-01 -1.6084087E-01 -1.6529488E-01 -1.5981221E-01
      76.600 -1.6469925E-01 -1.5927067E-01 -1.6390924E-01 -1.5850670E-01
      76.800 -1.6277933E-01 -1.5744759E-01 -1.6235606E-01 -1.5703818E-01
      77.000 -1.6076193E-01 -1.5552904E-01 -1.6065233E-01 -1.5542301E-01
      77.200 -1.5878384E-01 -1.5364736E-01 -1.5881541E-01 -1.5367791E-01
      77.400 -1.5690199E-01 -1.5185767E-01 -1.5686040E-01 -1.5181741E-01
      77.600 -1.5507552E-01 -1.5012049E-01 -1.5479858E-01 -1.4985240E-01
      77.800 -1.5319083E-01 -1.4832588E-01 -1.5263716E-01 -1.4778979E-01
      78.000 -1.5111788E-01 -1.4634787E-01 -1.5038021E-01 -1.4563349E-01
      78.200 -1.4877174E-01 -1.4410412E-01 -1.4803006E-01 -1.4338570E-01
      78.400 -1.4615217E-01 -1.4159424E-01 -1.4558872E-01 -1.4104836E-01
      78.600 -1.4334353E-01 -1.3889984E-01 -1.4305851E-01 -1.3862366E-01
      78.800 -1.4047598E-01 -1.3614701E-01 -1.4044197E-01 -1.3611404E-01
      79.000 -1.3766619E-01 -1.3344880E-01 -1.3774129E-01 -1.3352160E-01
      79.200 -1.3496441E-01 -1.3085400E-01 -1.3495756E-01 -1.3084736E-01
      79.400 -1.3233232E-01 -1.2832551E-01 -1.3209059E-01 -1.2809111E-01
      79.600 -1.2966107E-01 -1.2575784E-01 -1.2913936E-01 -1.2525184E-01
      79.800 -1.2682138E-01 -1.2302555E-01 -1.2610311E-01 -1.2232879E-01
      80.000 -1.2372281E-01 -1.2004085E-01 -1.2298265E-01 -1.1932271E-01
      80.200 -1.2035537E-01 -1.1679390E-01 -1.1978103E-01 -1.1623656E-01
      80.400 -1.1679512E-01 -1.1335844E-01 -1.1650356E-01 -1.1307546E-01
      80.600 -1.1317126E-01 -1.0985980E-01 -1.1315652E-01 -1.0984550E-01
      80.800 -1.0960974E-01 -1.0642027E-01 -1.0974548E-01 -1.0655206E-01
      81.000 -1.0617841E-01 -1.0310577E-01 -1.0627329E-01 -1.0319792E-01
      81.200 -1.0285796E-01 -9.9897656E-02 -1.0273908E-01 -9.9782200E-02
      81.400 -9.9551137E-02 -9.6701523E-02 -9.9138527E-02 -9.6300724E-02
      81.600 -9.6125441E-02 -9.3388667E-02 -9.5465474E-02 -9.2747490E-02
      81.800 -9.2470561E-02 -8.9851872E-02 -9.1714729E-02 -8.9117444E-02
      82.000 -8.8545109E-02 -8.6050834E-02 -8.7884734E-02 -8.5409062E-02
      82.200 -8.4393386E-02 -8.2028520E-02 -8.3979650E-02 -8.1626377E-02
      82.400 -8.0125574E-02 -7.7891963E-02 -8.0009532E-02 -7.7779155E-02
      82.600 -7.5871607E-02 -7.3767471E-02 -7.5988835E-02 -7.3881448E-02
      82.800 -7.1729318E-02 -6.9750209E-02 -7.1933475E-02 -6.9948734E-02
      83.000 -6.7728861E-02 -6.5869580E-02 -6.7857130E-02 -6.5994328E-02
      83.200 -6.3827887E-02 -6.2084473E-02 -6.3768418E-02 -6.2026627E-02
      83.400 -5.9936833E-02 -5.8307824E-02 -5.9669242E-02 -5.8047505E-02
      83.600 -5.5961823E-02 -5.4448325E-02 -5.5555412E-02 -5.4052905E-02
      83.800 -5.1844821E-02 -5.0449492E-02 -5.1418704E-02 -5.0034843E-02
      84.000 -4.7584298E-02 -4.6309805E-02 -4.7250143E-02 -4.5984601E-02
      84.200 -4.3229024E-02 -4.2076704E-02 -4.3043259E-02 -4.1895892E-02
      84.400 -3.8850114E-02 -3.7819408E-02 -3.8796166E-02 -3.7766892E-02
      84.600 -3.4506486E-02 -3.3595294E-02 -3.4512417E-02 -3.3601068E-02
      84.800 -3.0219672E-02 -2.9425367E-02 -3.0199943E-02 -2.9406157E-02
      85.000 -2.5969496E-02 -2.5290025E-02 -2.5869276E-02 -2.5192427E-02
      85.200 -2.1710364E-02 -2.1144897E-02 -2.1531158E-02 -2.0970358E-02
      85.400 -1.7399189E-02 -1.6948036E-02 -1.7194897E-02 -1.6749041E-02
      85.600 -1.3020417E-02 -1.2684296E-02 -1.2867781E-02 -1.2535600E-02
      85.800 -8.5959082E-03 -8.3749744E-03 -8.5554221E-03 -8.3355288E-03
      86.000 -4.1761162E-03 -4.0692440E-03 -4.2632511E-03 -4.1541490E-03
      86.200  1.8264679E-04  1.7799255E-04  2.1147055E-06  2.0608182E-06
      86.400  4.4422877E-03  4.3295652E-03  4.2315833E-03  4.1242074E-03
      86.600  8.5967808E-03  8.3795459E-03  8.4134968E-03  8.2008934E-03
      86.800  1.2668698E-02  1.2349883E-02  1.2534319E-02  1.2218885E-02
      87.000  1.6690895E-02  1.6272562E-02  1.6580082E-02  1.6164526E-02
      87.200  2.0683284E-02  2.0166961E-02  2.0538317E-02  2.0025613E-02
      87.400  2.4636430E-02  2.4023851E-02  2.4399398E-02  2.3792713E-02
      87.600  2.8511184E-02  2.7805020E-02  2.8157475E-02  2.7460072E-02
      87.800  3.2254508E-02  3.1458697E-02  3.1810289E-02  3.1025439E-02
      88.000  3.5824026E-02  3.4943491E-02  3.5358170E-02  3.4489086E-02
      88.200  3.9209202E-02  3.8249058E-02  3.8802684E-02  3.7852495E-02
      88.400  4.2437845E-02  4.1402461E-02  4.2144923E-02  4.1116686E-02
      88.600  4.5564416E-02  4.4456779E-02  4.5384365E-02  4.4281105E-02
      88.800  4.8644449E-02  4.7466159E-02  4.8518030E-02  4.7342802E-02
      89.000  5.1707215E-02  5.0459138E-02  5.1540563E-02  5.0296509E-02
      89.200  5.4739158E-02  5.3422469E-02  5.4444714E-02  5.3135108E-02
      89.400  5.7686355E-02  5.6303499E-02  5.7222217E-02  5.5850487E-02
      89.600  6.0475486E-02  5.9030625E-02  5.9864927E-02  5.8434654E-02
      89.800  6.3043726E-02  6.1542469E-02  6.2365650E-02  6.0880540E-02
      90.000  6.5364429E-02  6.3812952E-02  6.4718919E-02  6.3182763E-02
      90.200  6.7456568E-02  6.5860531E-02  6.6921243E-02  6.5337872E-02
      90.400  6.9374069E-02  6.7737800E-02  6.8971231E-02  6.7344463E-02
      90.600  7.1179849E-02  6.9506149E-02  7.0869341E-02  6.9202943E-02
      90.800  7.2916729E-02  7.1207366E-02  7.2617502E-02  7.0915153E-02
      91.000  7.4588731E-02  7.2845353E-02  7.4218743E-02  7.2484013E-02
      91.200  7.6161010E-02  7.4386061E-02  7.5676667E-02  7.3913005E-02
      91.400  7.7578402E-02  7.5775578E-02  7.6995079E-02  7.5205811E-02
      91.600  7.8793340E-02  7.6967405E-02  7.8177508E-02  7.6365844E-02
      91.800  7.9790049E-02  7.7946088E-02  7.9226884E-02  7.7395937E-02
      92.000  8.0593332E-02  7.8735812E-02  8.0145231E-02  7.8298039E-02
      92.200  8.1257810E-02  7.9389904E-02  8.0933524E-02  7.9073073E-02
      92.400  8.1842658E-02  7.9966156E-02  8.1591819E-02  7.9721068E-02
      92.600  8.2383644E-02  8.0499502E-02  8.2119603E-02  8.0241499E-02
      92.800  8.2875833E-02  8.0985110E-02  8.2516504E-02  8.0633978E-02
      93.000  8.3275293E-02  8.1380038E-02  8.2783150E-02  8.0899095E-02
      93.200  8.3519498E-02  8.1623165E-02  8.2922104E-02  8.1039335E-02
      93.400  8.3557341E-02  8.1664515E-02  8.2938565E-02  8.1059756E-02
      93.600  8.3375188E-02  8.1490733E-02  8.2840628E-02  8.0968255E-02
      93.800  8.3007064E-02  8.1135043E-02  8.2638936E-02  8.0775216E-02
      93.999  8.2524127E-02  8.0666976E-02  8.2345704E-02  8.0492568E-02
      94.199  8.2007886E-02  8.0166198E-02  8.1973299E-02  8.0132387E-02
      94.399  8.1518919E-02  7.9691926E-02  8.1532734E-02  7.9705432E-02
      94.599  8.1074661E-02  7.9261214E-02  8.1032490E-02  7.9219987E-02
      94.799  8.0645828E-02  7.8845438E-02  8.0478074E-02  7.8681430E-02
      94.999  8.0172643E-02  7.8386159E-02  7.9872528E-02  7.8092731E-02
      95.199  7.9593397E-02  7.7823036E-02  7.9217791E-02  7.7455785E-02
      95.399  7.8872855E-02  7.7121608E-02  7.8516637E-02  7.6773300E-02
      95.599  7.8018450E-02  7.6289130E-02  7.7774544E-02  7.6050630E-02
      95.799  7.7078137E-02  7.5372484E-02  7.7000945E-02  7.5297000E-02
      95.999  7.6121974E-02  7.4440176E-02  7.6209371E-02  7.4525641E-02
      96.199  7.5216284E-02  7.3557067E-02  7.5416238E-02  7.3752610E-02
      96.399  7.4401971E-02  7.2763170E-02  7.4638606E-02  7.2994592E-02
      96.599  7.3685525E-02  7.2064845E-02  7.3891317E-02  7.2266111E-02
      96.799  7.3045097E-02  7.1440737E-02  7.3184415E-02  7.1576994E-02
      96.999  7.2446832E-02  7.0857740E-02  7.2521447E-02  7.0930719E-02
      97.199  7.1862658E-02  7.0288408E-02  7.1899266E-02  7.0324214E-02
      97.399  7.1280985E-02  6.9721404E-02  7.1309370E-02  6.9749169E-02
      97.599  7.0706163E-02  6.9160990E-02  7.0740429E-02  6.9194507E-02
      97.799  7.0148814E-02  6.8617557E-02  7.0181370E-02  6.8649402E-02
      97.999  6.9613576E-02  6.8095645E-02  6.9624112E-02  6.8105951E-02
      98.199  6.9091950E-02  6.7586946E-02  6.9065291E-02  6.7560867E-02
      98.399  6.8564628E-02  6.7072574E-02  6.8506491E-02  6.7015702E-02
      98.599  6.8012294E-02  6.6533636E-02  6.7953061E-02  6.6475690E-02
      98.799  6.7428903E-02  6.5964219E-02  6.7411933E-02  6.5947617E-02
      98.999  6.6829578E-02  6.5379117E-02  6.6889118E-02  6.5437366E-02
      99.199  6.6247784E-02  6.4811074E-02  6.6387685E-02  6.4947941E-02
      99.399  6.5721689E-02  6.4297432E-02  6.5906711E-02  6.4478444E-02
      99.599  6.5275607E-02  6.3861984E-02  6.5441481E-02  6.4024265E-02
      99.799  6.4905418E-02  6.3500704E-02  6.4984666E-02  6.3578237E-02
      99.999  6.4575809E-02  6.3179048E-02  6.4528043E-02  6.3132316E-02
     100.199  6.4231846E-02  6.2843273E-02  6.4064096E-02  6.2679150E-02
     100.399  6.3820598E-02  6.2441593E-02  6.3587025E-02  6.2213067E-02
     100.599  6.3313205E-02  6.1945770E-02  6.3092765E-02  6.1730091E-02
     100.799  6.2717098E-02  6.1363075E-02  6.2578290E-02  6.1227264E-02
     100.999  6.2071955E-02  6.0732329E-02  6.2040466E-02  6.0701519E-02
     101.199  6.1430410E-02  6.0105032E-02  6.1475000E-02  6.0148660E-02
     101.399  6.0831715E-02  5.9519592E-02  6.0875947E-02  5.9562869E-02
     101.599  6.0280384E-02  5.8980427E-02  6.0236040E-02  5.8937039E-02
     101.799  5.9739949E-02  5.8451861E-02  5.9547673E-02  5.8263730E-02
     101.999  5.9145576E-02  5.7870457E-02  5.8804238E-02  5.7536477E-02
     102.199  5.8430520E-02  5.7170911E-02  5.8001175E-02  5.6750822E-02
     102.399  5.7554927E-02  5.6314232E-02  5.7136357E-02  5.5904685E-02
     102.599  5.6523836E-02  5.5305352E-02  5.6209529E-02  5.4997821E-02
     102.799  5.5385570E-02  5.4191556E-02  5.5220899E-02  5.4030435E-02
     102.999  5.4210460E-02  5.3041661E-02  5.4169452E-02  5.3001537E-02
     103.199  5.3058471E-02  5.1914345E-02  5.3051477E-02  5.1907501E-02
     103.399  5.1949968E-02  5.0829535E-02  5.1860106E-02  5.0741612E-02
     103.599  5.0852590E-02  4.9755573E-02  5.0586027E-02  4.9494760E-02
     103.799  4.9690868E-02  4.8618620E-02  4.9219442E-02  4.8157367E-02
     103.999  4.8375177E-02  4.7330992E-02  4.7752755E-02  4.6722005E-02
     104.199  4.6838202E-02  4.5826834E-02  4.6183106E-02  4.5185882E-02
     104.399  4.5063763E-02  4.4090323E-02  4.4514109E-02  4.3552542E-02
     104.599  4.3095615E-02  4.2164282E-02  4.2755940E-02  4.1831947E-02
     104.799  4.1022627E-02  4.0135668E-02  4.0923843E-02  4.0039020E-02
     104.999  3.8946169E-02  3.8103669E-02  3.9035109E-02  3.8190684E-02
     105.199  3.6943335E-02  3.6143715E-02  3.7105489E-02  3.6302358E-02
     105.399  3.5040744E-02  3.4281850E-02  3.5145950E-02  3.4384777E-02
     105.599  3.3208861E-02  3.2489182E-02  3.3160547E-02  3.2441915E-02
     105.799  3.1378247E-02  3.0697779E-02  3.1146261E-02  3.0470824E-02
     105.999  2.9469585E-02  2.8830051E-02  2.9094548E-02  2.8463153E-02
     106.199  2.7424734E-02  2.6829128E-02  2.6994512E-02  2.6408249E-02
     106.399  2.5226021E-02  2.4677732E-02  2.4836534E-02  2.4296710E-02
     106.599  2.2897447E-02  2.2399356E-02  2.2615676E-02  2.2123715E-02
     106.799  2.0489426E-02  2.0043331E-02  2.0333896E-02  1.9891187E-02
     106.999  1.8055550E-02  1.7662090E-02  1.8000458E-02  1.7608198E-02
     107.199  1.5632812E-02  1.5291827E-02  1.5630770E-02  1.5289830E-02
     107.399  1.3233345E-02  1.2944416E-02  1.3243684E-02  1.2954528E-02
     107.599  1.0850114E-02  1.0612979E-02  1.0858319E-02  1.0621004E-02
     107.799  8.4713867E-03  8.2860457E-03  8.4908667E-03  8.3050996E-03
     107.999  6.0954712E-03  5.9619671E-03  6.1523591E-03  6.0176090E-03
     108.199  3.7373222E-03  3.6553751E-03  3.8477473E-03  3.7633790E-03
     108.399  1.4233372E-03  1.3920922E-03  1.5762760E-03  1.5416736E-03
     108.599 -8.2253695E-04 -8.0445920E-04 -6.6677610E-04 -6.5212167E-04
     108.799 -2.9940343E-03 -2.9281509E-03 -2.8878025E-03 -2.8242567E-03
     108.999 -5.1101999E-03 -4.9976094E-03 -5.0923221E-03 -4.9801254E-03
     109.199 -7.2103969E-03 -7.0513291E-03 -7.2828616E-03 -7.1221951E-03
     109.399 -9.3378847E-03 -9.1316103E-03 -9.4577999E-03 -9.2488765E-03
     109.599 -1.1518760E-02 -1.1263965E-02 -1.1611110E-02 -1.1354272E-02
     109.799 -1.3746392E-02 -1.3441901E-02 -1.3733301E-02 -1.3429100E-02
     109.999 -1.5978929E-02 -1.5624483E-02 -1.5812961E-02 -1.5462197E-02
     110.199 -1.8152333E-02 -1.7749093E-02 -1.7838822E-02 -1.7442546E-02
     110.399 -2.0203836E-02 -1.9754358E-02 -1.9801610E-02 -1.9361081E-02
     110.599 -2.2096036E-02 -2.1603719E-02 -2.1695388E-02 -2.1211998E-02
     110.799 -2.3831276E-02 -2.3299477E-02 -2.3518177E-02 -2.2993365E-02
     110.999 -2.5449673E-02 -2.4880865E-02 -2.5271561E-02 -2.4706734E-02
     111.199 -2.7011793E-02 -2.6407104E-02 -2.6959688E-02 -2.6356165E-02
     111.399 -2.8573163E-02 -2.7932476E-02 -2.8587691E-02 -2.7946678E-02
     111.599 -3.0161818E-02 -2.9484384E-02 -3.0160190E-02 -2.9482793E-02
     111.799 -3.1768235E-02 -3.1053514E-02 -3.1680061E-02 -3.0967323E-02
     111.999 -3.3351635E-02 -3.2599999E-02 -3.3147824E-02 -3.2400782E-02
     112.199 -3.4859370E-02 -3.4072381E-02 -3.4561816E-02 -3.3781545E-02
     112.399 -3.6250255E-02 -3.5430410E-02 -3.5918858E-02 -3.5106509E-02
     112.599 -3.7511604E-02 -3.6661701E-02 -3.7215386E-02 -3.6372194E-02
     112.799 -3.8662568E-02 -3.7784982E-02 -3.8448493E-02 -3.7575766E-02
     112.999 -3.9743154E-02 -3.8839361E-02 -3.9616784E-02 -3.8715865E-02
     113.199 -4.0794509E-02 -3.9865058E-02 -4.0720677E-02 -3.9792907E-02
     113.399 -4.1839979E-02 -4.0884883E-02 -4.1762178E-02 -4.0808858E-02
     113.599 -4.2875668E-02 -4.1895032E-02 -4.2744272E-02 -4.1766640E-02
     113.799 -4.3874358E-02 -4.2868907E-02 -4.3670003E-02 -4.2669235E-02
     113.999 -4.4800428E-02 -4.3771709E-02 -4.4541650E-02 -4.3518874E-02
     114.199 -4.5628073E-02 -4.4578236E-02 -4.5360044E-02 -4.4316374E-02
     114.399 -4.6353989E-02 -4.5285271E-02 -4.6124314E-02 -4.5060891E-02
     114.599 -4.6998343E-02 -4.5912529E-02 -4.6831997E-02 -4.5750026E-02
     114.799 -4.7593748E-02 -4.6491878E-02 -4.7479499E-02 -4.6380274E-02
     114.999 -4.8167762E-02 -4.7050242E-02 -4.8062847E-02 -4.6947762E-02
     115.199 -4.8727523E-02 -4.7594596E-02 -4.8578493E-02 -4.7449032E-02
     115.399 -4.9254278E-02 -4.8106626E-02 -4.9024124E-02 -4.7881835E-02
     115.599 -4.9710737E-02 -4.8549915E-02 -4.9399247E-02 -4.8245699E-02
     115.799 -5.0058184E-02 -4.8886665E-02 -4.9705500E-02 -4.8542234E-02
     115.999 -5.0275438E-02 -4.9096206E-02 -4.9946568E-02 -4.8775050E-02
     116.199 -5.0370773E-02 -4.9186639E-02 -5.0127699E-02 -4.8949280E-02
     116.399 -5.0380965E-02 -4.9193893E-02 -5.0254894E-02 -4.9070792E-02
     116.599 -5.0357477E-02 -4.9168228E-02 -5.0333869E-02 -4.9145178E-02
     116.799 -5.0345674E-02 -4.9153943E-02 -5.0369028E-02 -4.9176744E-02
     116.999 -5.0366215E-02 -4.9171203E-02 -5.0362642E-02 -4.9167714E-02
     117.199 -5.0406789E-02 -4.9207985E-02 -5.0314451E-02 -4.9117844E-02
     117.399 -5.0427787E-02 -4.9225622E-02 -5.0221790E-02 -4.9024536E-02
     117.599 -5.0379269E-02 -4.9175370E-02 -5.0080226E-02 -4.8883473E-02
     117.799 -5.0221633E-02 -4.9018588E-02 -4.9884559E-02 -4.8689588E-02
     117.999 -4.9940929E-02 -4.8741679E-02 -4.9629947E-02 -4.8438165E-02
     118.199 -4.9552371E-02 -4.8359515E-02 -4.9312864E-02 -4.8125774E-02
     118.399 -4.9091060E-02 -4.7906370E-02 -4.8931685E-02 -4.7750841E-02
     118.599 -4.8594665E-02 -4.7419014E-02 -4.8486787E-02 -4.7313747E-02
     118.799 -4.8086182E-02 -4.6919894E-02 -4.7980198E-02 -4.6816481E-02
     118.999 -4.7564647E-02 -4.6408073E-02 -4.7414989E-02 -4.6262054E-02
     119.199 -4.7007575E-02 -4.5861616E-02 -4.6794604E-02 -4.5653837E-02
     119.399 -4.6383563E-02 -4.5249896E-02 -4.6122416E-02 -4.4995132E-02
     119.599 -4.5668708E-02 -4.4549611E-02 -4.5401541E-02 -4.4288990E-02
     119.799 -4.4859129E-02 -4.3756992E-02 -4.4634997E-02 -4.3538367E-02
     119.999 -4.3973862E-02 -4.2890627E-02 -4.3826034E-02 -4.2746441E-02
     120.199 -4.3047079E-02 -4.1983860E-02 -4.2978384E-02 -4.1916862E-02
     120.399 -4.2113680E-02 -4.1070737E-02 -4.2096349E-02 -4.1053836E-02
     120.599 -4.1195060E-02 -4.0172125E-02 -4.1184469E-02 -4.0161796E-02
     120.799 -4.0291696E-02 -3.9288486E-02 -4.0246937E-02 -3.9244842E-02
     120.999 -3.9385505E-02 -3.8402190E-02 -3.9286778E-02 -3.8305929E-02
     121.199 -3.8450388E-02 -3.7487792E-02 -3.8305146E-02 -3.7346185E-02
     121.399 -3.7465402E-02 -3.6524882E-02 -3.7300950E-02 -3.6364558E-02
     121.599 -3.6424019E-02 -3.5507109E-02 -3.6270965E-02 -3.5357909E-02
     121.799 -3.5335235E-02 -3.4443256E-02 -3.5210571E-02 -3.4321739E-02
     121.999 -3.4216301E-02 -3.3350149E-02 -3.4114869E-02 -3.3251285E-02
     122.199 -3.3081375E-02 -3.2241594E-02 -3.2980089E-02 -3.2142879E-02
     122.399 -3.1932155E-02 -3.1119253E-02 -3.1804778E-02 -3.0995119E-02
     122.599 -3.0755836E-02 -2.9970652E-02 -3.0590613E-02 -2.9809647E-02
     122.799 -2.9531814E-02 -2.8775722E-02 -2.9342536E-02 -2.8591290E-02
     122.999 -2.8244044E-02 -2.7518844E-02 -2.8068123E-02 -2.7347440E-02
     123.199 -2.6893007E-02 -2.6200502E-02 -2.6776435E-02 -2.6086932E-02
     123.399 -2.5500740E-02 -2.4842181E-02 -2.5476462E-02 -2.4818529E-02
     123.599 -2.4105793E-02 -2.3481443E-02 -2.4175711E-02 -2.3549550E-02
     123.799 -2.2749353E-02 -2.2158409E-02 -2.2879124E-02 -2.2284809E-02
     123.999 -2.1458533E-02 -2.0899480E-02 -2.1588731E-02 -2.1026286E-02
     124.199 -2.0234366E-02 -1.9705647E-02 -2.0304081E-02 -1.9773540E-02
     124.399 -1.9050336E-02 -1.8551077E-02 -1.9023249E-02 -1.8524700E-02
     124.599 -1.7862969E-02 -1.7393432E-02 -1.7744310E-02 -1.7277892E-02
     124.799 -1.6630282E-02 -1.6191838E-02 -1.6466663E-02 -1.6032532E-02
     124.999 -1.5330525E-02 -1.4925133E-02 -1.5192021E-02 -1.4790291E-02
     125.199 -1.3972914E-02 -1.3602307E-02 -1.3924598E-02 -1.3555272E-02
     125.399 -1.2595636E-02 -1.2260546E-02 -1.2670575E-02 -1.2333491E-02
     125.599 -1.1251672E-02 -1.0951425E-02 -1.1436936E-02 -1.1131746E-02
     125.799 -9.9882369E-03 -9.7208907E-03 -1.0229976E-02 -9.9561594E-03
     125.999 -8.8286319E-03 -8.5915994E-03 -9.0540656E-03 -8.8109806E-03
     126.199 -7.7639308E-03 -7.5548423E-03 -7.9109122E-03 -7.6978653E-03
     126.399 -6.7580072E-03 -6.5754470E-03 -6.7997014E-03 -6.6160149E-03
     126.599 -5.7634979E-03 -5.6073209E-03 -5.7180619E-03 -5.5631161E-03
     126.799 -4.7417807E-03 -4.6128903E-03 -4.6635498E-03 -4.5367858E-03
     126.999 -3.6787241E-03 -3.5784176E-03 -3.6353577E-03 -3.5362337E-03
     127.199 -2.5898364E-03 -2.5189992E-03 -2.6355924E-03 -2.5635037E-03
     127.399 -1.5134869E-03 -1.4719600E-03 -1.6698900E-03 -1.6240718E-03
     127.599 -4.9568302E-04 -4.8203969E-04 -7.4701261E-04 -7.2645161E-04
     127.799  4.2653384E-04  4.1475669E-04  1.2237991E-04  1.1900085E-04
     127.999  1.2361361E-03  1.2018966E-03  9.2753775E-04  9.0184608E-04
     128.199  1.9376452E-03  1.8838042E-03  1.6595948E-03  1.6134799E-03
     128.399  2.5496196E-03  2.4785478E-03  2.3131345E-03  2.2486549E-03
     128.599  3.0927629E-03  3.0062752E-03  2.8871018E-03  2.8063653E-03
     128.799  3.5796833E-03  3.4792581E-03  3.3847681E-03  3.2898111E-03
     128.999  4.0111520E-03  3.8982605E-03  3.8128858E-03  3.7055744E-03
     129.199  4.3799699E-03  4.2563009E-03  4.1801794E-03  4.0621514E-03
     129.399  4.6796953E-03  4.5471364E-03  4.4955423E-03  4.3681997E-03
     129.599  4.9130404E-03  4.7734207E-03  4.7663135E-03  4.6308635E-03
     129.799  5.0949345E-03  4.9496753E-03  4.9969089E-03  4.8544444E-03
     129.999  5.2480879E-03  5.0979750E-03  5.1880788E-03  5.0396823E-03
     130.199  5.3927008E-03  5.2379479E-03  5.3368588E-03  5.1837083E-03
     130.399  5.5351716E-03  5.3758105E-03  5.4372453E-03  5.2807034E-03
     130.599  5.6614711E-03  5.4979391E-03  5.4814590E-03  5.3231267E-03
     130.799  5.7390077E-03  5.5726911E-03  5.4616087E-03  5.3033311E-03
     130.999  5.7270526E-03  5.5605357E-03  5.3714684E-03  5.2152903E-03
     131.199  5.5918526E-03  5.4287299E-03  5.2080414E-03  5.0561149E-03
     131.399  5.3202928E-03  5.1645783E-03  4.9725782E-03  4.8270407E-03
     131.599  4.9263758E-03  4.7817124E-03  4.6708125E-03  4.5336537E-03
     131.799  4.4476808E-03  4.3166404E-03  4.3122797E-03  4.1852286E-03
     131.999  3.9331495E-03  3.8168828E-03  3.9088409E-03  3.7932928E-03
     132.199  3.4270584E-03  3.3254143E-03  3.4727126E-03  3.3697144E-03
     132.399  2.9554218E-03  2.8674732E-03  3.0144450E-03  2.9247399E-03
     132.599  2.5199374E-03  2.4446970E-03  2.5414220E-03  2.4655401E-03
     132.799  2.1011913E-03  2.0382435E-03  2.0572382E-03  1.9956071E-03
     132.999  1.6692133E-03  1.6190387E-03  1.5622180E-03  1.5152595E-03
     133.199  1.1966419E-03  1.1605512E-03  1.0548851E-03  1.0230698E-03
     133.399  6.6935038E-04  6.4909472E-04  5.3402531E-04  5.1786482E-04
     133.599  9.0947516E-05  8.8185999E-05  7.0775966E-07  6.8626935E-07
     133.799 -5.1954975E-04 -5.0372087E-04 -5.4038577E-04 -5.2392209E-04
     133.999 -1.1347157E-03 -1.1000277E-03 -1.0807038E-03 -1.0476670E-03
     134.199 -1.7269386E-03 -1.6739675E-03 -1.6088387E-03 -1.5594900E-03
     134.399 -2.2745783E-03 -2.2045721E-03 -2.1124841E-03 -2.0474668E-03
     134.599 -2.7645381E-03 -2.6791626E-03 -2.5808001E-03 -2.5010988E-03
     134.799 -3.1917240E-03 -3.0928201E-03 -3.0065002E-03 -2.9133359E-03
     134.999 -3.5570578E-03 -3.4464570E-03 -3.3869734E-03 -3.2816611E-03
     135.199 -3.8658729E-03 -3.7452593E-03 -3.7241548E-03 -3.6079628E-03
     135.399 -4.1273136E-03 -3.9981027E-03 -4.0231079E-03 -3.8971592E-03
     135.599 -4.3541128E-03 -4.2173348E-03 -4.2897820E-03 -4.1550248E-03
     135.799 -4.5612586E-03 -4.4174820E-03 -4.5285567E-03 -4.3858109E-03
     135.999 -4.7624984E-03 -4.6118630E-03 -4.7402964E-03 -4.5903632E-03
     136.199 -4.9649966E-03 -4.8074164E-03 -4.9214660E-03 -4.7652674E-03
     136.399 -5.1640380E-03 -4.9995765E-03 -5.0645008E-03 -4.9032093E-03
     136.599 -5.3405819E-03 -5.1699120E-03 -5.1593089E-03 -4.9944320E-03
     136.799 -5.4638435E-03 -5.2886323E-03 -5.1954155E-03 -5.0288121E-03
     136.999 -5.4992015E-03 -5.3222477E-03 -5.1641435E-03 -4.9979711E-03
     137.199 -5.4191719E-03 -5.2441906E-03 -5.0602207E-03 -4.8968297E-03
     137.399 -5.2133649E-03 -5.0444466E-03 -4.8824328E-03 -4.7242371E-03
     137.599 -4.8931103E-03 -4.7340197E-03 -4.6332146E-03 -4.4825740E-03
     137.799 -4.4882444E-03 -4.3418115E-03 -4.3174106E-03 -4.1765513E-03
     137.999 -4.0366234E-03 -3.9044682E-03 -3.9406092E-03 -3.8115975E-03
     138.199 -3.5701665E-03 -3.4528769E-03 -3.5076016E-03 -3.3923674E-03
     138.399 -3.1028689E-03 -3.0005770E-03 -3.0213557E-03 -2.9217511E-03
     138.599 -2.6257981E-03 -2.5389328E-03 -2.4827956E-03 -2.4006610E-03
     138.799 -2.1112979E-03 -2.0412100E-03 -1.8913723E-03 -1.8285851E-03
     138.999 -1.5248378E-03 -1.4740421E-03 -1.2461626E-03 -1.2046501E-03
     139.199 -8.3980883E-04 -8.1173544E-04 -5.4718936E-04 -5.2889774E-04
     139.399 -4.9163899E-05 -4.7514701E-05  2.0354581E-04  1.9671789E-04
     139.599  8.3072645E-04  8.0276258E-04  1.0015478E-03  9.6783375E-04
     139.799  1.7655462E-03  1.7059069E-03  1.8401016E-03  1.7779439E-03
     139.999  2.7153268E-03  2.6232840E-03  2.7111974E-03  2.6192946E-03
     140.199  3.6484269E-03  3.5243219E-03  3.6068960E-03  3.4842037E-03
     140.399  4.5516014E-03  4.3962324E-03  4.5208059E-03  4.3664882E-03
     140.599  5.4323134E-03  5.2462323E-03  5.4491539E-03  5.2624959E-03
     140.799  6.3131050E-03  6.0960957E-03  6.3912526E-03  6.1715570E-03
     140.999  7.2208840E-03  6.9718007E-03  7.3490560E-03  7.0955514E-03
     141.199  8.1760620E-03  7.8930415E-03  8.3260001E-03  8.0377894E-03
     141.399  9.1858025E-03  8.8667142E-03  9.3252898E-03  9.0013561E-03
     141.599  1.0243471E-02  9.8863941E-03  1.0348109E-02  9.9873845E-03
     141.799  1.1333398E-02  1.0936941E-02  1.1392293E-02  1.0993776E-02
     141.999  1.2437657E-02  1.2001044E-02  1.2451743E-02  1.2014635E-02
     142.199  1.3541377E-02  1.3064350E-02  1.3516943E-02  1.3040776E-02
     142.399  1.4634245E-02  1.4116908E-02  1.4576397E-02  1.4061105E-02
     142.599  1.5708425E-02  1.5151164E-02  1.5618695E-02  1.5064616E-02
     142.799  1.6755308E-02  1.6158818E-02  1.6634745E-02  1.6042548E-02
     142.999  1.7763937E-02  1.7129317E-02  1.7619449E-02  1.6989991E-02
     143.199  1.8723192E-02  1.8051950E-02  1.8572491E-02  1.7906652E-02
     143.399  1.9627079E-02  1.8920957E-02  1.9497858E-02  1.8796385E-02
     143.599  2.0480546E-02  1.9741126E-02  2.0402314E-02  1.9665720E-02
     143.799  2.1301952E-02  2.0530172E-02  2.1293126E-02  2.0521665E-02
     143.999  2.2119598E-02  2.1315373E-02  2.2175674E-02  2.1369411E-02
     144.199  2.2962356E-02  2.2124552E-02  2.3051667E-02  2.2210605E-02
     144.399  2.3847506E-02  2.2974344E-02  2.3918318E-02  2.3042563E-02
     144.599  2.4771048E-02  2.3860878E-02  2.4768849E-02  2.3858759E-02
     144.799  2.5705240E-02  2.4757419E-02  2.5594019E-02  2.4650300E-02
     144.999  2.6605698E-02  2.5621221E-02  2.6384368E-02  2.5408080E-02
     145.199  2.7426135E-02  2.6407727E-02  2.7132403E-02  2.6124902E-02
     145.399  2.8135364E-02  2.7086941E-02  2.7834177E-02  2.6796977E-02
     145.599  2.8729684E-02  2.7655346E-02  2.8489827E-02  2.7424458E-02
     145.799  2.9235113E-02  2.8138025E-02  2.9102894E-02  2.8010767E-02
     145.999  2.9698027E-02  2.8579643E-02  2.9678744E-02  2.8561087E-02
     146.199  3.0167408E-02  2.9027349E-02  3.0222510E-02  2.9080368E-02
     146.399  3.0675691E-02  2.9512342E-02  3.0737259E-02  2.9571575E-02
     146.599  3.1225837E-02  3.0037455E-02  3.1222890E-02  3.0034620E-02
     146.799  3.1789970E-02  3.0575861E-02  3.1676083E-02  3.0466323E-02
     146.999  3.2320197E-02  3.1081493E-02  3.2091352E-02  3.0861419E-02
     147.199  3.2767183E-02  3.1506929E-02  3.2462776E-02  3.1214230E-02
     147.399  3.3099073E-02  3.1821575E-02  3.2785963E-02  3.1520550E-02
     147.599  3.3313169E-02  3.2022884E-02  3.3059542E-02  3.1779081E-02
     147.799  3.3436023E-02  3.2136426E-02  3.3285786E-02  3.1992028E-02
     147.999  3.3512344E-02  3.2205200E-02  3.3470085E-02  3.2164589E-02
     148.199  3.3587623E-02  3.2272936E-02  3.3619416E-02  3.2303485E-02
     148.399  3.3691629E-02  3.2368237E-02  3.3740229E-02  3.2414928E-02
     148.599  3.3829073E-02  3.2495613E-02  3.3836320E-02  3.2502574E-02
     148.799  3.3980368E-02  3.2636238E-02  3.3907334E-02  3.2566093E-02
     148.999  3.4111062E-02  3.2757023E-02  3.3948320E-02  3.2600742E-02
     149.199  3.4185181E-02  3.2823436E-02  3.3950529E-02  3.2598131E-02
     149.399  3.4176691E-02  3.2810505E-02  3.3903246E-02  3.2547991E-02
     149.599  3.4074909E-02  3.2708012E-02  3.3796223E-02  3.2440505E-02
     149.799  3.3882932E-02  3.2518969E-02  3.3622055E-02  3.2268593E-02
     149.999  3.3611421E-02  3.2253642E-02  3.3377906E-02  3.2029560E-02
     150.199  3.3271777E-02  3.1923007E-02  3.3066112E-02  3.1725679E-02
     150.399  3.2872347E-02  3.1535100E-02  3.2693543E-02  3.1363570E-02
     150.599  3.2418984E-02  3.1095560E-02  3.2269914E-02  3.0952576E-02
     150.799  3.1918531E-02  3.0610974E-02  3.1805479E-02  3.0502554E-02
     150.999  3.1382108E-02  3.0092027E-02  3.1308779E-02  3.0021713E-02
     151.199  3.0825094E-02  2.9553478E-02  3.0784946E-02  2.9514986E-02
     151.399  3.0262802E-02  2.9010016E-02  3.0235039E-02  2.8983403E-02
     151.599  2.9703422E-02  2.8469495E-02  2.9656436E-02  2.8424461E-02
     151.799  2.9141949E-02  2.7927117E-02  2.9044139E-02  2.7833384E-02
     151.999  2.8558871E-02  2.7364188E-02  2.8392556E-02  2.7204830E-02
     152.199  2.7925419E-02  2.6753158E-02  2.7697200E-02  2.6534518E-02
     152.399  2.7214146E-02  2.6067757E-02  2.6955937E-02  2.5820424E-02
     152.599  2.6410510E-02  2.5294094E-02  2.6169407E-02  2.5063184E-02
     152.799  2.5520355E-02  2.4437808E-02  2.5340731E-02  2.4265803E-02
     152.999  2.4569333E-02  2.3523497E-02  2.4474569E-02  2.3432767E-02
     153.199  2.3593918E-02  2.2586105E-02  2.3575995E-02  2.2568948E-02
     153.399  2.2627422E-02  2.1657531E-02  2.2649472E-02  2.1678636E-02
     153.599  2.1686842E-02  2.0754035E-02  2.1698156E-02  2.0764862E-02
     153.799  2.0766471E-02  1.9870147E-02  2.0723704E-02  1.9829225E-02
     153.999  1.9841119E-02  1.8981760E-02  1.9726389E-02  1.8871999E-02
     154.199  1.8877785E-02  1.8057312E-02  1.8705500E-02  1.7892515E-02
     154.399  1.7850497E-02  1.7071981E-02  1.7659696E-02  1.6889501E-02
     154.599  1.6751716E-02  1.6018587E-02  1.6587329E-02  1.5861395E-02
     154.799  1.5595049E-02  1.4910177E-02  1.5486694E-02  1.4806580E-02
     154.999  1.4407980E-02  1.3773048E-02  1.4356217E-02  1.3723567E-02
     155.199  1.3218125E-02  1.2633612E-02  1.3194827E-02  1.2611344E-02
     155.399  1.2039429E-02  1.1505198E-02  1.2002369E-02  1.1469782E-02
     155.599  1.0865184E-02  1.0381391E-02  1.0780184E-02  1.0300176E-02
     155.799  9.6713581E-03  9.2392358E-03  9.5315006E-03  9.1056273E-03
     155.999  8.4292168E-03  8.0512944E-03  8.2615620E-03  7.8911564E-03
     156.199  7.1214431E-03  6.8010533E-03  6.9772708E-03  6.6633672E-03
     156.399  5.7540378E-03  5.4942747E-03  5.6862562E-03  5.4295531E-03
     156.599  4.3580273E-03  4.1606089E-03  4.3956898E-03  4.1965652E-03
     156.799  2.9791844E-03  2.8437630E-03  3.1109757E-03  2.9695637E-03
     156.999  1.6598762E-03  1.5841657E-03  1.8349170E-03  1.7512224E-03
     157.199  4.2068656E-04  4.0143220E-04  5.6747639E-04  5.4150362E-04
     157.399 -7.4962930E-04 -7.1520178E-04 -6.9358617E-04 -6.6173249E-04
     157.599 -1.8908370E-03 -1.8037004E-03 -1.9514137E-03 -1.8614855E-03
     157.799 -3.0552771E-03 -2.9139961E-03 -3.2085389E-03 -3.0601708E-03
     157.999 -4.2855148E-03 -4.0866667E-03 -4.4655094E-03 -4.2583096E-03
     158.199 -5.5952327E-03 -5.3347250E-03 -5.7202974E-03 -5.4539668E-03
     158.399 -6.9616951E-03 -6.6364578E-03 -6.9685738E-03 -6.6430152E-03
     158.599 -8.3335253E-03 -7.9428681E-03 -8.2048323E-03 -7.8202079E-03
     158.799 -9.6510236E-03 -9.1970601E-03 -9.4240422E-03 -8.9807554E-03
     158.999 -1.0870532E-02 -1.0357461E-02 -1.0623110E-02 -1.0121716E-02
     159.199 -1.1982754E-02 -1.1415259E-02 -1.1801782E-02 -1.1242858E-02
     159.399 -1.3016945E-02 -1.2398373E-02 -1.2962453E-02 -1.2346470E-02
     159.599 -1.4029169E-02 -1.3360226E-02 -1.4109054E-02 -1.3436302E-02
     159.799 -1.5079193E-02 -1.4357738E-02 -1.5245217E-02 -1.4515818E-02
     159.999 -1.6205637E-02 -1.5427653E-02 -1.6372372E-02 -1.5586383E-02
     160.199 -1.7409668E-02 -1.6571045E-02 -1.7488477E-02 -1.6646058E-02
     160.399 -1.8653771E-02 -1.7752172E-02 -1.8587700E-02 -1.7689294E-02
     160.599 -1.9876059E-02 -1.8912127E-02 -1.9661378E-02 -1.8707858E-02
     160.799 -2.1013822E-02 -1.9991262E-02 -2.0699827E-02 -1.9692546E-02
     160.999 -2.2026725E-02 -2.0951250E-02 -2.1694633E-02 -2.0635373E-02
     161.199 -2.2910213E-02 -2.1787820E-02 -2.2640611E-02 -2.1531426E-02
     161.399 -2.3694293E-02 -2.2529568E-02 -2.3536916E-02 -2.2379927E-02
     161.599 -2.4429082E-02 -2.3224187E-02 -2.4387039E-02 -2.3184218E-02
     161.799 -2.5163764E-02 -2.3918449E-02 -2.5197630E-02 -2.3950640E-02
     161.999 -2.5928110E-02 -2.4640649E-02 -2.5976646E-02 -2.4686775E-02
     162.199 -2.6723795E-02 -2.5392361E-02 -2.6731264E-02 -2.5399458E-02
     162.399 -2.7528272E-02 -2.6152148E-02 -2.7466247E-02 -2.6093223E-02
     162.599 -2.8308193E-02 -2.6888329E-02 -2.8183040E-02 -2.6769454E-02
     162.799 -2.9035624E-02 -2.7574390E-02 -2.8879796E-02 -2.7426404E-02
     162.999 -2.9699618E-02 -2.8199959E-02 -2.9552187E-02 -2.8059973E-02
     163.199 -3.0308287E-02 -2.8772771E-02 -3.0194596E-02 -2.8664840E-02
     163.399 -3.0881425E-02 -2.9311639E-02 -3.0801401E-02 -2.9235683E-02
     163.599 -3.1437873E-02 -2.9834462E-02 -3.1367917E-02 -2.9768075E-02
     163.799 -3.1984229E-02 -3.0347508E-02 -3.1890936E-02 -3.0258989E-02
     163.999 -3.2510329E-02 -3.0841138E-02 -3.2368783E-02 -3.0706860E-02
     164.199 -3.2993538E-02 -3.1293895E-02 -3.2801059E-02 -3.1111332E-02
     164.399 -3.3409570E-02 -3.1682768E-02 -3.3188249E-02 -3.1472887E-02
     164.599 -3.3744376E-02 -3.1994472E-02 -3.3531297E-02 -3.1792442E-02
     164.799 -3.4001373E-02 -3.2232286E-02 -3.3831267E-02 -3.2071030E-02
     164.999 -3.4200399E-02 -3.2415053E-02 -3.4089048E-02 -3.2309516E-02
     165.199 -3.4368908E-02 -3.2568820E-02 -3.4305116E-02 -3.2508369E-02
     165.399 -3.4529411E-02 -3.2714930E-02 -3.4479286E-02 -3.2667439E-02
     165.599 -3.4688980E-02 -3.2860085E-02 -3.4610532E-02 -3.2785773E-02
     165.799 -3.4835572E-02 -3.2992881E-02 -3.4696914E-02 -3.2861557E-02
     165.999 -3.4942784E-02 -3.3088322E-02 -3.4735707E-02 -3.2892235E-02
     166.199 -3.4980780E-02 -3.3118181E-02 -3.4723775E-02 -3.2874861E-02
     166.399 -3.4928440E-02 -3.3062504E-02 -3.4658141E-02 -3.2806645E-02
     166.599 -3.4781378E-02 -3.2917187E-02 -3.4536650E-02 -3.2685575E-02
     166.799 -3.4552516E-02 -3.2694506E-02 -3.4358512E-02 -3.2510934E-02
     166.999 -3.4265383E-02 -3.2416765E-02 -3.4124588E-02 -3.2283566E-02
     167.199 -3.3943502E-02 -3.2106246E-02 -3.3837263E-02 -3.2005757E-02
     167.399 -3.3600836E-02 -3.1776171E-02 -3.3499974E-02 -3.1680785E-02
     167.599 -3.3237417E-02 -3.1426582E-02 -3.3116465E-02 -3.1312220E-02
     167.799 -3.2841711E-02 -3.1046587E-02 -3.2690043E-02 -3.0903210E-02
     167.999 -3.2398045E-02 -3.0621393E-02 -3.2223016E-02 -3.0455961E-02
     168.199 -3.1895199E-02 -3.0140419E-02 -3.1716475E-02 -2.9971527E-02
     168.399 -3.1332022E-02 -2.9602612E-02 -3.1170470E-02 -2.9449977E-02
     168.599 -3.0717564E-02 -2.9016554E-02 -3.0584427E-02 -2.8890790E-02
     168.799 -3.0066105E-02 -2.8395760E-02 -2.9957674E-02 -2.8293353E-02
     168.999 -2.9389773E-02 -2.7751703E-02 -2.9289787E-02 -2.7657290E-02
     169.199 -2.8692582E-02 -2.7088186E-02 -2.8580682E-02 -2.6982543E-02
     169.399 -2.7968746E-02 -2.6399760E-02 -2.7830397E-02 -2.6269172E-02
     169.599 -2.7205805E-02 -2.5674682E-02 -2.7038643E-02 -2.5516928E-02
     169.799 -2.6390804E-02 -2.4900751E-02 -2.6204415E-02 -2.4724885E-02
     169.999 -2.5516118E-02 -2.4070801E-02 -2.5325761E-02 -2.3891227E-02
     170.199 -2.4582070E-02 -2.3185173E-02 -2.4399996E-02 -2.3013445E-02
     170.399 -2.3595059E-02 -2.2249934E-02 -2.3424247E-02 -2.2088859E-02
     170.599 -2.2562543E-02 -2.1272144E-02 -2.2396320E-02 -2.1115427E-02
     170.799 -2.1487794E-02 -2.0254915E-02 -2.1315616E-02 -2.0092616E-02
     170.999 -2.0367492E-02 -1.9195143E-02 -2.0183763E-02 -1.9021988E-02
     171.199 -1.9193897E-02 -1.8085560E-02 -1.9004889E-02 -1.7907466E-02
     171.399 -1.7960608E-02 -1.6920167E-02 -1.7785266E-02 -1.6754982E-02
     171.599 -1.6669166E-02 -1.5700450E-02 -1.6532547E-02 -1.5571771E-02
     171.799 -1.5332703E-02 -1.4438810E-02 -1.5254626E-02 -1.4365285E-02
     171.999 -1.3974323E-02 -1.3157026E-02 -1.3958517E-02 -1.3142144E-02
     172.198 -1.2620193E-02 -1.1879742E-02 -1.2649470E-02 -1.1907302E-02
     172.398 -1.1289962E-02 -1.0625452E-02 -1.1330455E-02 -1.0663561E-02
     172.598 -9.9889105E-03 -9.3991104E-03 -1.0002244E-02 -9.4116569E-03
     172.798 -8.7053970E-03 -8.1897517E-03 -8.6638479E-03 -8.1506637E-03
     172.998 -7.4153443E-03 -6.9747205E-03 -7.3133645E-03 -6.8788005E-03
     173.198 -6.0919979E-03 -5.7288624E-03 -5.9488441E-03 -5.5942418E-03
     173.398 -4.7170651E-03 -4.4349986E-03 -4.5691390E-03 -4.2959180E-03
     173.598 -3.2884205E-03 -3.0911619E-03 -3.1745323E-03 -2.9841053E-03
     173.798 -1.8210139E-03 -1.7114345E-03 -1.7669974E-03 -1.6606684E-03
     173.998 -3.4084499E-04 -3.2027007E-04 -3.5024963E-04 -3.2910700E-04
     174.198  1.1253859E-03  1.0572389E-03  1.0705780E-03  1.0057499E-03
     174.398  2.5600980E-03  2.4045860E-03  2.4893897E-03  2.3381729E-03
     174.598  3.9598389E-03  3.7185457E-03  3.8996952E-03  3.6620668E-03
     174.798  5.3335112E-03  5.0074949E-03  5.2952706E-03  4.9715918E-03
     174.998  6.6948383E-03  6.2843289E-03  6.6706436E-03  6.2616177E-03
     175.198  8.0531144E-03  7.5577760E-03  8.0215324E-03  7.5281365E-03
     175.398  9.4066304E-03  8.8262328E-03  9.3449493E-03  8.7683575E-03
     175.598  1.0742165E-02  1.0077298E-02  1.0639146E-02  9.9806550E-03
     175.798  1.2040586E-02  1.1293035E-02  1.1903247E-02  1.1164223E-02
     175.998  1.3285784E-02  1.2458360E-02  1.3136717E-02  1.2318576E-02
     176.198  1.4472457E-02  1.3568329E-02  1.4338845E-02  1.3443064E-02
     176.398  1.5608574E-02  1.4630447E-02  1.5508235E-02  1.4536396E-02
     176.598  1.6711212E-02  1.5660744E-02  1.6642622E-02  1.5596466E-02
     176.798  1.7797385E-02  1.6675180E-02  1.7738872E-02  1.6620356E-02
     176.998  1.8874365E-02  1.7680576E-02  1.8793329E-02  1.7604665E-02
     177.198  1.9934171E-02  1.8669461E-02  1.9802251E-02  1.8545911E-02
     177.398  2.0955191E-02  1.9621607E-02  2.0762223E-02  1.9440920E-02
     177.598  2.1910568E-02  2.0511895E-02  2.1670434E-02  2.0287090E-02
     177.798  2.2779487E-02  2.1320879E-02  2.2524605E-02  2.1082317E-02
     177.998  2.3556177E-02  2.2043208E-02  2.3322726E-02  2.1824751E-02
     178.198  2.4252017E-02  2.2689583E-02  2.4062582E-02  2.2512353E-02
     178.398  2.4889521E-02  2.3281110E-02  2.4741404E-02  2.3142564E-02
     178.598  2.5490579E-02  2.3838292E-02  2.5355731E-02  2.3712185E-02
     178.798  2.6064374E-02  2.4369738E-02  2.5901669E-02  2.4217612E-02
     178.998  2.6600788E-02  2.4866006E-02  2.6375523E-02  2.4655432E-02
     179.198  2.7072766E-02  2.5301831E-02  2.6774580E-02  2.5023151E-02
     179.398  2.7447177E-02  2.5646294E-02  2.7097845E-02  2.5319883E-02
     179.598  2.7699582E-02  2.5876622E-02  2.7346366E-02  2.5546652E-02
     179.798  2.7826342E-02  2.5989489E-02  2.7523024E-02  2.5706194E-02
     179.998  2.7848251E-02  2.6004388E-02  2.7631720E-02  2.5802195E-02
     180.198  2.7803500E-02  2.5957037E-02  2.7676191E-02  2.5838182E-02
     180.398  2.7732444E-02  2.5885141E-02  2.7658774E-02  2.5816378E-02
     180.598  2.7660433E-02  2.5812374E-02  2.7579542E-02  2.5736887E-02
     180.798  2.7586126E-02  2.5737484E-02  2.7436106E-02  2.5597517E-02
     180.998  2.7480576E-02  2.5633472E-02  2.7224219E-02  2.5394347E-02
     181.198  2.7297898E-02  2.5457566E-02  2.6939023E-02  2.5122885E-02
     181.398  2.6993377E-02  2.5168121E-02  2.6576580E-02  2.4779507E-02
     181.598  2.6541581E-02  2.4741504E-02  2.6135232E-02  2.4362713E-02
     181.798  2.5946948E-02  2.4181939E-02  2.5616317E-02  2.3873800E-02
     181.998  2.5242422E-02  2.3520214E-02  2.5024063E-02  2.3316752E-02
     182.198  2.4476666E-02  2.2801726E-02  2.4364618E-02  2.2697345E-02
     182.398  2.3695229E-02  2.2068937E-02  2.3644642E-02  2.2021822E-02
     182.598  2.2923396E-02  2.1345402E-02  2.2869825E-02  2.1295518E-02
     182.798  2.2157764E-02  2.0627948E-02  2.2043932E-02  2.0521975E-02
     182.998  2.1369755E-02  1.9889973E-02  2.1168675E-02  1.9702817E-02
     183.198  2.0519254E-02  1.9094162E-02  2.0244411E-02  1.8838407E-02
     183.398  1.9572592E-02  1.8209230E-02  1.9271527E-02  1.7929137E-02
     183.598  1.8517313E-02  1.7223653E-02  1.8251893E-02  1.6976776E-02
     183.798  1.7368021E-02  1.6151078E-02  1.7189947E-02  1.5985482E-02
     183.998  1.6161370E-02  1.5025643E-02  1.6092944E-02  1.4962027E-02
     184.198  1.4942741E-02  1.3889568E-02  1.4970162E-02  1.3915056E-02
     184.398  1.3750511E-02  1.2778524E-02  1.3831375E-02  1.2853672E-02
     184.598  1.2604039E-02  1.1710484E-02  1.2684914E-02  1.1785625E-02
     184.798  1.1499834E-02  1.0682176E-02  1.1536075E-02  1.0715840E-02
     184.998  1.0416319E-02  9.6735376E-03  1.0386268E-02  9.6456293E-03
     185.198  9.3244674E-03  8.6576064E-03  9.2333506E-03  8.5730060E-03
     185.398  8.1994177E-03  7.6113097E-03  8.0730473E-03  7.4940033E-03
     185.598  7.0285146E-03  6.5229245E-03  6.9010074E-03  6.4045894E-03
     185.798  5.8135814E-03  5.3941723E-03  5.7150384E-03  5.3027386E-03
     185.998  4.5677339E-03  4.2372487E-03  4.5166753E-03  4.1898843E-03
     186.198  3.3095443E-03  3.0693987E-03  3.3117802E-03  3.0714723E-03
     186.398  2.0575332E-03  1.9078039E-03  2.1098157E-03  1.9562817E-03
     186.598  8.2724107E-04  7.6686794E-04  9.2213256E-04  8.5483414E-04
     186.798 -3.6900004E-04 -3.4199234E-04 -2.4027989E-04 -2.2269342E-04
     186.998 -1.5211150E-03 -1.4094618E-03 -1.3689774E-03 -1.2684914E-03
     187.198 -2.6209524E-03 -2.4280160E-03 -2.4594129E-03 -2.2783679E-03
     187.398 -3.6638396E-03 -3.3933594E-03 -3.5112471E-03 -3.2520319E-03
     187.598 -4.6512899E-03 -4.3069283E-03 -4.5273900E-03 -4.1922014E-03
     187.798 -5.5930725E-03 -5.1778010E-03 -5.5122441E-03 -5.1029740E-03
     187.998 -6.5062848E-03 -6.0218301E-03 -6.4695700E-03 -5.9878492E-03
     188.198 -7.4104341E-03 -6.8570837E-03 -7.4006601E-03 -6.8480395E-03
     188.398 -8.3196303E-03 -7.6966199E-03 -8.3033865E-03 -7.6815925E-03
     188.598 -9.2348112E-03 -8.5413022E-03 -9.1722606E-03 -8.4834490E-03
     188.798 -1.0139893E-02 -9.3762539E-03 -9.9995691E-03 -9.2464975E-03
     188.998 -1.1004341E-02 -1.0173251E-02 -1.0777069E-02 -9.9631433E-03
     189.198 -1.1792302E-02 -1.0899182E-02 -1.1497828E-02 -1.0627011E-02
     189.398 -1.2475184E-02 -1.1527675E-02 -1.2157562E-02 -1.1234177E-02
     189.598 -1.3042720E-02 -1.2049311E-02 -1.2755144E-02 -1.1783639E-02
     189.798 -1.3507640E-02 -1.2475923E-02 -1.3292222E-02 -1.2276959E-02
     189.998 -1.3901343E-02 -1.2836569E-02 -1.3772082E-02 -1.2717208E-02
     190.198 -1.4261801E-02 -1.3166350E-02 -1.4198262E-02 -1.3107692E-02
     190.398 -1.4618283E-02 -1.3492303E-02 -1.4573354E-02 -1.3450836E-02
     190.598 -1.4979263E-02 -1.3822250E-02 -1.4898435E-02 -1.3747665E-02
     190.798 -1.5328754E-02 -1.4141437E-02 -1.5173258E-02 -1.3997984E-02
     190.998 -1.5632999E-02 -1.4418737E-02 -1.5397091E-02 -1.4201153E-02
     191.198 -1.5855067E-02 -1.4620125E-02 -1.5569864E-02 -1.4357137E-02
     191.398 -1.5971367E-02 -1.4723907E-02 -1.5693091E-02 -1.4467366E-02
     191.598 -1.5983131E-02 -1.4731285E-02 -1.5770218E-02 -1.4535049E-02
     191.798 -1.5917755E-02 -1.4667573E-02 -1.5806146E-02 -1.4564730E-02
     191.998 -1.5819126E-02 -1.4573251E-02 -1.5806041E-02 -1.4561197E-02
     192.198 -1.5730617E-02 -1.4488288E-02 -1.5773813E-02 -1.4528073E-02
     192.398 -1.5677632E-02 -1.4436072E-02 -1.5710758E-02 -1.4466574E-02
     192.598 -1.5656867E-02 -1.4413535E-02 -1.5614908E-02 -1.4374908E-02
     192.798 -1.5636760E-02 -1.4391609E-02 -1.5481368E-02 -1.4248591E-02
     192.998 -1.5569083E-02 -1.4325916E-02 -1.5303647E-02 -1.4081675E-02
     193.198 -1.5407079E-02 -1.4173475E-02 -1.5075641E-02 -1.3868575E-02
     193.398 -1.5122996E-02 -1.3908823E-02 -1.4793693E-02 -1.3605959E-02
     193.598 -1.4718223E-02 -1.3533319E-02 -1.4458095E-02 -1.3294132E-02
     193.798 -1.4222366E-02 -1.3074256E-02 -1.4073589E-02 -1.2937489E-02
     193.998 -1.3682038E-02 -1.2574538E-02 -1.3648646E-02 -1.2543849E-02
     194.198 -1.3144227E-02 -1.2077367E-02 -1.3193781E-02 -1.2122899E-02
     194.398 -1.2640792E-02 -1.1612007E-02 -1.2719338E-02 -1.1684161E-02
     194.598 -1.2179923E-02 -1.1185960E-02 -1.2233437E-02 -1.1235106E-02
     194.798 -1.1747123E-02 -1.0785884E-02 -1.1740638E-02 -1.0779930E-02
     194.998 -1.1314336E-02 -1.0386010E-02 -1.1241629E-02 -1.0319268E-02
     195.198 -1.0852864E-02 -9.9599983E-03 -1.0733975E-02 -9.8508904E-03
     195.398 -1.0344529E-02 -9.4911919E-03 -1.0213535E-02 -9.3710038E-03
     195.598 -9.7870082E-03 -8.9774915E-03 -9.6761069E-03 -8.8757632E-03
     195.798 -9.1919441E-03 -8.4296062E-03 -9.1187063E-03 -8.3624424E-03
     195.998 -8.5776545E-03 -7.8643565E-03 -8.5401989E-03 -7.8300156E-03
     196.198 -7.9601960E-03 -7.2964734E-03 -7.9412109E-03 -7.2790712E-03
     196.398 -7.3467100E-03 -6.7325037E-03 -7.3234974E-03 -6.7112317E-03
     196.598 -6.7336272E-03 -6.1691753E-03 -6.6892263E-03 -6.1284963E-03
     196.798 -6.1098055E-03 -5.5962824E-03 -6.0404707E-03 -5.5327752E-03
     196.998 -5.4627781E-03 -5.0024167E-03 -5.3792318E-03 -4.9259111E-03
     197.198 -4.7851010E-03 -4.3807791E-03 -4.7078701E-03 -4.3100740E-03
     197.398 -4.0783156E-03 -3.7328015E-03 -4.0297599E-03 -3.6883594E-03
     197.598 -3.3532850E-03 -3.0684441E-03 -3.3497484E-03 -3.0652079E-03
     197.798 -2.6272417E-03 -2.4034845E-03 -2.6740391E-03 -2.4462963E-03
     197.998 -1.9191272E-03 -1.7552480E-03 -2.0094417E-03 -1.8378503E-03
     198.198 -1.2448687E-03 -1.1382865E-03 -1.3620268E-03 -1.2454138E-03
     198.398 -6.1398127E-04 -5.6127582E-04 -7.3569072E-04 -6.7253746E-04
     198.598 -2.7877050E-05 -2.5477750E-05 -1.3105352E-04 -1.1977411E-04
     198.798  5.2015416E-04  4.7526875E-04  4.5477611E-04  4.1553234E-04
     198.998  1.0436375E-03  9.5334401E-04  1.0273990E-03  9.3851051E-04
     199.198  1.5604586E-03  1.4250986E-03  1.5934606E-03  1.4552379E-03
     199.398  2.0892093E-03  1.9075115E-03  2.1585207E-03  1.9707949E-03
     199.598  2.6446078E-03  2.4140092E-03  2.7251970E-03  2.4875713E-03
     199.798  3.2326987E-03  2.9500895E-03  3.2921223E-03  3.0043181E-03
     199.998  3.8473042E-03  3.5100934E-03  3.8541075E-03  3.5163004E-03
