 # k       S(k)       S(k)_form^2       S(k)_Lorch          S(k)_Lorch_form^2
    0.200000  1.5992467E+00  1.5564482E+00  1.5899901E-02  1.5474393E-02
    0.400000  1.5711775E+00  1.5291213E+00  1.1832029E-02  1.1515317E-02
    0.600000  1.5249961E+00  1.4841619E+00  5.0862966E-03  4.9501030E-03
    0.800000  1.4615873E+00  1.4224320E+00 -4.2865852E-03 -4.1717493E-03
    1.000000  1.3821577E+00  1.3451071E+00 -1.6216359E-02 -1.5781658E-02
    1.200000  1.2882044E+00  1.2536460E+00 -3.0613930E-02 -2.9792656E-02
    1.400000  1.1814771E+00  1.1497533E+00 -4.7372244E-02 -4.6100251E-02
    1.600000  1.0639334E+00  1.0353360E+00 -6.6367310E-02 -6.4583424E-02
    1.800000  9.3768933E-01  9.1245545E-01 -8.7459337E-02 -8.5105744E-02
    2.000000  8.0496672E-01  7.8327595E-01 -1.1049396E-01 -1.0751657E-01
    2.200000  6.6803836E-01  6.5001106E-01 -1.3530350E-01 -1.3165228E-01
    2.400000  5.2917279E-01  5.1487007E-01 -1.6170831E-01 -1.5733759E-01
    2.600000  3.9058045E-01  3.8000537E-01 -1.8951801E-01 -1.8438676E-01
    2.800000  2.5436235E-01  2.4746254E-01 -2.1853278E-01 -2.1260488E-01
    3.000000  1.2246305E-01  1.1913446E-01 -2.4854458E-01 -2.4178905E-01
    3.200000 -3.3710718E-03 -3.2792484E-03 -2.7933823E-01 -2.7172944E-01
    3.400000 -1.2162691E-01 -1.1830640E-01 -3.1069251E-01 -3.0221037E-01
    3.600000 -2.3105234E-01 -2.2472918E-01 -3.4238106E-01 -3.3301120E-01
    3.800000 -3.3067576E-01 -3.2160313E-01 -3.7417325E-01 -3.6390719E-01
    4.000000 -4.1981713E-01 -4.0826779E-01 -4.0583495E-01 -3.9467026E-01
    4.200000 -4.9809024E-01 -4.8434887E-01 -4.3712919E-01 -4.2506962E-01
    4.400000 -5.6539642E-01 -5.4975204E-01 -4.6781681E-01 -4.5487244E-01
    4.600000 -6.2191001E-01 -6.0464868E-01 -4.9765708E-01 -4.8384444E-01
    4.800000 -6.6805616E-01 -6.4945420E-01 -5.2640823E-01 -5.1175044E-01
    5.000000 -7.0448188E-01 -6.8479974E-01 -5.5382811E-01 -5.3835501E-01
    5.200000 -7.3202128E-01 -7.1149830E-01 -5.7967488E-01 -5.6342309E-01
    5.400001 -7.5165630E-01 -7.3050645E-01 -6.0370787E-01 -5.8672095E-01
    5.600001 -7.6447384E-01 -7.4288256E-01 -6.2568805E-01 -6.0801654E-01
    5.800001 -7.7162189E-01 -7.4974404E-01 -6.4537978E-01 -6.2708129E-01
    6.000001 -7.7426421E-01 -7.5222330E-01 -6.6255162E-01 -6.4369082E-01
    6.200001 -7.7353669E-01 -7.5142524E-01 -6.7697788E-01 -6.5762656E-01
    6.400000 -7.7050587E-01 -7.4838698E-01 -6.8844029E-01 -6.6867725E-01
    6.600000 -7.6613117E-01 -7.4404112E-01 -6.9673010E-01 -6.7664111E-01
    6.800000 -7.6123202E-01 -7.3918393E-01 -7.0164991E-01 -6.8132753E-01
    6.999999 -7.5646077E-01 -7.3444901E-01 -7.0301625E-01 -6.8255964E-01
    7.199999 -7.5228212E-01 -7.3028748E-01 -7.0066212E-01 -6.8017670E-01
    7.399999 -7.4895995E-01 -7.2695525E-01 -6.9443960E-01 -6.7403672E-01
    7.599998 -7.4655147E-01 -7.2450749E-01 -6.8422285E-01 -6.6401929E-01
    7.799998 -7.4490899E-01 -7.2280053E-01 -6.6991071E-01 -6.5002816E-01
    7.999998 -7.4368929E-01 -7.2150104E-01 -6.5142999E-01 -6.3199432E-01
    8.199997 -7.4236993E-01 -7.2010204E-01 -6.2873815E-01 -6.0987873E-01
    8.399997 -7.4027200E-01 -7.1794517E-01 -6.0182569E-01 -5.8367445E-01
    8.599997 -7.3658863E-01 -7.1424841E-01 -5.7071926E-01 -5.5340975E-01
    8.799996 -7.3041809E-01 -7.0813840E-01 -5.3548367E-01 -5.1915000E-01
    8.999996 -7.2080035E-01 -6.9868592E-01 -4.9622312E-01 -4.8099880E-01
    9.199996 -7.0675620E-01 -6.8494393E-01 -4.5308369E-01 -4.3910039E-01
    9.399995 -6.8732730E-01 -6.6598644E-01 -4.0625382E-01 -3.9364002E-01
    9.599995 -6.6161546E-01 -6.4094657E-01 -3.5596387E-01 -3.4484355E-01
    9.799995 -6.2882138E-01 -6.0905411E-01 -3.0248727E-01 -2.9297845E-01
    9.999994 -5.8827988E-01 -5.6966949E-01 -2.4613895E-01 -2.3835228E-01
   10.199994 -5.3949052E-01 -5.2231339E-01 -1.8727283E-01 -1.8131015E-01
   10.399994 -4.8214524E-01 -4.6669331E-01 -1.2628118E-01 -1.2223408E-01
   10.599993 -4.1614860E-01 -4.0272303E-01 -6.3590794E-02 -6.1539259E-02
   10.799993 -3.4163085E-01 -3.3053496E-01  3.4168850E-04  3.3059074E-04
   10.999992 -2.5895757E-01 -2.5048932E-01  6.5031957E-02  6.2905328E-02
   11.199992 -1.6872694E-01 -1.6317112E-01  1.2997554E-01  1.2569572E-01
   11.399992 -7.1765538E-02 -6.9385868E-02  1.9465107E-01  1.8819665E-01
   11.599991  3.0886700E-02  2.9855255E-02  2.5852723E-01  2.4989385E-01
   11.799991  1.3799858E-01  1.3335707E-01  3.2107007E-01  3.1027106E-01
   11.999991  2.4817092E-01  2.3976317E-01  3.8174767E-01  3.6881450E-01
   12.199990  3.5986950E-01  3.4758798E-01  4.4003798E-01  4.2502050E-01
   12.399990  4.7146247E-01  4.5525312E-01  4.9543643E-01  4.7840284E-01
   12.599990  5.8125574E-01  5.6112181E-01  5.4746091E-01  5.2849759E-01
   12.799990  6.8753603E-01  6.6354050E-01  5.9565950E-01  5.7487053E-01
   12.999991  7.8861234E-01  7.6087903E-01  6.3961658E-01  6.1712304E-01
   13.199991  8.8285514E-01  8.5156846E-01  6.7895772E-01  6.5489677E-01
   13.399991  9.6873898E-01  9.3414219E-01  7.1335618E-01  6.8787993E-01
   13.599992  1.0448777E+00  1.0072698E+00  7.4253670E-01  7.1581079E-01
   13.799992  1.1100568E+00  1.0697879E+00  7.6627894E-01  7.3848104E-01
   13.999993  1.1632642E+00  1.1207300E+00  7.8442139E-01  7.5573941E-01
   14.199993  1.2037112E+00  1.1593463E+00  7.9686250E-01  7.6749274E-01
   14.399993  1.2308516E+00  1.1851215E+00  8.0356253E-01  7.7370762E-01
   14.599994  1.2443913E+00  1.1977841E+00  8.0454334E-01  7.7441013E-01
   14.799994  1.2442933E+00  1.1973106E+00  7.9988772E-01  7.6968514E-01
   14.999995  1.2307749E+00  1.1839226E+00  7.8973768E-01  7.5967448E-01
   15.199995  1.2042999E+00  1.1580787E+00  7.7429202E-01  7.4457456E-01
   15.399995  1.1655628E+00  1.1204591E+00  7.5380254E-01  7.2463265E-01
   15.599996  1.1154692E+00  1.0719461E+00  7.2856989E-01  7.0014272E-01
   15.799996  1.0551109E+00  1.0136003E+00  6.9893903E-01  6.7144108E-01
   15.999997  9.8573560E-01  9.4663057E-01  6.6529281E-01  6.3890003E-01
   16.199997  9.0871640E-01  8.7236484E-01  6.2804702E-01  6.0292313E-01
   16.399997  8.2551514E-01  7.9221452E-01  5.8764286E-01  5.6393782E-01
   16.599998  7.3764748E-01  7.0764082E-01  5.4454069E-01  5.2238939E-01
   16.799998  6.4664837E-01  6.2012147E-01  4.9921388E-01  4.7873507E-01
   16.999999  5.5403372E-01  5.3111393E-01  4.5214051E-01  4.3343594E-01
   17.199999  4.6127060E-01  4.4202675E-01  4.0379839E-01  3.8695224E-01
   17.399999  3.6974306E-01  3.5418690E-01  3.5465702E-01  3.3973558E-01
   17.600000  2.8072605E-01  2.6881488E-01  3.0517213E-01  2.9222371E-01
   17.800000  1.9536312E-01  1.8700350E-01  2.5578077E-01  2.4483588E-01
   18.000001  1.1464423E-01  1.0969692E-01  2.0689449E-01  1.9796626E-01
   18.200001  3.9394873E-02  3.7680405E-02  1.5889673E-01  1.5198153E-01
   18.400002 -2.9736420E-02 -2.8431300E-02  1.1213709E-01  1.0721544E-01
   18.600002 -9.2279311E-02 -8.8194836E-02  6.6930120E-02  6.3967653E-02
   18.800002 -1.4794339E-01 -1.4133959E-01  2.3551273E-02  2.2500006E-02
   19.000003 -1.9661156E-01 -1.8776100E-01 -1.7763912E-02 -1.6964261E-02
   19.200003 -2.3832964E-01 -2.2751038E-01 -5.6820096E-02 -5.4240680E-02
   19.400004 -2.7329440E-01 -2.6078312E-01 -9.3463663E-02 -8.9184943E-02
   19.600004 -3.0183498E-01 -2.8790068E-01 -1.2758056E-01 -1.2169076E-01
   19.800004 -3.2439475E-01 -3.0929305E-01 -1.5909635E-01 -1.5168986E-01
   20.000005 -3.4150922E-01 -3.2547744E-01 -1.8797376E-01 -1.7914954E-01
   20.200005 -3.5378339E-01 -3.3703650E-01 -2.1420996E-01 -2.0407000E-01
   20.400006 -3.6186931E-01 -3.4459682E-01 -2.3783466E-01 -2.2648251E-01
   20.600006 -3.6644284E-01 -3.4880668E-01 -2.5890591E-01 -2.4644529E-01
   20.800006 -3.6818221E-01 -3.5031558E-01 -2.7750748E-01 -2.6404099E-01
   21.000007 -3.6774756E-01 -3.4975480E-01 -2.9374480E-01 -2.7937276E-01
   21.200007 -3.6576294E-01 -3.4772023E-01 -3.0774097E-01 -2.9256042E-01
   21.400008 -3.6280051E-01 -3.4475752E-01 -3.1963356E-01 -3.0373736E-01
   21.600008 -3.5936786E-01 -3.4135003E-01 -3.2957027E-01 -3.1304642E-01
   21.800008 -3.5589815E-01 -3.3790967E-01 -3.3770584E-01 -3.2063687E-01
   22.000009 -3.5274358E-01 -3.3477077E-01 -3.4419837E-01 -3.2666095E-01
   22.200009 -3.5017206E-01 -3.3218717E-01 -3.4920616E-01 -3.3127088E-01
   22.400010 -3.4836686E-01 -3.3033198E-01 -3.5288506E-01 -3.3461627E-01
   22.600010 -3.4742929E-01 -3.2930032E-01 -3.5538579E-01 -3.3684165E-01
   22.800010 -3.4738390E-01 -3.2911443E-01 -3.5685194E-01 -3.3808453E-01
   23.000011 -3.4818604E-01 -3.2973097E-01 -3.5741812E-01 -3.3847371E-01
   23.200011 -3.4973122E-01 -3.3105002E-01 -3.5720863E-01 -3.3812802E-01
   23.400012 -3.5186596E-01 -3.3292548E-01 -3.5633649E-01 -3.3715537E-01
   23.600012 -3.5439947E-01 -3.3517623E-01 -3.5490282E-01 -3.3565228E-01
   23.800012 -3.5711600E-01 -3.3759784E-01 -3.5299655E-01 -3.3370354E-01
   24.000013 -3.5978699E-01 -3.3997417E-01 -3.5069447E-01 -3.3138236E-01
   24.200013 -3.6218288E-01 -3.4208850E-01 -3.4806161E-01 -3.2875069E-01
   24.400014 -3.6408418E-01 -3.4373397E-01 -3.4515175E-01 -3.2585976E-01
   24.600014 -3.6529110E-01 -3.4472273E-01 -3.4200830E-01 -3.2275091E-01
   24.800014 -3.6563198E-01 -3.4489375E-01 -3.3866512E-01 -3.1945641E-01
   25.000015 -3.6496987E-01 -3.4411901E-01 -3.3514766E-01 -3.1600055E-01
   25.200015 -3.6320727E-01 -3.4230792E-01 -3.3147413E-01 -3.1240074E-01
   25.400016 -3.6028900E-01 -3.3940988E-01 -3.2765655E-01 -3.0866852E-01
   25.600016 -3.5620318E-01 -3.3541518E-01 -3.2370204E-01 -3.0481081E-01
   25.800017 -3.5098023E-01 -3.3035390E-01 -3.1961381E-01 -3.0083082E-01
   26.000017 -3.4469038E-01 -3.2429354E-01 -3.1539236E-01 -2.9672921E-01
   26.200017 -3.3743942E-01 -3.1733490E-01 -3.1103629E-01 -2.9250486E-01
   26.400018 -3.2936328E-01 -3.0960696E-01 -3.0654322E-01 -2.8815572E-01
   26.600018 -3.2062183E-01 -3.0126090E-01 -3.0191058E-01 -2.8367954E-01
   26.800019 -3.1139138E-01 -2.9246315E-01 -2.9713601E-01 -2.7907430E-01
   27.000019 -3.0185759E-01 -2.8338856E-01 -2.9221804E-01 -2.7433881E-01
   27.200019 -2.9220748E-01 -2.7421301E-01 -2.8715619E-01 -2.6947278E-01
   27.400020 -2.8262225E-01 -2.6510655E-01 -2.8195128E-01 -2.6447716E-01
   27.600020 -2.7327049E-01 -2.5622718E-01 -2.7660550E-01 -2.5935419E-01
   27.800021 -2.6430173E-01 -2.4771473E-01 -2.7112229E-01 -2.5410724E-01
   28.000021 -2.5584164E-01 -2.3968645E-01 -2.6550635E-01 -2.4874088E-01
   28.200021 -2.4798762E-01 -2.3223294E-01 -2.5976330E-01 -2.4326051E-01
   28.400022 -2.4080614E-01 -2.2541568E-01 -2.5389951E-01 -2.3767223E-01
   28.600022 -2.3433128E-01 -2.1926576E-01 -2.4792192E-01 -2.3198264E-01
   28.800023 -2.2856429E-01 -2.1378352E-01 -2.4183752E-01 -2.2619840E-01
   29.000023 -2.2347487E-01 -2.0893981E-01 -2.3565337E-01 -2.2032620E-01
   29.200023 -2.1900323E-01 -2.0467796E-01 -2.2937605E-01 -2.1437229E-01
   29.400024 -2.1506341E-01 -2.0091698E-01 -2.2301161E-01 -2.0834236E-01
   29.600024 -2.1154758E-01 -1.9755555E-01 -2.1656542E-01 -2.0224150E-01
   29.800025 -2.0833077E-01 -1.9447654E-01 -2.1004187E-01 -1.9607385E-01
   30.000025 -2.0527635E-01 -1.9155214E-01 -2.0344455E-01 -1.8984281E-01
   30.200025 -2.0224168E-01 -1.8864909E-01 -1.9677603E-01 -1.8355078E-01
   30.400026 -1.9908375E-01 -1.8563402E-01 -1.9003803E-01 -1.7719941E-01
   30.600026 -1.9566485E-01 -1.8237868E-01 -1.8323162E-01 -1.7078970E-01
   30.800027 -1.9185760E-01 -1.7876464E-01 -1.7635725E-01 -1.6432208E-01
   31.000027 -1.8754971E-01 -1.7468767E-01 -1.6941515E-01 -1.5779677E-01
   31.200027 -1.8264779E-01 -1.7006129E-01 -1.6240547E-01 -1.5121390E-01
   31.400028 -1.7708047E-01 -1.6481963E-01 -1.5532861E-01 -1.4457384E-01
   31.600028 -1.7080073E-01 -1.5891952E-01 -1.4818568E-01 -1.3787761E-01
   31.800029 -1.6378685E-01 -1.5234139E-01 -1.4097859E-01 -1.3112697E-01
   32.000029 -1.5604297E-01 -1.4508971E-01 -1.3371064E-01 -1.2432497E-01
   32.200029 -1.4759814E-01 -1.3719207E-01 -1.2638660E-01 -1.1747600E-01
   32.400030 -1.3850489E-01 -1.2869781E-01 -1.1901307E-01 -1.1058615E-01
   32.600030 -1.2883694E-01 -1.1967590E-01 -1.1159884E-01 -1.0366353E-01
   32.800031 -1.1868594E-01 -1.1021182E-01 -1.0415481E-01 -9.6718209E-02
   33.000031 -1.0815826E-01 -1.0040459E-01 -9.6694484E-02 -8.9762630E-02
   33.200032 -9.7370643E-02 -9.0362720E-02 -8.9233673E-02 -8.2811382E-02
   33.400032 -8.6446527E-02 -8.0200796E-02 -8.1790870E-02 -7.5881508E-02
   33.600032 -7.5511474E-02 -7.0035212E-02 -7.4386924E-02 -6.8992217E-02
   33.800033 -6.4689270E-02 -5.9980583E-02 -6.7045052E-02 -6.2164889E-02
   34.000033 -5.4098299E-02 -5.0146377E-02 -5.9790779E-02 -5.5423017E-02
   34.200034 -4.3847771E-02 -4.0633444E-02 -5.2651462E-02 -4.8791766E-02
   34.400034 -3.4035275E-02 -3.1531759E-02 -4.5656303E-02 -4.2297984E-02
   34.600034 -2.4744133E-02 -2.2918000E-02 -3.8835780E-02 -3.5969674E-02
   34.800035 -1.6041968E-02 -1.4854239E-02 -3.2221401E-02 -2.9835764E-02
   35.000035 -7.9799097E-03 -7.3872327E-03 -2.5845413E-02 -2.3925845E-02
   35.200036 -5.9209077E-04 -5.4798159E-04 -1.9740167E-02 -1.8269578E-02
   35.400036  6.1035558E-03  5.6475141E-03 -1.3937956E-02 -1.2896548E-02
   35.600036  1.2104466E-02  1.1197463E-02 -8.4703701E-03 -7.8356747E-03
   35.800037  1.7421665E-02  1.6112621E-02 -3.3679848E-03 -3.1149183E-03
   36.000037  2.2077591E-02  2.0414261E-02  1.3399781E-03  1.2390239E-03
   36.200038  2.6103810E-02  2.4132055E-02  5.6262079E-03  5.2012315E-03
   36.400038  2.9538137E-02  2.7301401E-02  9.4654755E-03  8.7487151E-03
   36.600038  3.2421991E-02  2.9960977E-02  1.2835116E-02  1.1860858E-02
   36.800039  3.4797549E-02  3.2150109E-02  1.5715248E-02  1.4519612E-02
   37.000039  3.6705090E-02  3.3906320E-02  1.8088988E-02  1.6709699E-02
   37.200040  3.8180702E-02  3.5263219E-02  1.9942763E-02  1.8418886E-02
   37.400040  3.9254188E-02  3.6248566E-02  2.1266382E-02  1.9638053E-02
   37.600040  3.9947532E-02  3.6882870E-02  2.2053235E-02  2.0361373E-02
   37.800041  4.0273784E-02  3.7178366E-02  2.2300338E-02  2.0586347E-02
   38.000041  4.0236512E-02  3.7138507E-02  2.2008385E-02  2.0313853E-02
   38.200042  3.9829796E-02  3.6757982E-02  2.1181757E-02  1.9548145E-02
   38.400042  3.9038771E-02  3.6023208E-02  1.9828497E-02  1.8296839E-02
   38.600042  3.7840661E-02  3.4913297E-02  1.7960231E-02  1.6570822E-02
   38.800043  3.6206282E-02  3.3401441E-02  1.5592060E-02  1.4384169E-02
   39.000043  3.4101968E-02  3.1456696E-02  1.2742494E-02  1.1754065E-02
   39.200044  3.1491701E-02  2.9045938E-02  9.4332050E-03  8.7005873E-03
   39.400044  2.8339599E-02  2.6136168E-02  5.6889702E-03  5.2466472E-03
   39.600044  2.4612334E-02  2.2696724E-02  1.5373701E-03  1.4177146E-03
   39.800045  2.0281646E-02  1.8701612E-02 -2.9913814E-03 -2.7583389E-03
   40.000045  1.5326810E-02  1.4131764E-02 -7.8645838E-03 -7.2513746E-03
   40.200046  9.7366320E-03  8.9768794E-03 -1.3047451E-02 -1.2029354E-02
   40.400046  3.5115075E-03  3.2373195E-03 -1.8503164E-02 -1.7058388E-02
   40.600047 -3.3353356E-03 -3.0747523E-03 -2.4193338E-02 -2.2303160E-02
   40.800047 -1.0776573E-02 -9.9342065E-03 -3.0078066E-02 -2.7726972E-02
   41.000047 -1.8770496E-02 -1.7302685E-02 -3.6116393E-02 -3.3292171E-02
   41.200048 -2.7260932E-02 -2.5128522E-02 -4.2266508E-02 -3.8960329E-02
   41.400048 -3.6177632E-02 -3.3347108E-02 -4.8485929E-02 -4.4692409E-02
   41.600049 -4.5437625E-02 -4.1882128E-02 -5.4732007E-02 -5.0449224E-02
   41.800049 -5.4946395E-02 -5.0646644E-02 -6.0961961E-02 -5.6191470E-02
   42.000049 -6.4600151E-02 -5.9545180E-02 -6.7133383E-02 -6.1880186E-02
   42.200050 -7.4288005E-02 -6.8475726E-02 -7.3204423E-02 -6.7476924E-02
   42.400050 -8.3894418E-02 -7.7331981E-02 -7.9133982E-02 -7.2943919E-02
   42.600051 -9.3302308E-02 -8.6006211E-02 -8.4882191E-02 -7.8244534E-02
   42.800051 -1.0239553E-01 -9.4391528E-02 -9.0410442E-02 -8.3343281E-02
   43.000051 -1.1106207E-01 -1.0238481E-01 -9.5681842E-02 -8.8206242E-02
   43.200052 -1.1919659E-01 -1.0988909E-01 -1.0066136E-01 -9.2801196E-02
   43.400052 -1.2670288E-01 -1.1681575E-01 -1.0531599E-01 -9.7097767E-02
   43.600053 -1.3349636E-01 -1.2308685E-01 -1.0961511E-01 -1.0106776E-01
   43.800053 -1.3950565E-01 -1.2863658E-01 -1.1353047E-01 -1.0468516E-01
   44.000053 -1.4467422E-01 -1.3341277E-01 -1.1703655E-01 -1.0792642E-01
   44.200054 -1.4896127E-01 -1.3737772E-01 -1.2011057E-01 -1.1077051E-01
   44.400054 -1.5234217E-01 -1.4050857E-01 -1.2273258E-01 -1.1319898E-01
   44.600055 -1.5480851E-01 -1.4279739E-01 -1.2488563E-01 -1.1519614E-01
   44.800055 -1.5636744E-01 -1.4425059E-01 -1.2655571E-01 -1.1674896E-01
   45.000055 -1.5704080E-01 -1.4488806E-01 -1.2773185E-01 -1.1784720E-01
   45.200056 -1.5686361E-01 -1.4474184E-01 -1.2840604E-01 -1.1848335E-01
   45.400056 -1.5588230E-01 -1.4385450E-01 -1.2857321E-01 -1.1865256E-01
   45.600057 -1.5415263E-01 -1.4227718E-01 -1.2823114E-01 -1.1835260E-01
   45.800057 -1.5173739E-01 -1.4006753E-01 -1.2738038E-01 -1.1758377E-01
   46.000057 -1.4870397E-01 -1.3728744E-01 -1.2602409E-01 -1.1634878E-01
   46.200058 -1.4512187E-01 -1.3400078E-01 -1.2416788E-01 -1.1465256E-01
   46.400058 -1.4106037E-01 -1.3027123E-01 -1.2181969E-01 -1.1250219E-01
   46.600059 -1.3658612E-01 -1.2616005E-01 -1.1898953E-01 -1.0990667E-01
   46.800059 -1.3176124E-01 -1.2172435E-01 -1.1568937E-01 -1.0687675E-01
   47.000059 -1.2664136E-01 -1.1701528E-01 -1.1193285E-01 -1.0342477E-01
   47.200060 -1.2127427E-01 -1.1207675E-01 -1.0773509E-01 -9.9564394E-02
   47.400060 -1.1569888E-01 -1.0694451E-01 -1.0311258E-01 -9.5310556E-02
   47.600061 -1.0994445E-01 -1.0164540E-01 -9.8082798E-02 -9.0679108E-02
   47.800061 -1.0403049E-01 -9.6197245E-02 -9.2664209E-02 -8.5686818E-02
   48.000062 -9.7966742E-02 -9.0608879E-02 -8.6875893E-02 -8.0351017E-02
   48.200062 -9.1753980E-02 -8.4880821E-02 -8.0737586E-02 -7.4689649E-02
   48.400062 -8.5384724E-02 -7.9005955E-02 -7.4269330E-02 -6.8720950E-02
   48.600063 -7.8844561E-02 -7.2970742E-02 -6.7491430E-02 -6.2463404E-02
   48.800063 -7.2113755E-02 -6.6756698E-02 -6.0424442E-02 -5.5935740E-02
   49.000064 -6.5168696E-02 -6.0341733E-02 -5.3088856E-02 -4.9156632E-02
   49.200064 -5.7983981E-02 -5.3702073E-02 -4.5505298E-02 -4.2144896E-02
   49.400064 -5.0534026E-02 -4.6813748E-02 -3.7694237E-02 -3.4919215E-02
   49.600065 -4.2794992E-02 -3.9654376E-02 -2.9676057E-02 -2.7498207E-02
   49.800065 -3.4746626E-02 -3.2204874E-02 -2.1471175E-02 -1.9900535E-02
   50.000066 -2.6373552E-02 -2.4450653E-02 -1.3099754E-02 -1.2144649E-02
   50.200063 -1.7667060E-02 -1.6383286E-02 -4.5821868E-03 -4.2492231E-03
   50.400060 -8.6254910E-03 -8.0008748E-03  4.0615617E-03  3.7674431E-03
   50.600058  7.4450184E-04  6.9077765E-04  1.2811415E-02  1.1886928E-02
   50.800055  1.0427506E-02  9.6777347E-03  2.1647143E-02  2.0090643E-02
   51.000053  2.0399593E-02  1.8938143E-02  3.0548628E-02  2.8360089E-02
   51.200050  3.0628184E-02  2.8442093E-02  3.9495485E-02  3.6676489E-02
   51.400048  4.1073020E-02  3.8152513E-02  4.8467381E-02  4.5021096E-02
   51.600045  5.1686626E-02  4.8025578E-02  5.7443667E-02  5.3374839E-02
   51.800042  6.2415790E-02  5.8012087E-02  6.6403674E-02  6.1718608E-02
   52.000040  7.3202747E-02  6.8058538E-02  7.5326582E-02  7.0033123E-02
   52.200037  8.3986493E-02  7.8108354E-02  8.4191304E-02  7.8298831E-02
   52.400035  9.4704737E-02  8.8103686E-02  9.2976827E-02  8.6496214E-02
   52.600032  1.0529509E-01  9.7986513E-02  1.0166190E-01  9.4605505E-02
   52.800030  1.1569704E-01  1.0770050E-01  1.1022543E-01  1.0260707E-01
   53.000027  1.2585307E-01  1.1719200E-01  1.1864624E-01  1.1048113E-01
   53.200024  1.3571032E-01  1.2641163E-01  1.2690341E-01  1.1820816E-01
   53.400022  1.4522161E-01  1.3531524E-01  1.3497627E-01  1.2576880E-01
   53.600019  1.5434622E-01  1.4386463E-01  1.4284438E-01  1.3314388E-01
   53.800017  1.6305086E-01  1.5202847E-01  1.5048789E-01  1.4031477E-01
   54.000014  1.7130976E-01  1.5978239E-01  1.5788738E-01  1.4726319E-01
   54.200011  1.7910504E-01  1.6710931E-01  1.6502421E-01  1.5397156E-01
   54.400009  1.8642638E-01  1.7399925E-01  1.7188054E-01  1.6042303E-01
   54.600006  1.9327054E-01  1.8044873E-01  1.7843933E-01  1.6660144E-01
   54.800004  1.9964090E-01  1.8646050E-01  1.8468467E-01  1.7249169E-01
   55.000001  2.0554631E-01  1.9204239E-01  1.9060163E-01  1.7807954E-01
   55.199999  2.1100030E-01  1.9720661E-01  1.9617659E-01  1.8335197E-01
   55.399996  2.1601969E-01  2.0196847E-01  2.0139708E-01  1.8829700E-01
   55.599993  2.2062357E-01  2.0634540E-01  2.0625205E-01  1.9290396E-01
   55.799991  2.2483193E-01  2.1035570E-01  2.1073180E-01  1.9716343E-01
   55.999988  2.2866446E-01  2.1401740E-01  2.1482800E-01  2.0106723E-01
   56.199986  2.3213952E-01  2.1734733E-01  2.1853380E-01  2.0460858E-01
   56.399983  2.3527304E-01  2.2036003E-01  2.2184375E-01  2.0778196E-01
   56.599981  2.3807781E-01  2.2306714E-01  2.2475385E-01  2.1058325E-01
   56.799978  2.4056273E-01  2.2547667E-01  2.2726149E-01  2.1300956E-01
   56.999975  2.4273255E-01  2.2759272E-01  2.2936543E-01  2.1505934E-01
   57.199973  2.4458760E-01  2.2941528E-01  2.3106578E-01  2.1673225E-01
   57.399970  2.4612386E-01  2.3094023E-01  2.3236389E-01  2.1802913E-01
   57.599968  2.4733328E-01  2.3215969E-01  2.3326233E-01  2.1895198E-01
   57.799965  2.4820426E-01  2.3306240E-01  2.3376482E-01  2.1950385E-01
   57.999963  2.4872234E-01  2.3363441E-01  2.3387614E-01  2.1968881E-01
   58.199960  2.4887102E-01  2.3385984E-01  2.3360205E-01  2.1951185E-01
   58.399957  2.4863274E-01  2.3372178E-01  2.3294923E-01  2.1897884E-01
   58.599955  2.4798985E-01  2.3320320E-01  2.3192519E-01  2.1809641E-01
   58.799952  2.4692571E-01  2.3228802E-01  2.3053819E-01  2.1687194E-01
   58.999950  2.4542570E-01  2.3096201E-01  2.2879715E-01  2.1531344E-01
   59.199947  2.4347818E-01  2.2921375E-01  2.2671163E-01  2.1342949E-01
   59.399945  2.4107535E-01  2.2703541E-01  2.2429168E-01  2.1122920E-01
   59.599942  2.3821403E-01  2.2442349E-01  2.2154782E-01  2.0872211E-01
   59.799939  2.3489612E-01  2.2137929E-01  2.1849099E-01  2.0591817E-01
   59.999937  2.3112904E-01  2.1790931E-01  2.1513241E-01  2.0282762E-01
   60.199934  2.2692586E-01  2.1402539E-01  2.1148365E-01  1.9946105E-01
   60.399932  2.2230518E-01  2.0974462E-01  2.0755646E-01  1.9582922E-01
   60.599929  2.1729098E-01  2.0508917E-01  2.0336281E-01  1.9194312E-01
   60.799927  2.1191196E-01  2.0008572E-01  1.9891475E-01  1.8781385E-01
   60.999924  2.0620106E-01  1.9476500E-01  1.9422449E-01  1.8345267E-01
   61.199921  2.0019448E-01  1.8916087E-01  1.8930426E-01  1.7887085E-01
   61.399919  1.9393081E-01  1.8330947E-01  1.8416626E-01  1.7407971E-01
   61.599916  1.8745003E-01  1.7724835E-01  1.7882277E-01  1.6909063E-01
   61.799914  1.8079227E-01  1.7101526E-01  1.7328593E-01  1.6391485E-01
   61.999911  1.7399696E-01  1.6464729E-01  1.6756787E-01  1.5856366E-01
   62.199908  1.6710152E-01  1.5817975E-01  1.6168054E-01  1.5304821E-01
   62.399906  1.6014047E-01  1.5164522E-01  1.5563576E-01  1.4737949E-01
   62.599903  1.5314471E-01  1.4507293E-01  1.4944524E-01  1.4156845E-01
   62.799901  1.4614052E-01  1.3848773E-01  1.4312041E-01  1.3562577E-01
   62.999898  1.3914931E-01  1.3190994E-01  1.3667258E-01  1.2956206E-01
   63.199896  1.3218695E-01  1.2535462E-01  1.3011271E-01  1.2338759E-01
   63.399893  1.2526392E-01  1.1883177E-01  1.2345165E-01  1.1711255E-01
   63.599890  1.1838514E-01  1.1234609E-01  1.1669987E-01  1.1074679E-01
   63.799888  1.1155026E-01  1.0589733E-01  1.0986757E-01  1.0429991E-01
   63.999885  1.0475429E-01  9.9480810E-02  1.0296478E-01  9.7781386E-02
   64.199883  9.7987927E-02  9.3087752E-02  9.6001096E-02  9.1200279E-02
   64.399880  9.1238632E-02  8.6706283E-02  8.8985993E-02  8.4565545E-02
   64.599878  8.4491212E-02  8.0322001E-02  8.1928516E-02  7.7885761E-02
   64.799875  7.7729068E-02  7.3919147E-02  7.4837596E-02  7.1169401E-02
   64.999872  7.0934965E-02  6.7481334E-02  6.7721807E-02  6.4424616E-02
   65.199870  6.4092139E-02  6.0992604E-02  6.0589493E-02  5.7659348E-02
   65.399867  5.7185372E-02  5.4438449E-02  5.3448897E-02  5.0881457E-02
   65.599865  5.0201655E-02  4.7806448E-02  4.6307932E-02  4.4098501E-02
   65.799862  4.3131257E-02  4.1087284E-02  3.9174495E-02  3.7318031E-02
   65.999860  3.5968101E-02  3.4275117E-02  3.2056206E-02  3.0547351E-02
   66.199857  2.8710552E-02  2.7368330E-02  2.4960724E-02  2.3793807E-02
   66.399854  2.1361481E-02  2.0369606E-02  1.7895520E-02  1.7064579E-02
   66.599852  1.3928513E-02  1.3286167E-02  1.0868012E-02  1.0366808E-02
   66.799849  6.4240835E-03  6.1298379E-03  3.8856935E-03  3.7077151E-03
   66.999847 -1.1350599E-03 -1.0834244E-03 -3.0440894E-03 -2.9056094E-03
   67.199844 -8.7279685E-03 -8.3336288E-03 -9.9138454E-03 -9.4659265E-03
   67.399842 -1.6330360E-02 -1.5597573E-02 -1.6716200E-02 -1.5966099E-02
   67.599839 -2.3915010E-02 -2.2849212E-02 -2.3443611E-02 -2.2398822E-02
   67.799836 -3.1452815E-02 -3.0060672E-02 -3.0088609E-02 -2.8756847E-02
   67.999834 -3.8913545E-02 -3.7202965E-02 -3.6643689E-02 -3.5032889E-02
   68.199831 -4.6266629E-02 -4.4246742E-02 -4.3101229E-02 -4.1219536E-02
   68.399829 -5.3482319E-02 -5.1163402E-02 -4.9453724E-02 -4.7309482E-02
   68.599826 -6.0532253E-02 -5.7925640E-02 -5.5693551E-02 -5.3295300E-02
   68.799824 -6.7390545E-02 -6.4508485E-02 -6.1813244E-02 -5.9169706E-02
   68.999821 -7.4034192E-02 -7.0889698E-02 -6.7805273E-02 -6.4925343E-02
   69.199818 -8.0443892E-02 -7.7050561E-02 -7.3662289E-02 -7.0555024E-02
   69.399816 -8.6604360E-02 -8.2976185E-02 -7.9377066E-02 -7.6051670E-02
   69.599813 -9.2504513E-02 -8.8655693E-02 -8.4942455E-02 -8.1408268E-02
   69.799811 -9.8137781E-02 -9.4082522E-02 -9.0351618E-02 -8.6618100E-02
   69.999808 -1.0350181E-01 -9.9254149E-02 -9.5597847E-02 -9.1674564E-02
   70.199805 -1.0859842E-01 -1.0417207E-01 -1.0067479E-01 -9.6571397E-02
   70.399803 -1.1343318E-01 -1.0884134E-01 -1.0557642E-01 -1.0130263E-01
   70.599800 -1.1801478E-01 -1.1327007E-01 -1.1029698E-01 -1.0586256E-01
   70.799798 -1.2235461E-01 -1.1746896E-01 -1.1483118E-01 -1.1024594E-01
   70.999795 -1.2646589E-01 -1.2145046E-01 -1.1917408E-01 -1.1444783E-01
   71.199793 -1.3036306E-01 -1.2522823E-01 -1.2332126E-01 -1.1846379E-01
   71.399790 -1.3406086E-01 -1.2881623E-01 -1.2726868E-01 -1.2228977E-01
   71.599787 -1.3757371E-01 -1.3222815E-01 -1.3101285E-01 -1.2592221E-01
   71.799785 -1.4091491E-01 -1.3547659E-01 -1.3455076E-01 -1.2935805E-01
   71.999782 -1.4409598E-01 -1.3857248E-01 -1.3787989E-01 -1.3259466E-01
   72.199780 -1.4712618E-01 -1.4152456E-01 -1.4099825E-01 -1.3562995E-01
   72.399777 -1.5001196E-01 -1.4433892E-01 -1.4390434E-01 -1.3846228E-01
   72.599775 -1.5275680E-01 -1.4701877E-01 -1.4659721E-01 -1.4109056E-01
   72.799772 -1.5536090E-01 -1.4956418E-01 -1.4907635E-01 -1.4351411E-01
   72.999769 -1.5782133E-01 -1.5197218E-01 -1.5134177E-01 -1.4573277E-01
   73.199767 -1.6013204E-01 -1.5423685E-01 -1.5339397E-01 -1.4774684E-01
   73.399764 -1.6228420E-01 -1.5634954E-01 -1.5523386E-01 -1.4955703E-01
   73.599762 -1.6426664E-01 -1.5829935E-01 -1.5686281E-01 -1.5116448E-01
   73.799759 -1.6606629E-01 -1.6007355E-01 -1.5828258E-01 -1.5257073E-01
   73.999757 -1.6766887E-01 -1.6165824E-01 -1.5949535E-01 -1.5377772E-01
   74.199754 -1.6905953E-01 -1.6303891E-01 -1.6050363E-01 -1.5478771E-01
   74.399751 -1.7022353E-01 -1.6420122E-01 -1.6131029E-01 -1.5560332E-01
   74.599749 -1.7114701E-01 -1.6513161E-01 -1.6191849E-01 -1.5622746E-01
   74.799746 -1.7181761E-01 -1.6581799E-01 -1.6233171E-01 -1.5666332E-01
   74.999744 -1.7222515E-01 -1.6625034E-01 -1.6255365E-01 -1.5691436E-01
   75.199741 -1.7236217E-01 -1.6642128E-01 -1.6258829E-01 -1.5698428E-01
   75.399739 -1.7222437E-01 -1.6632649E-01 -1.6243977E-01 -1.5687697E-01
   75.599736 -1.7181097E-01 -1.6596501E-01 -1.6211247E-01 -1.5659651E-01
   75.799733 -1.7112489E-01 -1.6533951E-01 -1.6161090E-01 -1.5614716E-01
   75.999731 -1.7017281E-01 -1.6445625E-01 -1.6093970E-01 -1.5553330E-01
   76.199728 -1.6896511E-01 -1.6332511E-01 -1.6010366E-01 -1.5475945E-01
   76.399726 -1.6751561E-01 -1.6195928E-01 -1.5910764E-01 -1.5383019E-01
   76.599723 -1.6584124E-01 -1.6037502E-01 -1.5795656E-01 -1.5275022E-01
   76.799721 -1.6396154E-01 -1.5859107E-01 -1.5665541E-01 -1.5152425E-01
   76.999718 -1.6189812E-01 -1.5662825E-01 -1.5520918E-01 -1.5015704E-01
   77.199715 -1.5967398E-01 -1.5450870E-01 -1.5362289E-01 -1.4865336E-01
   77.399713 -1.5731278E-01 -1.5225525E-01 -1.5190150E-01 -1.4701794E-01
   77.599710 -1.5483821E-01 -1.4989076E-01 -1.5004997E-01 -1.4525551E-01
   77.799708 -1.5227313E-01 -1.4743732E-01 -1.4807315E-01 -1.4337072E-01
   77.999705 -1.4963900E-01 -1.4491567E-01 -1.4597588E-01 -1.4136817E-01
   78.199703 -1.4695513E-01 -1.4234450E-01 -1.4376281E-01 -1.3925233E-01
   78.399700 -1.4423822E-01 -1.3973997E-01 -1.4143855E-01 -1.3702762E-01
   78.599697 -1.4150183E-01 -1.3711524E-01 -1.3900753E-01 -1.3469827E-01
   78.799695 -1.3875608E-01 -1.3448010E-01 -1.3647405E-01 -1.3226840E-01
   78.999692 -1.3600746E-01 -1.3184088E-01 -1.3384226E-01 -1.2974202E-01
   79.199690 -1.3325870E-01 -1.2920023E-01 -1.3111612E-01 -1.2712291E-01
   79.399687 -1.3050892E-01 -1.2655733E-01 -1.2829947E-01 -1.2441477E-01
   79.599684 -1.2775378E-01 -1.2390797E-01 -1.2539591E-01 -1.2162108E-01
   79.799682 -1.2498578E-01 -1.2124490E-01 -1.2240891E-01 -1.1874516E-01
   79.999679 -1.2219483E-01 -1.1855834E-01 -1.1934179E-01 -1.1579020E-01
   80.199677 -1.1936863E-01 -1.1583636E-01 -1.1619766E-01 -1.1275922E-01
   80.399674 -1.1649341E-01 -1.1306561E-01 -1.1297954E-01 -1.0965513E-01
   80.599672 -1.1355450E-01 -1.1023183E-01 -1.0969026E-01 -1.0648066E-01
   80.799669 -1.1053710E-01 -1.0732064E-01 -1.0633261E-01 -1.0323850E-01
   80.999666 -1.0742684E-01 -1.0431808E-01 -1.0290923E-01 -9.9931197E-02
   81.199664 -1.0421055E-01 -1.0121132E-01 -9.9422682E-02 -9.6561250E-02
   81.399661 -1.0087683E-01 -9.7989271E-02 -9.5875558E-02 -9.3131156E-02
   81.599659 -9.7416503E-02 -9.4642971E-02 -9.2270350E-02 -8.9643334E-02
   81.799656 -9.3823162E-02 -9.1166168E-02 -8.8609636E-02 -8.6100285E-02
   81.999654 -9.0093366E-02 -8.7555479E-02 -8.4895962E-02 -8.2504482E-02
   82.199651 -8.6226981E-02 -8.3810733E-02 -8.1132015E-02 -7.8858539E-02
   82.399648 -8.2227121E-02 -7.9934926E-02 -7.7320526E-02 -7.5165109E-02
   82.599646 -7.8100163E-02 -7.5934222E-02 -7.3464342E-02 -7.1426966E-02
   82.799643 -7.3855631E-02 -7.1817855E-02 -6.9566516E-02 -6.7647082E-02
   82.999641 -6.9505769E-02 -6.7597708E-02 -6.5630190E-02 -6.3828521E-02
   83.199638 -6.5065323E-02 -6.3288109E-02 -6.1658770E-02 -5.9974603E-02
   83.399636 -6.0550899E-02 -5.8905201E-02 -5.7655782E-02 -5.6088769E-02
   83.599633 -5.5980604E-02 -5.4466598E-02 -5.3625046E-02 -5.2174746E-02
   83.799630 -5.1373315E-02 -4.9990675E-02 -4.9570538E-02 -4.8236418E-02
   83.999628 -4.6748147E-02 -4.5496050E-02 -4.5496461E-02 -4.4277889E-02
   84.199625 -4.2123941E-02 -4.1001079E-02 -4.1407297E-02 -4.0303539E-02
   84.399623 -3.7518533E-02 -3.6523155E-02 -3.7307668E-02 -3.6317884E-02
   84.599620 -3.2948433E-02 -3.2078383E-02 -3.3202486E-02 -3.2325728E-02
   84.799618 -2.8428194E-02 -2.7680977E-02 -2.9096776E-02 -2.8331986E-02
   84.999615 -2.3970246E-02 -2.3343083E-02 -2.4995831E-02 -2.4341835E-02
   85.199612 -1.9584472E-02 -1.9074376E-02 -2.0905043E-02 -2.0360551E-02
   85.399610 -1.5278135E-02 -1.4881980E-02 -1.6829946E-02 -1.6393554E-02
   85.599607 -1.1055897E-02 -1.0770490E-02 -1.2776255E-02 -1.2446436E-02
   85.799605 -6.9197484E-03 -6.7418955E-03 -8.7496943E-03 -8.5248077E-03
   85.999602 -2.8693519E-03 -2.7959215E-03 -4.7561380E-03 -4.6344222E-03
   86.199600  1.0978421E-03  1.0698667E-03 -8.0141695E-04 -7.8099510E-04
   86.399597  4.9860727E-03  4.8595518E-03  3.1085477E-03  3.0296687E-03
   86.599594  8.8009762E-03  8.5785814E-03  6.9679121E-03  6.7918376E-03
   86.799592  1.2549045E-02  1.2233241E-02  1.0770878E-02  1.0499822E-02
   86.999589  1.6237061E-02  1.5830103E-02  1.4511663E-02  1.4147949E-02
   87.199587  1.9871712E-02  1.9375648E-02  1.8184661E-02  1.7730712E-02
   87.399584  2.3458933E-02  2.2875632E-02  2.1784319E-02  2.1242657E-02
   87.599581  2.7003572E-02  2.6334749E-02  2.5305291E-02  2.4678530E-02
   87.799579  3.0508916E-02  2.9756174E-02  2.8742403E-02  2.8033246E-02
   87.999576  3.3976294E-02  3.3141176E-02  3.2090629E-02  3.1301860E-02
   88.199574  3.7404947E-02  3.6488985E-02  3.5345231E-02  3.4479707E-02
   88.399571  4.0791721E-02  3.9796499E-02  3.8501642E-02  3.7562292E-02
   88.599569  4.4131150E-02  4.3058354E-02  4.1555620E-02  4.0545434E-02
   88.799566  4.7415363E-02  4.6266844E-02  4.4503138E-02  4.3425161E-02
   88.999563  5.0634354E-02  4.9412174E-02  4.7340508E-02  4.6197833E-02
   89.199561  5.3776180E-02  5.2482654E-02  5.0064353E-02  4.8860112E-02
   89.399558  5.6827244E-02  5.5464983E-02  5.2671581E-02  5.1408939E-02
   89.599556  5.9772824E-02  5.8344751E-02  5.5159494E-02  5.3841641E-02
   89.799553  6.2597416E-02  6.1106786E-02  5.7525701E-02  5.6155844E-02
   89.999551  6.5285362E-02  6.3735762E-02  5.9768230E-02  5.8349582E-02
   90.199548  6.7821276E-02  6.6216609E-02  6.1885441E-02  6.0421218E-02
   90.399545  7.0190661E-02  6.8535132E-02  6.3876127E-02  6.2369533E-02
   90.599543  7.2380389E-02  7.0678461E-02  6.5739479E-02  6.4193702E-02
   90.799540  7.4379138E-02  7.2635491E-02  6.7475076E-02  6.5893279E-02
   90.999538  7.6177881E-02  7.4397360E-02  6.9082955E-02  6.7468265E-02
   91.199535  7.7770154E-02  7.5957703E-02  7.0563544E-02  6.8919045E-02
   91.399533  7.9152377E-02  7.7312976E-02  7.1917737E-02  7.0246460E-02
   91.599530  8.0323957E-02  7.8462552E-02  7.3146828E-02  7.1451744E-02
   91.799527  8.1287395E-02  7.9408830E-02  7.4252563E-02  7.2536574E-02
   91.999525  8.2048219E-02  8.0157167E-02  7.5237113E-02  7.3503044E-02
   92.199522  8.2614836E-02  8.0715735E-02  7.6103053E-02  7.4353641E-02
   92.399520  8.2998314E-02  8.1095315E-02  7.6853382E-02  7.5091275E-02
   92.599517  8.3212041E-02  8.1308953E-02  7.7491476E-02  7.5719219E-02
   92.799515  8.3271344E-02  8.1371597E-02  7.8021101E-02  7.6241133E-02
   92.999512  8.3193026E-02  8.1299643E-02  7.8446359E-02  7.6661005E-02
   93.199509  8.2994882E-02  8.1110460E-02  7.8771689E-02  7.6983156E-02
   93.399507  8.2695180E-02  8.0821885E-02  7.9001821E-02  7.7212191E-02
   93.599504  8.2312153E-02  8.0451725E-02  7.9141744E-02  7.7352974E-02
   93.799502  8.1863492E-02  8.0017261E-02  7.9196678E-02  7.7410590E-02
   93.999499  8.1365894E-02  7.9534808E-02  7.9172024E-02  7.7390310E-02
   94.199497  8.0834634E-02  7.9019294E-02  7.9073328E-02  7.7297543E-02
   94.399494  8.0283236E-02  7.8483937E-02  7.8906237E-02  7.7137800E-02
   94.599491  7.9723184E-02  7.7939967E-02  7.8676448E-02  7.6916643E-02
   94.799489  7.9163747E-02  7.7396444E-02  7.8389664E-02  7.6639642E-02
   94.999486  7.8611883E-02  7.6860177E-02  7.8051551E-02  7.6312330E-02
   95.199484  7.8072219E-02  7.6335693E-02  7.7667679E-02  7.5940151E-02
   95.399481  7.7547155E-02  7.5825343E-02  7.7243491E-02  7.5528422E-02
   95.599478  7.7037003E-02  7.5329437E-02  7.6784245E-02  7.5082282E-02
   95.799476  7.6540235E-02  7.4846485E-02  7.6294972E-02  7.4606650E-02
   95.999473  7.6053790E-02  7.4373498E-02  7.5780449E-02  7.4106196E-02
   96.199471  7.5573397E-02  7.3906302E-02  7.5245138E-02  7.3585284E-02
   96.399468  7.5093973E-02  7.3439930E-02  7.4693179E-02  7.3047964E-02
   96.599466  7.4609996E-02  7.2968983E-02  7.4128333E-02  7.2497914E-02
   96.799463  7.4115910E-02  7.2488030E-02  7.3553979E-02  7.1938441E-02
   96.999460  7.3606482E-02  7.1991954E-02  7.2973076E-02  7.1372441E-02
   97.199458  7.3077141E-02  7.1476286E-02  7.2388151E-02  7.0802389E-02
   97.399455  7.2524279E-02  7.0937496E-02  7.1801299E-02  7.0230334E-02
   97.599453  7.1945453E-02  7.0373197E-02  7.1214153E-02  6.9657878E-02
   97.799450  7.1339573E-02  6.9782323E-02  7.0627906E-02  6.9086191E-02
   97.999448  7.0706958E-02  6.9165186E-02  7.0043293E-02  6.8515992E-02
   98.199445  7.0049370E-02  6.8523510E-02  6.9460616E-02  6.7947581E-02
   98.399442  6.9369918E-02  6.7860339E-02  6.8879741E-02  6.7380829E-02
   98.599440  6.8672924E-02  6.7179903E-02  6.8300116E-02  6.6815200E-02
   98.799437  6.7963727E-02  6.6487426E-02  6.7720805E-02  6.6249780E-02
   98.999435  6.7248386E-02  6.5788835E-02  6.7140490E-02  6.5683281E-02
   99.199432  6.6533394E-02  6.5090490E-02  6.6557515E-02  6.5114088E-02
   99.399430  6.5825315E-02  6.4398813E-02  6.5969897E-02  6.4540261E-02
   99.599427  6.5130444E-02  6.3719964E-02  6.5375380E-02  6.3959596E-02
   99.799424  6.4454425E-02  6.3059472E-02  6.4771443E-02  6.3369629E-02
   99.999422  6.3801921E-02  6.2421899E-02  6.4155350E-02  6.2767684E-02
  100.199425  6.3176287E-02  6.1810534E-02  6.3524171E-02  6.2150897E-02
  100.399423  6.2579358E-02  6.1227173E-02  6.2874876E-02  6.1516305E-02
  100.599420  6.2011145E-02  6.0671832E-02  6.2204283E-02  6.0860798E-02
  100.799417  6.1469749E-02  6.0142656E-02  6.1509149E-02  6.0181205E-02
  100.999415  6.0951279E-02  5.9635839E-02  6.0786198E-02  5.9474321E-02
  101.199412  6.0449863E-02  5.9145640E-02  6.0032171E-02  5.8736961E-02
  101.399410  5.9957721E-02  5.8664450E-02  5.9243834E-02  5.7965961E-02
  101.599407  5.9465347E-02  5.8182966E-02  5.8418046E-02  5.7158251E-02
  101.799405  5.8961720E-02  5.7690411E-02  5.7551760E-02  5.6310852E-02
  101.999402  5.8434627E-02  5.7174835E-02  5.6642093E-02  5.5420946E-02
  102.199399  5.7870996E-02  5.6623450E-02  5.5686324E-02  5.4485873E-02
  102.399397  5.7257295E-02  5.6023017E-02  5.4681936E-02  5.3503174E-02
  102.599394  5.6579958E-02  5.5360264E-02  5.3626664E-02  5.2470635E-02
  102.799392  5.5825793E-02  5.4622289E-02  5.2518480E-02  5.1386275E-02
  102.999389  5.4982436E-02  5.3796993E-02  5.1355659E-02  5.0248411E-02
  103.199387  5.4038716E-02  5.2873452E-02  5.0136758E-02  4.9055634E-02
  103.399384  5.2985062E-02  5.1842305E-02  4.8860677E-02  4.7806873E-02
  103.599381  5.1813789E-02  5.0696036E-02  4.7526636E-02  4.6501368E-02
  103.799379  5.0519359E-02  4.9429234E-02  4.6134198E-02  4.5138697E-02
  103.999376  4.9098599E-02  4.8038799E-02  4.4683305E-02  4.3718810E-02
  104.199374  4.7550756E-02  4.6524001E-02  4.3174233E-02  4.2241979E-02
  104.399371  4.5877585E-02  4.4886566E-02  4.1607648E-02  4.0708864E-02
  104.599369  4.4083236E-02  4.3130560E-02  3.9984549E-02  3.9120449E-02
  104.799366  4.2174186E-02  4.1262330E-02  3.8306325E-02  3.7478096E-02
  104.999363  4.0158975E-02  3.9290239E-02  3.6574688E-02  3.5783489E-02
  105.199361  3.8047958E-02  3.7224428E-02  3.4791688E-02  3.4038639E-02
  105.399358  3.5853012E-02  3.5076526E-02  3.2959725E-02  3.2245901E-02
  105.599356  3.3587096E-02  3.2859220E-02  3.1081468E-02  3.0407892E-02
  105.799353  3.1263936E-02  3.0585948E-02  2.9159908E-02  2.8527547E-02
  105.999351  2.8897527E-02  2.8270408E-02  2.7198261E-02  2.6608018E-02
  106.199348  2.6501813E-02  2.5926251E-02  2.5200018E-02  2.4652727E-02
  106.399345  2.4090211E-02  2.3566609E-02  2.3168852E-02  2.2665276E-02
  106.599343  2.1675285E-02  2.1203780E-02  2.1108617E-02  2.0649439E-02
  106.799340  1.9268458E-02  1.8848946E-02  1.9023347E-02  1.8609172E-02
  106.999338  1.6879665E-02  1.6511830E-02  1.6917158E-02  1.6548505E-02
  107.199335  1.4517248E-02  1.4200596E-02  1.4794294E-02  1.4471599E-02
  107.399333  1.2187722E-02  1.1921623E-02  1.2659019E-02  1.2382629E-02
  107.599330  9.8958130E-03  9.6795346E-03  1.0515665E-02  1.0285839E-02
  107.799327  7.6443859E-03  7.4771385E-03  8.3685301E-03  8.1854395E-03
  107.999325  5.4345671E-03  5.3155382E-03  6.2218817E-03  6.0856089E-03
  108.199322  3.2659249E-03  3.1943140E-03  4.0799613E-03  3.9905013E-03
  108.399320  1.1366021E-03  1.1116515E-03  1.9468845E-03  1.9041465E-03
  108.599317 -9.5633984E-04 -9.3532136E-04 -1.7329686E-04 -1.6948814E-04
  108.799314 -3.0167005E-03 -2.9503183E-03 -2.2766900E-03 -2.2265917E-03
  108.999312 -5.0487880E-03 -4.9375505E-03 -4.3595473E-03 -4.2634956E-03
  109.199309 -7.0570581E-03 -6.9013730E-03 -6.4182508E-03 -6.2766584E-03
  109.399307 -9.0458567E-03 -8.8460332E-03 -8.4493975E-03 -8.2627498E-03
  109.599304 -1.1019027E-02 -1.0775286E-02 -1.0449728E-02 -1.0218580E-02
  109.799302 -1.2979706E-02 -1.2692197E-02 -1.2416213E-02 -1.2141186E-02
  109.999299 -1.4930000E-02 -1.4598822E-02 -1.4345981E-02 -1.4027758E-02
  110.199296 -1.6870865E-02 -1.6496092E-02 -1.6236388E-02 -1.5875710E-02
  110.399294 -1.8801932E-02 -1.8383643E-02 -1.8084988E-02 -1.7682649E-02
  110.599291 -2.0721412E-02 -2.0259722E-02 -1.9889502E-02 -1.9446348E-02
  110.799289 -2.2626146E-02 -2.2121240E-02 -2.1647881E-02 -2.1164805E-02
  110.999286 -2.4511589E-02 -2.3963748E-02 -2.3358226E-02 -2.2836163E-02
  111.199284 -2.6371997E-02 -2.5781630E-02 -2.5018853E-02 -2.4458778E-02
  111.399281 -2.8200525E-02 -2.7568193E-02 -2.6628216E-02 -2.6031139E-02
  111.599278 -2.9989515E-02 -2.9315951E-02 -2.8184955E-02 -2.7551921E-02
  111.799276 -3.1730724E-02 -3.1016847E-02 -2.9687865E-02 -2.9019948E-02
  111.999273 -3.3415589E-02 -3.2662512E-02 -3.1135859E-02 -3.0434160E-02
  112.199271 -3.5035588E-02 -3.4244620E-02 -3.2528017E-02 -3.1793661E-02
  112.399268 -3.6582486E-02 -3.5755127E-02 -3.3863513E-02 -3.3097647E-02
  112.599266 -3.8048693E-02 -3.7186621E-02 -3.5141662E-02 -3.4345455E-02
  112.799263 -3.9427483E-02 -3.8532535E-02 -3.6361861E-02 -3.5536498E-02
  112.999260 -4.0713290E-02 -3.9787436E-02 -3.7523625E-02 -3.6670306E-02
  113.199258 -4.1901883E-02 -4.0947201E-02 -3.8626555E-02 -3.7746497E-02
  113.399255 -4.2990505E-02 -4.2009146E-02 -3.9670322E-02 -3.8764754E-02
  113.599253 -4.3978008E-02 -4.2972159E-02 -4.0654694E-02 -3.9724855E-02
  113.799250 -4.4864839E-02 -4.3836689E-02 -4.1579492E-02 -4.0626631E-02
  113.999248 -4.5653057E-02 -4.4604760E-02 -4.2444621E-02 -4.1469997E-02
  114.199245 -4.6346203E-02 -4.5279842E-02 -4.3250032E-02 -4.2254910E-02
  114.399242 -4.6949188E-02 -4.5866747E-02 -4.3995748E-02 -4.2981400E-02
  114.599240 -4.7468079E-02 -4.6371412E-02 -4.4681847E-02 -4.3649551E-02
  114.799237 -4.7909856E-02 -4.6800667E-02 -4.5308450E-02 -4.4259488E-02
  114.999235 -4.8282153E-02 -4.7161979E-02 -4.5875744E-02 -4.4811400E-02
  115.199232 -4.8592943E-02 -4.7463146E-02 -4.6383950E-02 -4.5305512E-02
  115.399230 -4.8850251E-02 -4.7712014E-02 -4.6833349E-02 -4.5742106E-02
  115.599227 -4.9061830E-02 -4.7916162E-02 -4.7224259E-02 -4.6121501E-02
  115.799224 -4.9234881E-02 -4.8082630E-02 -4.7557049E-02 -4.6444064E-02
  115.999222 -4.9375779E-02 -4.8217649E-02 -4.7832128E-02 -4.6710205E-02
  116.199219 -4.9489840E-02 -4.8326416E-02 -4.8049944E-02 -4.6920369E-02
  116.399217 -4.9581139E-02 -4.8412913E-02 -4.8210991E-02 -4.7075048E-02
  116.599214 -4.9652368E-02 -4.8479771E-02 -4.8315798E-02 -4.7174766E-02
  116.799212 -4.9704756E-02 -4.8528196E-02 -4.8364935E-02 -4.7220089E-02
  116.999209 -4.9738053E-02 -4.8557945E-02 -4.8359006E-02 -4.7211618E-02
  117.199206 -4.9750565E-02 -4.8567368E-02 -4.8298655E-02 -4.7149988E-02
  117.399204 -4.9739255E-02 -4.8553505E-02 -4.8184560E-02 -4.7035872E-02
  117.599201 -4.9699894E-02 -4.8512230E-02 -4.8017436E-02 -4.6869977E-02
  117.799199 -4.9627260E-02 -4.8438453E-02 -4.7798032E-02 -4.6653043E-02
  117.999196 -4.9515380E-02 -4.8326349E-02 -4.7527135E-02 -4.6385849E-02
  118.199193 -4.9357796E-02 -4.8169624E-02 -4.7205567E-02 -4.6069205E-02
  118.399191 -4.9147855E-02 -4.7961795E-02 -4.6834186E-02 -4.5703960E-02
  118.599188 -4.8879011E-02 -4.7696482E-02 -4.6413893E-02 -4.5291002E-02
  118.799186 -4.8545108E-02 -4.7367689E-02 -4.5945624E-02 -4.4831254E-02
  118.999183 -4.8140667E-02 -4.6970086E-02 -4.5430367E-02 -4.4325689E-02
  119.199181 -4.7661126E-02 -4.6499235E-02 -4.4869142E-02 -4.3775314E-02
  119.399178 -4.7103074E-02 -4.5951822E-02 -4.4263029E-02 -4.3181191E-02
  119.599175 -4.6464398E-02 -4.5325803E-02 -4.3613153E-02 -4.2544427E-02
  119.799173 -4.5744420E-02 -4.4620533E-02 -4.2920689E-02 -4.1866177E-02
  119.999170 -4.4943965E-02 -4.3836833E-02 -4.2186879E-02 -4.1147664E-02
  120.199168 -4.4065351E-02 -4.2976982E-02 -4.1413013E-02 -4.0390154E-02
  120.399165 -4.3112366E-02 -4.2044691E-02 -4.0600458E-02 -3.9594990E-02
  120.599163 -4.2090134E-02 -4.1044973E-02 -3.9750632E-02 -3.8763564E-02
  120.799160 -4.1004997E-02 -3.9984027E-02 -3.8865038E-02 -3.7897351E-02
  120.999157 -3.9864282E-02 -3.8869014E-02 -3.7945239E-02 -3.6997882E-02
  121.199155 -3.8676083E-02 -3.7707836E-02 -3.6992868E-02 -3.6066761E-02
  121.399152 -3.7449017E-02 -3.6508908E-02 -3.6009651E-02 -3.5105676E-02
  121.599150 -3.6191909E-02 -3.5280842E-02 -3.4997368E-02 -3.4116372E-02
  121.799147 -3.4913561E-02 -3.4032227E-02 -3.3957896E-02 -3.3100686E-02
  121.999145 -3.3622424E-02 -3.2771305E-02 -3.2893168E-02 -3.2060510E-02
  122.199142 -3.2326396E-02 -3.1505780E-02 -3.1805216E-02 -3.0997831E-02
  122.399139 -3.1032543E-02 -3.0242543E-02 -3.0696127E-02 -2.9914691E-02
  122.599137 -2.9746930E-02 -2.8987503E-02 -2.9568064E-02 -2.8813203E-02
  122.799134 -2.8474487E-02 -2.7745466E-02 -2.8423275E-02 -2.7695565E-02
  122.999132 -2.7218865E-02 -2.6519988E-02 -2.7264052E-02 -2.6564014E-02
  123.199129 -2.5982439E-02 -2.5313381E-02 -2.6092775E-02 -2.5420876E-02
  123.399127 -2.4766263E-02 -2.4126672E-02 -2.4911859E-02 -2.4268508E-02
  123.599124 -2.3570185E-02 -2.2959707E-02 -2.3723798E-02 -2.3109342E-02
  123.799121 -2.2392911E-02 -2.1811226E-02 -2.2531117E-02 -2.1945842E-02
  123.999119 -2.1232185E-02 -2.0679028E-02 -2.1336384E-02 -2.0780513E-02
  124.199116 -2.0085002E-02 -1.9560186E-02 -2.0142224E-02 -1.9615913E-02
  124.399114 -1.8947797E-02 -1.8451226E-02 -1.8951268E-02 -1.8454606E-02
  124.599111 -1.7816744E-02 -1.7348422E-02 -1.7766195E-02 -1.7299202E-02
  124.799109 -1.6687967E-02 -1.6248002E-02 -1.6589678E-02 -1.6152304E-02
  124.999106 -1.5557857E-02 -1.5146454E-02 -1.5424421E-02 -1.5016546E-02
  125.199103 -1.4423280E-02 -1.4040727E-02 -1.4273112E-02 -1.3894543E-02
  125.399101 -1.3281829E-02 -1.2928483E-02 -1.3138434E-02 -1.2788903E-02
  125.599098 -1.2132047E-02 -1.1808308E-02 -1.2023065E-02 -1.1702235E-02
  125.799096 -1.0973553E-02 -1.0679833E-02 -1.0929640E-02 -1.0637097E-02
  125.999093 -9.8072058E-03 -9.5439004E-03 -9.8607777E-03 -9.5960340E-03
  126.199090 -8.6351413E-03 -8.4025905E-03 -8.8190329E-03 -8.5815297E-03
  126.399088 -7.4608046E-03 -7.2592591E-03 -7.8069057E-03 -7.5960107E-03
  126.599085 -6.2889346E-03 -6.1185195E-03 -6.8268421E-03 -6.6418510E-03
  126.799083 -5.1254359E-03 -4.9861171E-03 -5.8811883E-03 -5.7213267E-03
  126.999080 -3.9772890E-03 -3.8688416E-03 -4.9722173E-03 -4.8366416E-03
  127.199078 -2.8523221E-03 -2.7743054E-03 -4.1020789E-03 -3.9898789E-03
  127.399075 -1.7590390E-03 -1.7107747E-03 -3.2728229E-03 -3.1830236E-03
  127.599072 -7.0633122E-04 -6.8688994E-04 -2.4863551E-03 -2.4179199E-03
  127.799070  2.9677272E-04  2.8857844E-04 -1.7444384E-03 -1.6962722E-03
  127.999067  1.2413708E-03  1.2069863E-03 -1.0486890E-03 -1.0196416E-03
  128.199065  2.1189998E-03  2.0601195E-03 -4.0053853E-04 -3.8940883E-04
  128.399062  2.9218646E-03  2.8404164E-03  1.9875146E-04  1.9321118E-04
  128.599060  3.6431192E-03  3.5412410E-03  7.4812795E-04  7.2720689E-04
  128.799057  4.2770516E-03  4.1570623E-03  1.2467344E-03  1.2117583E-03
  128.999054  4.8192890E-03  4.6836529E-03  1.6939420E-03  1.6462670E-03
  129.199052  5.2669198E-03  5.1182076E-03  2.0893502E-03  2.0303571E-03
  129.399049  5.6185757E-03  5.4594217E-03  2.4327916E-03  2.3638793E-03
  129.599047  5.8744817E-03  5.7075395E-03  2.7243527E-03  2.6469315E-03
  129.799044  6.0364245E-03  5.8643230E-03  2.9643668E-03  2.8798512E-03
  129.999042  6.1076960E-03  5.9329953E-03  3.1534305E-03  3.0632318E-03
  130.199039  6.0929706E-03  5.9181222E-03  3.2923967E-03  3.1979157E-03
  130.399036  5.9981514E-03  5.8254607E-03  3.3823837E-03  3.2850026E-03
  130.599034  5.8301724E-03  5.6617674E-03  3.4247696E-03  3.3258449E-03
  130.799031  5.5967808E-03  5.4345859E-03  3.4211907E-03  3.3220445E-03
  130.999029  5.3062876E-03  5.1520046E-03  3.3735366E-03  3.2754493E-03
  131.199026  4.9673248E-03  4.8224204E-03  3.2839435E-03  3.1881459E-03
  131.399024  4.5885809E-03  4.4542822E-03  3.1547827E-03  3.0624485E-03
  131.599021  4.1785717E-03  4.0558676E-03  2.9886532E-03  2.9008912E-03
  131.799018  3.7454014E-03  3.6350520E-03  2.7883636E-03  2.7062111E-03
  131.999016  3.2965704E-03  3.1991214E-03  2.5569184E-03  2.4813341E-03
  132.199013  2.8388170E-03  2.7546197E-03  2.2975046E-03  2.2293622E-03
  132.399011  2.3779765E-03  2.3072117E-03  2.0134648E-03  1.9535473E-03
  132.599008  1.9189169E-03  1.8616218E-03  1.7082872E-03  1.6572811E-03
  132.799006  1.4654833E-03  1.4215801E-03  1.3855724E-03  1.3440632E-03
  132.999003  1.0205259E-03  9.8985004E-04  1.0490233E-03  1.0174909E-03
  133.199000  5.8593576E-04  5.6826394E-04  7.0241049E-04  6.8122579E-04
  133.398998  1.6274668E-04  1.5782169E-04  3.4955245E-04  3.3897441E-04
  133.598995 -2.4872977E-04 -2.4117737E-04 -5.7029720E-06 -5.5298078E-06
  133.798993 -6.4875958E-04 -6.2899412E-04 -3.5951580E-04 -3.4856260E-04
  133.998990 -1.0379889E-03 -1.0062579E-03 -7.0806430E-04 -6.8641896E-04
  134.198987 -1.4172636E-03 -1.3737913E-03 -1.0475816E-03 -1.0154487E-03
  134.398985 -1.7874237E-03 -1.7324109E-03 -1.3743741E-03 -1.3320741E-03
  134.598982 -2.1491027E-03 -2.0827333E-03 -1.6848395E-03 -1.6328076E-03
  134.798980 -2.5025588E-03 -2.4250105E-03 -1.9755005E-03 -1.9142844E-03
  134.998977 -2.8474991E-03 -2.7589608E-03 -2.2430132E-03 -2.1732704E-03
  135.198975 -3.1829610E-03 -3.0836540E-03 -2.4841989E-03 -2.4066930E-03
  135.398972 -3.5072008E-03 -3.3974033E-03 -2.6960518E-03 -2.6116484E-03
  135.598969 -3.8176457E-03 -3.6977199E-03 -2.8757647E-03 -2.7854268E-03
  135.798967 -4.1108714E-03 -3.9812915E-03 -3.0207402E-03 -2.9255226E-03
  135.998964 -4.3826241E-03 -4.2440039E-03 -3.1286031E-03 -3.0296469E-03
  136.198962 -4.6278988E-03 -4.4810175E-03 -3.1972170E-03 -3.0957430E-03
  136.398959 -4.8410371E-03 -4.6868624E-03 -3.2246903E-03 -3.1219921E-03
  136.598957 -5.0158821E-03 -4.8555886E-03 -3.2093875E-03 -3.1068245E-03
  136.798954 -5.1459454E-03 -4.9809284E-03 -3.1499344E-03 -3.0489242E-03
  136.998951 -5.2246140E-03 -5.0564958E-03 -3.0452233E-03 -2.9472338E-03
  137.198949 -5.2453614E-03 -5.0759923E-03 -2.8944147E-03 -2.8009561E-03
  137.398946 -5.2019731E-03 -5.0334240E-03 -2.6969419E-03 -2.6095583E-03
  137.598944 -5.0887681E-03 -4.9233160E-03 -2.4525041E-03 -2.3727654E-03
  137.798941 -4.9008138E-03 -4.7409204E-03 -2.1610720E-03 -2.0905651E-03
  137.998939 -4.6341149E-03 -4.4823984E-03 -1.8228734E-03 -1.7631943E-03
  138.198936 -4.2857893E-03 -4.1449895E-03 -1.4383993E-03 -1.3911440E-03
  138.398933 -3.8541938E-03 -3.7271331E-03 -1.0083845E-03 -9.7514124E-04
  138.598931 -3.3390225E-03 -3.2285627E-03 -5.3380285E-04 -5.1614386E-04
  138.798928 -2.7413696E-03 -2.6503654E-03 -1.5864694E-05 -1.5338040E-05
  138.998926 -2.0637182E-03 -1.9949712E-03  5.4401228E-04  5.2589003E-04
  139.198923 -1.3099265E-03 -1.2661379E-03  1.1441956E-03  1.1059470E-03
  139.398921 -4.8511760E-04 -4.6884438E-04  1.7828744E-03  1.7230681E-03
  139.598918  4.0441483E-04  3.9080144E-04  2.4580515E-03  2.3753087E-03
  139.798915  1.3513975E-03  1.3057479E-03  3.1675803E-03  3.0605811E-03
  139.998913  2.3477606E-03  2.2681774E-03  3.9091741E-03  3.7766628E-03
  140.198910  3.3848415E-03  3.2697027E-03  4.6804104E-03  4.5212014E-03
  140.398908  4.4536559E-03  4.3016303E-03  5.4787757E-03  5.2917577E-03
  140.598905  5.5451015E-03  5.3551569E-03  6.3016526E-03  6.0857928E-03
  140.798903  6.6502450E-03  6.4216467E-03  7.1463692E-03  6.9007169E-03
  140.998900  7.7605136E-03  7.4928159E-03  8.0101842E-03  7.7338741E-03
  141.198897  8.8679502E-03  8.5609795E-03  8.8903337E-03  8.5825881E-03
  141.398895  9.9653892E-03  9.6192203E-03  9.7840357E-03  9.4441664E-03
  141.598892  1.1046599E-02  1.0661526E-02  1.0688493E-02  1.0315903E-02
  141.798890  1.2106444E-02  1.1682945E-02  1.1600938E-02  1.1195122E-02
  141.998887  1.3140918E-02  1.2679618E-02  1.2518614E-02  1.2079159E-02
  142.198884  1.4147223E-02  1.3648853E-02  1.3438819E-02  1.2965404E-02
  142.398882  1.5123740E-02  1.4589098E-02  1.4358902E-02  1.3851299E-02
  142.598879  1.6069966E-02  1.5499879E-02  1.5276265E-02  1.4734334E-02
  142.798877  1.6986455E-02  1.6381737E-02  1.6188398E-02  1.5612091E-02
  142.998874  1.7874648E-02  1.7236073E-02  1.7092856E-02  1.6482211E-02
  143.198872  1.8736751E-02  1.8065023E-02  1.7987300E-02  1.7342440E-02
  143.398869  1.9575514E-02  1.8871247E-02  1.8869463E-02  1.8190598E-02
  143.598866  2.0394058E-02  1.9657761E-02  1.9737193E-02  1.9024611E-02
  143.798864  2.1195651E-02  2.0427722E-02  2.0588431E-02  1.9842502E-02
  143.998861  2.1983489E-02  2.1184213E-02  2.1421211E-02  2.0642378E-02
  144.198859  2.2760514E-02  2.1930074E-02  2.2233680E-02  2.1422462E-02
  144.398856  2.3529199E-02  2.2667691E-02  2.3024070E-02  2.2181057E-02
  144.598854  2.4291415E-02  2.3398868E-02  2.3790725E-02  2.2916576E-02
  144.798851  2.5048265E-02  2.4124669E-02  2.4532072E-02  2.3627509E-02
  144.998848  2.5800010E-02  2.4845345E-02  2.5246636E-02  2.4312447E-02
  145.198846  2.6545994E-02  2.5560267E-02  2.5933032E-02  2.4970067E-02
  145.398843  2.7284611E-02  2.6267891E-02  2.6589949E-02  2.5599114E-02
  145.598841  2.8013353E-02  2.6965802E-02  2.7216168E-02  2.6198427E-02
  145.798838  2.8728832E-02  2.7650743E-02  2.7810532E-02  2.6766903E-02
  145.998836  2.9426907E-02  2.8318733E-02  2.8371969E-02  2.7303523E-02
  146.198833  3.0102782E-02  2.8965165E-02  2.8899460E-02  2.7807318E-02
  146.398830  3.0751186E-02  2.9584973E-02  2.9392061E-02  2.8277393E-02
  146.598828  3.1366534E-02  3.0172798E-02  2.9848886E-02  2.8712908E-02
  146.798825  3.1943113E-02  3.0723154E-02  3.0269100E-02  2.9113075E-02
  146.998823  3.2475291E-02  3.1230643E-02  3.0651932E-02  2.9477166E-02
  147.198820  3.2957693E-02  3.1690112E-02  3.0996657E-02  2.9804499E-02
  147.398818  3.3385405E-02  3.2096856E-02  3.1302610E-02  3.0094449E-02
  147.598815  3.3754119E-02  3.2446756E-02  3.1569170E-02  3.0346435E-02
  147.798812  3.4060297E-02  3.2736435E-02  3.1795774E-02  3.0559930E-02
  147.998810  3.4301274E-02  3.2963357E-02  3.1981909E-02  3.0734459E-02
  148.198807  3.4475339E-02  3.3125906E-02  3.2127112E-02  3.0869593E-02
  148.398805  3.4581789E-02  3.3223431E-02  3.2230976E-02  3.0964958E-02
  148.598802  3.4620929E-02  3.3256255E-02  3.2293149E-02  3.1020231E-02
  148.798800  3.4594046E-02  3.3225641E-02  3.2313334E-02  3.1035146E-02
  148.998797  3.4503337E-02  3.3133727E-02  3.2291294E-02  3.1009491E-02
  149.198794  3.4351816E-02  3.2983433E-02  3.2226848E-02  3.0943111E-02
  149.398792  3.4143175E-02  3.2778329E-02  3.2119878E-02  3.0835911E-02
  149.598789  3.3881638E-02  3.2522494E-02  3.1970329E-02  3.0687856E-02
  149.798787  3.3571783E-02  3.2220344E-02  3.1778208E-02  3.0498970E-02
  149.998784  3.3218365E-02  3.1876465E-02  3.1543588E-02  3.0269342E-02
  150.198781  3.2826125E-02  3.1495422E-02  3.1266607E-02  2.9999123E-02
  150.398779  3.2399607E-02  3.1081591E-02  3.0947467E-02  2.9688524E-02
  150.598776  3.1942994E-02  3.0639002E-02  3.0586440E-02  2.9337826E-02
  150.798774  3.1459944E-02  3.0171174E-02  3.0183861E-02  2.8947366E-02
  150.998771  3.0953472E-02  2.9681012E-02  2.9740136E-02  2.8517554E-02
  151.198769  3.0425837E-02  2.9170691E-02  2.9255728E-02  2.8048853E-02
  151.398766  2.9878486E-02  2.8641610E-02  2.8731177E-02  2.7541796E-02
  151.598763  2.9312013E-02  2.8094345E-02  2.8167077E-02  2.6996972E-02
  151.798761  2.8726160E-02  2.7528661E-02  2.7564085E-02  2.6415029E-02
  151.998758  2.8119874E-02  2.6943555E-02  2.6922932E-02  2.5796684E-02
  152.198756  2.7491355E-02  2.6337314E-02  2.6244393E-02  2.5142698E-02
  152.398753  2.6838188E-02  2.5707635E-02  2.5529319E-02  2.4453903E-02
  152.598751  2.6157447E-02  2.5051729E-02  2.4778605E-02  2.3731173E-02
  152.798748  2.5445881E-02  2.4366493E-02  2.3993218E-02  2.2975450E-02
  152.998745  2.4700049E-02  2.3648649E-02  2.3174168E-02  2.2187720E-02
  153.198743  2.3916515E-02  2.2894924E-02  2.2322522E-02  2.1369017E-02
  153.398740  2.3092038E-02  2.2102232E-02  2.1439412E-02  2.0520443E-02
  153.598738  2.2223712E-02  2.1267812E-02  2.0526005E-02  1.9643129E-02
  153.798735  2.1309164E-02  2.0389416E-02  1.9583540E-02  1.8738273E-02
  153.998733  2.0346659E-02  1.9465404E-02  1.8613284E-02  1.7807105E-02
  154.198730  1.9335256E-02  1.8494900E-02  1.7616576E-02  1.6850918E-02
  154.398727  1.8274859E-02  1.7477835E-02  1.6594786E-02  1.5871035E-02
  154.598725  1.7166290E-02  1.6415019E-02  1.5549330E-02  1.4868823E-02
  154.798722  1.6011325E-02  1.5308172E-02  1.4481685E-02  1.3845708E-02
  154.998720  1.4812643E-02  1.4159878E-02  1.3393351E-02  1.2803132E-02
  155.198717  1.3573821E-02  1.2973579E-02  1.2285888E-02  1.1742599E-02
  155.398715  1.2299208E-02  1.1753449E-02  1.1160873E-02  1.0665627E-02
  155.598712  1.0993861E-02  1.0504339E-02  1.0019942E-02  9.5737859E-03
  155.798709  9.6633667E-03  9.2316015E-03  8.8647450E-03  8.4686627E-03
  155.998707  8.3137038E-03  7.9409604E-03  7.6969609E-03  7.3518691E-03
  156.198704  6.9510950E-03  6.6383691E-03  6.5183118E-03  6.2250566E-03
  156.398702  5.5817834E-03  5.3297966E-03  5.3305171E-03  5.0898736E-03
  156.598699  4.2119106E-03  4.0211112E-03  4.1353364E-03  3.9480058E-03
  156.798697  2.8472925E-03  2.7178664E-03  2.9345174E-03  2.8011264E-03
  156.998694  1.4933169E-03  1.4252034E-03  1.7298390E-03  1.6509373E-03
  157.198691  1.5475753E-04  1.4767445E-04  5.2306362E-04  4.9912357E-04
  157.398689 -1.1643182E-03 -1.1108456E-03 -6.8404919E-04 -6.5263351E-04
  157.598686 -2.4606158E-03 -2.3472217E-03 -1.8897303E-03 -1.8026446E-03
  157.798684 -3.7317138E-03 -3.5591533E-03 -3.0922480E-03 -2.9492574E-03
  157.998681 -4.9760331E-03 -4.7451449E-03 -4.2898650E-03 -4.0908150E-03
  158.198678 -6.1928691E-03 -5.9045361E-03 -5.4808852E-03 -5.2257013E-03
  158.398676 -7.3823277E-03 -7.0374392E-03 -6.6636401E-03 -6.3523274E-03
  158.598673 -8.5452317E-03 -8.1446502E-03 -7.8364752E-03 -7.4691186E-03
  158.798671 -9.6830597E-03 -9.2275892E-03 -8.9977949E-03 -8.5745579E-03
  158.998668 -1.0797773E-02 -1.0288136E-02 -1.0146019E-02 -9.6671437E-03
  159.198666 -1.1891719E-02 -1.1328536E-02 -1.1279632E-02 -1.0745437E-02
  159.398663 -1.2967430E-02 -1.2351211E-02 -1.2397139E-02 -1.1808020E-02
  159.598660 -1.4027501E-02 -1.3358637E-02 -1.3497108E-02 -1.2853535E-02
  159.798658 -1.5074411E-02 -1.4353184E-02 -1.4578151E-02 -1.3880668E-02
  159.998655 -1.6110360E-02 -1.5336950E-02 -1.5638914E-02 -1.4888136E-02
  160.198653 -1.7137161E-02 -1.6311664E-02 -1.6678107E-02 -1.5874723E-02
  160.398650 -1.8156078E-02 -1.7278534E-02 -1.7694469E-02 -1.6839236E-02
  160.598648 -1.9167773E-02 -1.8238191E-02 -1.8686802E-02 -1.7780546E-02
  160.798645 -2.0172192E-02 -1.9190586E-02 -1.9653935E-02 -1.8697548E-02
  160.998642 -2.1168561E-02 -2.0134986E-02 -2.0594751E-02 -1.9589193E-02
  161.198640 -2.2155359E-02 -2.1069947E-02 -2.1508174E-02 -2.0454469E-02
  161.398637 -2.3130331E-02 -2.1993328E-02 -2.2393154E-02 -2.1292388E-02
  161.598635 -2.4090565E-02 -2.2902366E-02 -2.3248693E-02 -2.2102017E-02
  161.798632 -2.5032542E-02 -2.3793722E-02 -2.4073810E-02 -2.2882435E-02
  161.998630 -2.5952273E-02 -2.4663612E-02 -2.4867572E-02 -2.3632772E-02
  162.198627 -2.6845387E-02 -2.5507894E-02 -2.5629060E-02 -2.4352167E-02
  162.398624 -2.7707301E-02 -2.6322227E-02 -2.6357394E-02 -2.5039801E-02
  162.598622 -2.8533360E-02 -2.7102203E-02 -2.7051719E-02 -2.5694877E-02
  162.798619 -2.9318970E-02 -2.7843476E-02 -2.7711195E-02 -2.6316613E-02
  162.998617 -3.0059779E-02 -2.8541934E-02 -2.8335016E-02 -2.6904262E-02
  163.198614 -3.0751787E-02 -2.9193801E-02 -2.8922390E-02 -2.7457088E-02
  163.398612 -3.1391500E-02 -2.9795786E-02 -2.9472554E-02 -2.7974385E-02
  163.598609 -3.1976011E-02 -3.0345154E-02 -2.9984760E-02 -2.8455462E-02
  163.798606 -3.2503105E-02 -3.0839831E-02 -3.0458289E-02 -2.8899655E-02
  163.998604 -3.2971302E-02 -3.1278444E-02 -3.0892443E-02 -2.9306321E-02
  164.198601 -3.3379888E-02 -3.1660342E-02 -3.1286544E-02 -2.9674835E-02
  164.398599 -3.3728919E-02 -3.1985611E-02 -3.1639944E-02 -3.0004607E-02
  164.598596 -3.4019179E-02 -3.2255024E-02 -3.1952017E-02 -3.0295060E-02
  164.798594 -3.4252135E-02 -3.2470001E-02 -3.2222173E-02 -3.0545657E-02
  164.998591 -3.4429837E-02 -3.2632514E-02 -3.2449843E-02 -3.0755881E-02
  165.198588 -3.4554822E-02 -3.2744997E-02 -3.2634499E-02 -3.0925251E-02
  165.398586 -3.4629986E-02 -3.2810220E-02 -3.2775644E-02 -3.1053321E-02
  165.598583 -3.4658445E-02 -3.2831160E-02 -3.2872818E-02 -3.1139676E-02
  165.798581 -3.4643394E-02 -3.2810869E-02 -3.2925604E-02 -3.1183945E-02
  165.998578 -3.4587961E-02 -3.2752330E-02 -3.2933626E-02 -3.1185793E-02
  166.198575 -3.4495065E-02 -3.2658330E-02 -3.2896552E-02 -3.1144932E-02
  166.398573 -3.4367290E-02 -3.2531331E-02 -3.2814100E-02 -3.1061116E-02
  166.598570 -3.4206766E-02 -3.2373372E-02 -3.2686038E-02 -3.0934152E-02
  166.798568 -3.4015079E-02 -3.2185969E-02 -3.2512186E-02 -3.0763891E-02
  166.998565 -3.3793201E-02 -3.1970057E-02 -3.2292421E-02 -3.0550245E-02
  167.198563 -3.3541441E-02 -3.1725947E-02 -3.2026678E-02 -3.0293173E-02
  167.398560 -3.3259439E-02 -3.1453313E-02 -3.1714954E-02 -2.9992700E-02
  167.598557 -3.2946173E-02 -3.1151206E-02 -3.1357309E-02 -2.9648906E-02
  167.798555 -3.2600003E-02 -3.0818092E-02 -3.0953867E-02 -2.9261933E-02
  167.998552 -3.2218749E-02 -3.0451929E-02 -3.0504828E-02 -2.8831996E-02
  168.198550 -3.1799769E-02 -3.0050239E-02 -3.0010455E-02 -2.8359368E-02
  168.398547 -3.1340093E-02 -2.9610237E-02 -2.9471095E-02 -2.7844401E-02
  168.598545 -3.0836532E-02 -2.9128934E-02 -2.8887162E-02 -2.7287512E-02
  168.798542 -3.0285840E-02 -2.8603287E-02 -2.8259160E-02 -2.6689201E-02
  168.998539 -2.9684844E-02 -2.8030328E-02 -2.7587668E-02 -2.6050041E-02
  169.198537 -2.9030596E-02 -2.7407299E-02 -2.6873350E-02 -2.5370680E-02
  169.398534 -2.8320523E-02 -2.6731803E-02 -2.6116967E-02 -2.4651862E-02
  169.598532 -2.7552533E-02 -2.6001897E-02 -2.5319355E-02 -2.3894401E-02
  169.798529 -2.6725158E-02 -2.5216227E-02 -2.4481459E-02 -2.3099209E-02
  169.998527 -2.5837612E-02 -2.4374085E-02 -2.3604301E-02 -2.2267276E-02
  170.198524 -2.4889894E-02 -2.3475505E-02 -2.2689017E-02 -2.1399695E-02
  170.398521 -2.3882797E-02 -2.2521268E-02 -2.1736827E-02 -2.0497637E-02
  170.598519 -2.2817936E-02 -2.1512930E-02 -2.0749049E-02 -1.9562367E-02
  170.798516 -2.1697747E-02 -2.0452821E-02 -1.9727115E-02 -1.8595256E-02
  170.998514 -2.0525408E-02 -1.9343969E-02 -1.8672538E-02 -1.7597750E-02
  171.198511 -1.9304817E-02 -1.8190075E-02 -1.7586953E-02 -1.6571407E-02
  171.398509 -1.8040449E-02 -1.6995383E-02 -1.6472069E-02 -1.5517858E-02
  171.598506 -1.6737296E-02 -1.5764621E-02 -1.5329721E-02 -1.4438847E-02
  171.798503 -1.5400698E-02 -1.4502842E-02 -1.4161820E-02 -1.3336190E-02
  171.998501 -1.4036226E-02 -1.3215309E-02 -1.2970374E-02 -1.2211794E-02
  172.198498 -1.2649560E-02 -1.1907386E-02 -1.1757499E-02 -1.1067665E-02
  172.398496 -1.1246304E-02 -1.0584363E-02 -1.0525378E-02 -9.9058702E-03
  172.598493 -9.8319073E-03 -9.2513776E-03 -9.2763029E-03 -8.7285792E-03
  172.798491 -8.4114879E-03 -7.9132517E-03 -8.0126216E-03 -7.5380113E-03
  172.998488 -6.9897811E-03 -6.5744445E-03 -6.7367835E-03 -6.3364802E-03
  173.198485 -5.5710047E-03 -5.2389249E-03 -5.4512899E-03 -5.1263461E-03
  173.398483 -4.1588181E-03 -3.9101331E-03 -4.1587070E-03 -3.9100287E-03
  173.598480 -2.7563045E-03 -2.5909653E-03 -2.8616793E-03 -2.6900192E-03
  173.798478 -1.3659110E-03 -1.2837173E-03 -1.5628779E-03 -1.4688318E-03
  173.998475  1.0481096E-05  9.8484100E-06 -2.6504496E-04 -2.4904566E-04
  174.198472  1.3715642E-03  1.2885101E-03  1.0290584E-03  9.6674447E-04
  174.398470  2.7165200E-03  2.5515062E-03  2.3166404E-03  2.1759171E-03
  174.598467  4.0449146E-03  3.7984373E-03  3.5948667E-03  3.3758131E-03
  174.798465  5.3566452E-03  5.0292147E-03  4.8609136E-03  4.5637853E-03
  174.998462  6.6517724E-03  6.2439036E-03  6.1119250E-03  5.7371582E-03
  175.198460  7.9304522E-03  7.4426586E-03  7.3450706E-03  6.8932831E-03
  175.398457  9.1927606E-03  8.6255590E-03  8.5575049E-03  8.0294991E-03
  175.598454  1.0438618E-02  9.7925378E-03  9.7464185E-03  9.1431811E-03
  175.798452  1.1667655E-02  1.0943258E-02  1.0909028E-02  1.0231731E-02
  175.998449  1.2879098E-02  1.2077002E-02  1.2042565E-02  1.1292567E-02
  176.198447  1.4071727E-02  1.3192633E-02  1.3144332E-02  1.2323175E-02
  176.398444  1.5243761E-02  1.4288495E-02  1.4211654E-02  1.3321067E-02
  176.598442  1.6392873E-02  1.5362416E-02  1.5241944E-02  1.4283835E-02
  176.798439  1.7516125E-02  1.6411654E-02  1.6232660E-02  1.5209118E-02
  176.998436  1.8610020E-02  1.7432950E-02  1.7181352E-02  1.6094645E-02
  177.198434  1.9670523E-02  1.8422540E-02  1.8085657E-02  1.6938225E-02
  177.398431  2.0693107E-02  1.9376203E-02  1.8943293E-02  1.7737746E-02
  177.598429  2.1672876E-02  2.0289376E-02  1.9752098E-02  1.8491212E-02
  177.798426  2.2604623E-02  2.1157211E-02  2.0510007E-02  1.9196717E-02
  177.998424  2.3482993E-02  2.1974724E-02  2.1215088E-02  1.9852482E-02
  178.198421  2.4302574E-02  2.2736883E-02  2.1865525E-02  2.0456841E-02
  178.398418  2.5058065E-02  2.3438761E-02  2.2459652E-02  2.1008263E-02
  178.598416  2.5744399E-02  2.4075660E-02  2.2995943E-02  2.1505358E-02
  178.798413  2.6356869E-02  2.4643216E-02  2.3473020E-02  2.1946868E-02
  178.998411  2.6891274E-02  2.5137548E-02  2.3889675E-02  2.2331699E-02
  179.198408  2.7344007E-02  2.5555329E-02  2.4244857E-02  2.2658906E-02
  179.398406  2.7712173E-02  2.5893903E-02  2.4537701E-02  2.2927716E-02
  179.598403  2.7993640E-02  2.6151328E-02  2.4767512E-02  2.3137517E-02
  179.798400  2.8187106E-02  2.6326439E-02  2.4933790E-02  2.3287879E-02
  179.998398  2.8292115E-02  2.6418864E-02  2.5036222E-02  2.3378547E-02
  180.198395  2.8309060E-02  2.6429022E-02  2.5074691E-02  2.3409451E-02
  180.398393  2.8239155E-02  2.6358100E-02  2.5049279E-02  2.3380706E-02
  180.598390  2.8084389E-02  2.6208004E-02  2.4960271E-02  2.3292616E-02
  180.798388  2.7847449E-02  2.5981295E-02  2.4808152E-02  2.3145672E-02
  180.998385  2.7531637E-02  2.5681101E-02  2.4593616E-02  2.2940559E-02
  181.198382  2.7140756E-02  2.5311018E-02  2.4317556E-02  2.2678149E-02
  181.398380  2.6678999E-02  2.4875000E-02  2.3981066E-02  2.2359498E-02
  181.598377  2.6150828E-02  2.4377252E-02  2.3585445E-02  2.1985855E-02
  181.798375  2.5560842E-02  2.3822098E-02  2.3132180E-02  2.1558642E-02
  181.998372  2.4913668E-02  2.3213889E-02  2.2622957E-02  2.1079466E-02
  182.198370  2.4213832E-02  2.2556878E-02  2.2059639E-02  2.0550096E-02
  182.398367  2.3465679E-02  2.1855142E-02  2.1444276E-02  1.9972475E-02
  182.598364  2.2673265E-02  2.1112490E-02  2.0779080E-02  1.9348696E-02
  182.798362  2.1840302E-02  2.0332405E-02  2.0066424E-02  1.8680999E-02
  182.998359  2.0970122E-02  1.9518013E-02  1.9308844E-02  1.7971773E-02
  183.198357  2.0065627E-02  1.8672040E-02  1.8509000E-02  1.7223523E-02
  183.398354  1.9129322E-02  1.7796838E-02  1.7669698E-02  1.6438886E-02
  183.598351  1.8163305E-02  1.6894377E-02  1.6793850E-02  1.5620595E-02
  183.798349  1.7169318E-02  1.5966298E-02  1.5884473E-02  1.4771480E-02
  183.998346  1.6148831E-02  1.5013986E-02  1.4944687E-02  1.3894462E-02
  184.198344  1.5103072E-02  1.4038599E-02  1.3977673E-02  1.2992519E-02
  184.398341  1.4033163E-02  1.3041196E-02  1.2986697E-02  1.2068702E-02
  184.598339  1.2940168E-02  1.2022783E-02  1.1975052E-02  1.1126088E-02
  184.798336  1.1825236E-02  1.0984442E-02  1.0946091E-02  1.0167805E-02
  184.998333  1.0689659E-02  9.9273861E-03  9.9031728E-03  9.1969837E-03
  185.198331  9.5349767E-03  8.8530607E-03  8.8496642E-03  8.2167598E-03
  185.398328  8.3630784E-03  7.7632318E-03  7.7889423E-03  7.2302759E-03
  185.598326  7.1762275E-03  6.6600118E-03  6.7243441E-03  6.2406343E-03
  185.798323  5.9771589E-03  5.5459489E-03  5.6591954E-03  5.2509242E-03
  185.998321  4.7690627E-03  4.4240109E-03  4.5967555E-03  4.2641705E-03
  186.198318  3.5556418E-03  3.2976389E-03  3.5402472E-03  3.2833614E-03
  186.398315  2.3410571E-03  2.1706954E-03  2.4928078E-03  2.3114030E-03
  186.598313  1.1299119E-03  1.0474494E-03  1.4574938E-03  1.3511240E-03
  186.798310 -7.2785691E-05 -6.7458390E-05  4.3728552E-04  4.0527989E-04
  186.998308 -1.2617388E-03 -1.1691244E-03 -5.6495906E-04 -5.2348982E-04
  187.198305 -2.4314054E-03 -2.2524222E-03 -1.5464731E-03 -1.4326324E-03
  187.398303 -3.5761498E-03 -3.3121432E-03 -2.5046296E-03 -2.3197272E-03
  187.598300 -4.6903103E-03 -4.3430598E-03 -3.4369102E-03 -3.1824560E-03
  187.798297 -5.7683583E-03 -5.3400724E-03 -4.3409461E-03 -4.0186419E-03
  187.998295 -6.8050016E-03 -6.2983047E-03 -5.2145099E-03 -4.8262401E-03
  188.198292 -7.7952854E-03 -7.2131974E-03 -6.0555084E-03 -5.6033327E-03
  188.398290 -8.7347372E-03 -8.0806417E-03 -6.8620179E-03 -6.3481599E-03
  188.598287 -9.6194240E-03 -8.8970317E-03 -7.6322545E-03 -7.0590931E-03
  188.798285 -1.0446071E-02 -9.6593732E-03 -8.3646099E-03 -7.7346677E-03
  188.998282 -1.1212088E-02 -1.0365309E-02 -9.0576224E-03 -8.3735561E-03
  189.198279 -1.1915643E-02 -1.1013181E-02 -9.7100055E-03 -8.9745937E-03
  189.398277 -1.2555661E-02 -1.1602040E-02 -1.0320636E-02 -9.5367684E-03
  189.598274 -1.3131820E-02 -1.2131625E-02 -1.0888547E-02 -1.0059212E-02
  189.798272 -1.3644539E-02 -1.2602366E-02 -1.1412945E-02 -1.0541222E-02
  189.998269 -1.4094908E-02 -1.3015308E-02 -1.1893191E-02 -1.0982232E-02
  190.198267 -1.4484640E-02 -1.3372073E-02 -1.2328814E-02 -1.1381837E-02
  190.398264 -1.4815965E-02 -1.3674759E-02 -1.2719491E-02 -1.1739767E-02
  190.598261 -1.5091546E-02 -1.3925859E-02 -1.3065061E-02 -1.2055902E-02
  190.798259 -1.5314360E-02 -1.4128157E-02 -1.3365509E-02 -1.2330258E-02
  190.998256 -1.5487582E-02 -1.4284615E-02 -1.3620962E-02 -1.2562981E-02
  191.198254 -1.5614471E-02 -1.4398269E-02 -1.3831692E-02 -1.2754350E-02
  191.398251 -1.5698252E-02 -1.4472124E-02 -1.3998099E-02 -1.2904763E-02
  191.598248 -1.5742011E-02 -1.4509051E-02 -1.4120715E-02 -1.3014739E-02
  191.798246 -1.5748598E-02 -1.4511701E-02 -1.4200191E-02 -1.3084907E-02
  191.998243 -1.5720541E-02 -1.4482430E-02 -1.4237293E-02 -1.3116000E-02
  192.198241 -1.5659988E-02 -1.4423238E-02 -1.4232895E-02 -1.3108849E-02
  192.398238 -1.5568661E-02 -1.4335730E-02 -1.4187968E-02 -1.3064379E-02
  192.598236 -1.5447826E-02 -1.4221094E-02 -1.4103580E-02 -1.2983597E-02
  192.798233 -1.5298302E-02 -1.4080103E-02 -1.3980884E-02 -1.2867590E-02
  192.998230 -1.5120471E-02 -1.3913126E-02 -1.3821108E-02 -1.2717515E-02
  193.198228 -1.4914320E-02 -1.3720170E-02 -1.3625554E-02 -1.2534592E-02
  193.398225 -1.4679504E-02 -1.3500938E-02 -1.3395589E-02 -1.2320104E-02
  193.598223 -1.4415410E-02 -1.3254884E-02 -1.3132632E-02 -1.2075377E-02
  193.798220 -1.4121252E-02 -1.2981305E-02 -1.2838158E-02 -1.1801790E-02
  193.998218 -1.3796156E-02 -1.2679419E-02 -1.2513680E-02 -1.1500753E-02
  194.198215 -1.3439270E-02 -1.2348463E-02 -1.2160752E-02 -1.1173716E-02
  194.398212 -1.3049853E-02 -1.1987776E-02 -1.1780956E-02 -1.0822150E-02
  194.598210 -1.2627370E-02 -1.1596892E-02 -1.1375896E-02 -1.0447547E-02
  194.798207 -1.2171595E-02 -1.1175623E-02 -1.0947203E-02 -1.0051420E-02
  194.998205 -1.1682665E-02 -1.0724118E-02 -1.0496509E-02 -9.6352845E-03
  195.198202 -1.1161163E-02 -1.0242934E-02 -1.0025467E-02 -9.2006716E-03
  195.398200 -1.0608140E-02 -9.7330576E-03 -9.5357202E-03 -8.7491034E-03
  195.598197 -1.0025166E-02 -9.1959501E-03 -9.0289200E-03 -8.2821073E-03
  195.798194 -9.4143098E-03 -8.6335299E-03 -8.5067038E-03 -7.8011966E-03
  195.998192 -8.7781364E-03 -8.0481668E-03 -7.9706966E-03 -7.3078718E-03
  196.198189 -8.1196778E-03 -7.4426576E-03 -7.4225159E-03 -6.8036251E-03
  196.398187 -7.4423573E-03 -6.8201546E-03 -6.8637480E-03 -6.2899188E-03
  196.598184 -6.7499443E-03 -6.1841245E-03 -6.2959666E-03 -5.7682019E-03
  196.798182 -6.0464423E-03 -5.5382448E-03 -5.7207057E-03 -5.2398861E-03
  196.998179 -5.3360201E-03 -4.8863409E-03 -5.1394795E-03 -4.7063633E-03
  197.198176 -4.6228845E-03 -4.2322693E-03 -4.5537583E-03 -4.1689840E-03
  197.398174 -3.9111848E-03 -3.5798300E-03 -3.9649738E-03 -3.6290620E-03
  197.598171 -3.2049179E-03 -2.9326798E-03 -3.3745253E-03 -3.0878801E-03
  197.798169 -2.5078035E-03 -2.2942187E-03 -2.7837553E-03 -2.5466682E-03
  197.998166 -1.8232210E-03 -1.6675315E-03 -2.1939712E-03 -2.0066224E-03
  198.198164 -1.1541021E-03 -1.0552911E-03 -1.6064188E-03 -1.4688817E-03
  198.398161 -5.0289443E-04 -4.5972490E-04 -1.0223037E-03 -9.3454701E-04
  198.598158  1.2850839E-04  1.1744803E-04 -4.4276874E-04 -4.0466087E-04
  198.798156  7.3878323E-04  6.7503177E-04  1.3109869E-04  1.1978585E-04
  198.998153  1.3271756E-03  1.2123510E-03  6.9825938E-04  6.3784736E-04
  199.198151  1.8935071E-03  1.7292572E-03  1.2577434E-03  1.1486420E-03
  199.398148  2.4381185E-03  2.2260762E-03  1.8086278E-03  1.6513321E-03
  199.598145  2.9618382E-03  2.7035784E-03  2.3500570E-03  2.1451420E-03
  199.798143  3.4659054E-03  3.1629087E-03  2.8812335E-03  2.6293501E-03
  199.998140  3.9518817E-03  3.6055048E-03  3.4014099E-03  3.1032812E-03
