 # k       S(k)       S(k)_form^2       S(k)_Lorch          S(k)_Lorch_form^2
    0.200000  7.2946084E-01  7.0993923E-01 -1.3133414E+00 -1.2781942E+00
    0.400000  3.3489573E-01  3.2593149E-01 -1.2442840E+00 -1.2109779E+00
    0.600000 -2.1704247E-01 -2.1123082E-01 -1.1287228E+00 -1.0984995E+00
    0.800000 -7.9403568E-01 -7.7276379E-01 -9.6729128E-01 -9.4137794E-01
    1.000000 -1.2566663E+00 -1.2229797E+00 -7.6312554E-01 -7.4266893E-01
    1.200000 -1.4906499E+00 -1.4506605E+00 -5.2325712E-01 -5.0921979E-01
    1.400000 -1.4327330E+00 -1.3942627E+00 -2.5943165E-01 -2.5246565E-01
    1.600000 -1.0842873E+00 -1.0551428E+00  1.2004091E-02  1.1681433E-02
    1.800000 -5.0973288E-01 -4.9601561E-01  2.7129029E-01  2.6398967E-01
    2.000000  1.7934751E-01  1.7451478E-01  4.9740172E-01  4.8399865E-01
    2.200000  8.5015033E-01  8.2720866E-01  6.7079927E-01  6.5269747E-01
    2.400000  1.3781677E+00  1.3409179E+00  7.7626543E-01  7.5528418E-01
    2.600000  1.6732494E+00  1.6279457E+00  8.0525750E-01  7.8345493E-01
    2.800000  1.6963798E+00  1.6503640E+00  7.5729313E-01  7.3675088E-01
    3.000000  1.4638992E+00  1.4241100E+00  6.4007389E-01  6.2267646E-01
    3.200000  1.0391121E+00  1.0108082E+00  4.6830779E-01  4.5555173E-01
    3.400000  5.1424445E-01  5.0020519E-01  2.6145340E-01  2.5431552E-01
    3.600000 -1.2205115E-02 -1.1871101E-02  4.0816632E-02  3.9699614E-02
    3.800000 -4.5699544E-01 -4.4445703E-01 -1.7345672E-01 -1.6869765E-01
    4.000000 -7.6762313E-01 -7.4650550E-01 -3.6495641E-01 -3.5491631E-01
    4.200000 -9.2877392E-01 -9.0315080E-01 -5.2273184E-01 -5.0831065E-01
    4.400000 -9.5928907E-01 -9.3274579E-01 -6.4194157E-01 -6.2417921E-01
    4.600000 -9.0158497E-01 -8.7656117E-01 -7.2343246E-01 -7.0335335E-01
    4.800000 -8.0712535E-01 -7.8465102E-01 -7.7245886E-01 -7.5094982E-01
    5.000000 -7.2210820E-01 -7.0193361E-01 -7.9689570E-01 -7.7463166E-01
    5.200000 -6.7695269E-01 -6.5797361E-01 -8.0535293E-01 -7.8277402E-01
    5.400001 -6.8172233E-01 -6.6254027E-01 -8.0556147E-01 -7.8289486E-01
    5.600001 -7.2777352E-01 -7.0721878E-01 -8.0328963E-01 -7.8060207E-01
    5.800001 -7.9421695E-01 -7.7169846E-01 -8.0189789E-01 -7.7916163E-01
    6.000001 -8.5666465E-01 -8.3227806E-01 -8.0248760E-01 -7.7964326E-01
    6.200001 -8.9545426E-01 -8.6985781E-01 -8.0448041E-01 -7.8148444E-01
    6.400000 -9.0107801E-01 -8.7521078E-01 -8.0640184E-01 -7.8325248E-01
    6.600000 -8.7565403E-01 -8.5040608E-01 -8.0664219E-01 -7.8338408E-01
    6.800000 -8.3058293E-01 -8.0652618E-01 -8.0402010E-01 -7.8073270E-01
    6.999999 -7.8163700E-01 -7.5889265E-01 -7.9805879E-01 -7.7483660E-01
    7.199999 -7.4333037E-01 -7.2159745E-01 -7.8897530E-01 -7.6590785E-01
    7.399999 -7.2440823E-01 -7.0312486E-01 -7.7745698E-01 -7.5461502E-01
    7.599998 -7.2571836E-01 -7.0428954E-01 -7.6433892E-01 -7.4176972E-01
    7.799998 -7.4085318E-01 -7.1886509E-01 -7.5029877E-01 -7.2803035E-01
    7.999998 -7.5904018E-01 -7.3639392E-01 -7.3565706E-01 -7.1370845E-01
    8.199997 -7.6911491E-01 -7.4604479E-01 -7.2032081E-01 -6.9871430E-01
    8.399997 -7.6319352E-01 -7.4017537E-01 -7.0386030E-01 -6.8263165E-01
    8.599997 -7.3889803E-01 -7.1648778E-01 -6.8567099E-01 -6.6487508E-01
    8.799996 -6.9956348E-01 -6.7822494E-01 -6.6515392E-01 -6.4486496E-01
    8.999996 -6.5255160E-01 -6.3253107E-01 -6.4185495E-01 -6.2216259E-01
    9.199996 -6.0639614E-01 -5.8768123E-01 -6.1552703E-01 -5.9653032E-01
    9.399995 -5.6780828E-01 -5.5017837E-01 -5.8610659E-01 -5.6790853E-01
    9.599995 -5.3953072E-01 -5.2267576E-01 -5.5362564E-01 -5.3633036E-01
    9.799995 -5.1967033E-01 -5.0333427E-01 -5.1809912E-01 -5.0181245E-01
    9.999994 -5.0260349E-01 -4.8670350E-01 -4.7942518E-01 -4.6425844E-01
   10.199994 -4.8103435E-01 -4.6571843E-01 -4.3732964E-01 -4.2340526E-01
   10.399994 -4.4844124E-01 -4.3406946E-01 -3.9136814E-01 -3.7882546E-01
   10.599993 -4.0107638E-01 -3.8813706E-01 -3.4097520E-01 -3.2997483E-01
   10.799993 -3.3889170E-01 -3.2788478E-01 -2.8554019E-01 -2.7626608E-01
   10.999992 -2.6516394E-01 -2.5649274E-01 -2.2448779E-01 -2.1714675E-01
   11.199992 -1.8502642E-01 -1.7893389E-01 -1.5733644E-01 -1.5215568E-01
   11.399992 -1.0347611E-01 -1.0004495E-01 -8.3735004E-02 -8.0958440E-02
   11.599991 -2.3549107E-02 -2.2762698E-02 -3.4767406E-03 -3.3606367E-03
   11.799991  5.4726449E-02  5.2885756E-02  8.3491300E-02  8.0683118E-02
   11.999991  1.3427669E-01  1.2972755E-01  1.7704019E-01  1.7104227E-01
   12.199990  2.1988825E-01  2.1238397E-01  2.7680636E-01  2.6735960E-01
   12.399990  3.1645877E-01  3.0557861E-01  3.8211025E-01  3.6897292E-01
   12.599990  4.2716604E-01  4.1236957E-01  4.9185440E-01  4.7481721E-01
   12.799990  5.5213660E-01  5.3286661E-01  6.0443623E-01  5.8334095E-01
   12.999991  6.8799536E-01  6.6380046E-01  7.1769947E-01  6.9245997E-01
   13.199991  8.2838535E-01  7.9902898E-01  8.2895119E-01  7.9957476E-01
   13.399991  9.6525557E-01  9.3078318E-01  9.3506838E-01  9.0167407E-01
   13.599992  1.0904783E+00  1.0512291E+00  1.0326820E+00  9.9551297E-01
   13.799992  1.1973152E+00  1.1538809E+00  1.1184246E+00  1.0778521E+00
   13.999993  1.2813467E+00  1.2344949E+00  1.1892126E+00  1.1457297E+00
   14.199993  1.3406716E+00  1.2912588E+00  1.2425100E+00  1.1967151E+00
   14.399993  1.3754615E+00  1.3243587E+00  1.2765479E+00  1.2291201E+00
   14.599994  1.3871232E+00  1.3351702E+00  1.2904591E+00  1.2421265E+00
   14.799994  1.3774329E+00  1.3254231E+00  1.2843186E+00  1.2358246E+00
   14.999995  1.3479535E+00  1.2966405E+00  1.2590900E+00  1.2111599E+00
   15.199995  1.2999023E+00  1.2500118E+00  1.2164937E+00  1.1698044E+00
   15.399995  1.2344413E+00  1.1866721E+00  1.1588208E+00  1.1139780E+00
   15.599996  1.1532017E+00  1.1082063E+00  1.0887255E+00  1.0462459E+00
   15.799996  1.0587655E+00  1.0171111E+00  1.0090205E+00  9.6932322E-01
   15.999997  9.5484977E-01  9.1697000E-01  9.2249364E-01  8.8589748E-01
   16.199997  8.4607197E-01  8.1222639E-01  8.3176606E-01  7.9849276E-01
   16.399997  7.3731879E-01  7.0757594E-01  7.3918585E-01  7.0936769E-01
   16.599998  6.3291756E-01  6.0717120E-01  6.4676561E-01  6.2045592E-01
   16.799998  5.3587542E-01  5.1389267E-01  5.5615511E-01  5.3334044E-01
   16.999999  4.4743640E-01  4.2892643E-01  4.6863787E-01  4.4925082E-01
   17.199999  3.6711932E-01  3.5180339E-01  3.8515665E-01  3.6908822E-01
   17.399999  2.9321392E-01  2.8087756E-01  3.0634834E-01  2.9345938E-01
   17.600000  2.2358457E-01  2.1409790E-01  2.3259395E-01  2.2272501E-01
   17.800000  1.5651556E-01  1.4981824E-01  1.6407330E-01  1.5705258E-01
   18.000001  9.1325834E-02  8.7384799E-02  1.0081570E-01  9.6465141E-02
   18.200001  2.8574200E-02  2.7330649E-02  4.2750160E-02  4.0889670E-02
   18.400002 -3.0199879E-02 -2.8874418E-02 -1.0259493E-02 -9.8092080E-03
   18.600002 -8.3079751E-02 -7.9402468E-02 -5.8387042E-02 -5.5802709E-02
   18.800002 -1.2850634E-01 -1.2277015E-01 -1.0183271E-01 -9.7287166E-02
   19.000003 -1.6587921E-01 -1.5841208E-01 -1.4081895E-01 -1.3447992E-01
   19.200003 -1.9582366E-01 -1.8693401E-01 -1.7559198E-01 -1.6762078E-01
   19.400004 -2.2004115E-01 -2.0996777E-01 -2.0642568E-01 -1.9697562E-01
   19.600004 -2.4080043E-01 -2.2968381E-01 -2.3361895E-01 -2.2283387E-01
   19.800004 -2.6025504E-01 -2.4813927E-01 -2.5748977E-01 -2.4550273E-01
   20.000005 -2.7981911E-01 -2.6668330E-01 -2.7836184E-01 -2.6529445E-01
   20.200005 -2.9981142E-01 -2.8561938E-01 -2.9654830E-01 -2.8251073E-01
   20.400006 -3.1947954E-01 -3.0423037E-01 -3.1233705E-01 -2.9742880E-01
   20.600006 -3.3738069E-01 -3.2114323E-01 -3.2597897E-01 -3.1029025E-01
   20.800006 -3.5198021E-01 -3.3489981E-01 -3.3768457E-01 -3.2129789E-01
   21.000007 -3.6225421E-01 -3.4453022E-01 -3.4762722E-01 -3.3061888E-01
   21.200007 -3.6809155E-01 -3.4993397E-01 -3.5595242E-01 -3.3839365E-01
   21.400008 -3.7036415E-01 -3.5194500E-01 -3.6279005E-01 -3.4474757E-01
   21.600008 -3.7065131E-01 -3.5206775E-01 -3.6826483E-01 -3.4980093E-01
   21.800008 -3.7072395E-01 -3.5198611E-01 -3.7250314E-01 -3.5367537E-01
   22.000009 -3.7197290E-01 -3.5302033E-01 -3.7563372E-01 -3.5649462E-01
   22.200009 -3.7497953E-01 -3.5572053E-01 -3.7778341E-01 -3.5838040E-01
   22.400010 -3.7937298E-01 -3.5973292E-01 -3.7907008E-01 -3.5944570E-01
   22.600010 -3.8401513E-01 -3.6397710E-01 -3.7959533E-01 -3.5978793E-01
   22.800010 -3.8744188E-01 -3.6706570E-01 -3.7944026E-01 -3.5948490E-01
   23.000011 -3.8840203E-01 -3.6781537E-01 -3.7866553E-01 -3.5859495E-01
   23.200011 -3.8630657E-01 -3.6567166E-01 -3.7731599E-01 -3.5716133E-01
   23.400012 -3.8143631E-01 -3.6090410E-01 -3.7542804E-01 -3.5521924E-01
   23.600012 -3.7484293E-01 -3.5451080E-01 -3.7303760E-01 -3.5280339E-01
   23.800012 -3.6798493E-01 -3.4787273E-01 -3.7018593E-01 -3.4995343E-01
   24.000013 -3.6223110E-01 -3.4228369E-01 -3.6692175E-01 -3.4671603E-01
   24.200013 -3.5840540E-01 -3.3852060E-01 -3.6329944E-01 -3.4314310E-01
   24.400014 -3.5652905E-01 -3.3660113E-01 -3.5937400E-01 -3.3928706E-01
   24.600014 -3.5584446E-01 -3.3580800E-01 -3.5519543E-01 -3.3519552E-01
   24.800014 -3.5510612E-01 -3.3496490E-01 -3.5080396E-01 -3.3090675E-01
   25.000015 -3.5303236E-01 -3.3286350E-01 -3.4622836E-01 -3.2644821E-01
   25.200015 -3.4875906E-01 -3.2869107E-01 -3.4148766E-01 -3.2183807E-01
   25.400016 -3.4213884E-01 -3.2231154E-01 -3.3659522E-01 -3.1708918E-01
   25.600016 -3.3378664E-01 -3.1430687E-01 -3.3156417E-01 -3.1221410E-01
   25.800017 -3.2486069E-01 -3.0576935E-01 -3.2641139E-01 -3.0722892E-01
   26.000017 -3.1666082E-01 -2.9792261E-01 -3.2115950E-01 -3.0215509E-01
   26.200017 -3.1018490E-01 -2.9170420E-01 -3.1583532E-01 -2.9701797E-01
   26.400018 -3.0579785E-01 -2.8745506E-01 -3.1046613E-01 -2.9184332E-01
   26.600018 -3.0312380E-01 -2.8481950E-01 -3.0507502E-01 -2.8665289E-01
   26.800019 -3.0119395E-01 -2.8288558E-01 -2.9967675E-01 -2.8146060E-01
   27.000019 -2.9879446E-01 -2.8051285E-01 -2.9427649E-01 -2.7627131E-01
   27.200019 -2.9489041E-01 -2.7673072E-01 -2.8887114E-01 -2.7108213E-01
   27.400020 -2.8897928E-01 -2.7106960E-01 -2.8345349E-01 -2.6588628E-01
   27.600020 -2.8125445E-01 -2.6371320E-01 -2.7801748E-01 -2.6067811E-01
   27.800021 -2.7252637E-01 -2.5542321E-01 -2.7256240E-01 -2.5545698E-01
   28.000021 -2.6393447E-01 -2.4726826E-01 -2.6709498E-01 -2.5022919E-01
   28.200021 -2.5655180E-01 -2.4025304E-01 -2.6162772E-01 -2.4500648E-01
   28.400022 -2.5102098E-01 -2.3497767E-01 -2.5617440E-01 -2.3980172E-01
   28.600022 -2.4734424E-01 -2.3144210E-01 -2.5074382E-01 -2.3462311E-01
   28.800023 -2.4489564E-01 -2.2905876E-01 -2.4533352E-01 -2.2946833E-01
   29.000023 -2.4264598E-01 -2.2686401E-01 -2.3992632E-01 -2.2432124E-01
   29.200023 -2.3951787E-01 -2.2385071E-01 -2.3448998E-01 -2.1915171E-01
   29.400024 -2.3474650E-01 -2.1930535E-01 -2.2898126E-01 -2.1391934E-01
   29.600024 -2.2812290E-01 -2.1303456E-01 -2.2335288E-01 -2.0858003E-01
   29.800025 -2.2003942E-01 -2.0540655E-01 -2.1756148E-01 -2.0309340E-01
   30.000025 -2.1132841E-01 -1.9719957E-01 -2.1157498E-01 -1.9742966E-01
   30.200025 -2.0295483E-01 -1.8931431E-01 -2.0537664E-01 -1.9157334E-01
   30.400026 -1.9567372E-01 -1.8245436E-01 -1.9896555E-01 -1.8552380E-01
   30.600026 -1.8977154E-01 -1.7688554E-01 -1.9235349E-01 -1.7929217E-01
   30.800027 -1.8497836E-01 -1.7235486E-01 -1.8555891E-01 -1.7289579E-01
   31.000027 -1.8057739E-01 -1.6819351E-01 -1.7860077E-01 -1.6635244E-01
   31.200027 -1.7566789E-01 -1.6356239E-01 -1.7149307E-01 -1.5967526E-01
   31.400028 -1.6948662E-01 -1.5775157E-01 -1.6424228E-01 -1.5287034E-01
   31.600028 -1.6167427E-01 -1.5042791E-01 -1.5684776E-01 -1.4593715E-01
   31.800029 -1.5239473E-01 -1.4174535E-01 -1.4930437E-01 -1.3887095E-01
   32.000029 -1.4226962E-01 -1.3228316E-01 -1.4160694E-01 -1.3166699E-01
   32.200029 -1.3215363E-01 -1.2283644E-01 -1.3375408E-01 -1.2432405E-01
   32.400030 -1.2283331E-01 -1.1413589E-01 -1.2575109E-01 -1.1684707E-01
   32.600030 -1.1475551E-01 -1.0659575E-01 -1.1761084E-01 -1.0924804E-01
   32.800031 -1.0787955E-01 -1.0017700E-01 -1.0935258E-01 -1.0154485E-01
   33.000031 -1.0170349E-01 -9.4412551E-02 -1.0100018E-01 -9.3759655E-02
   33.200032 -9.5451673E-02 -8.8581862E-02 -9.2579718E-02 -8.5916606E-02
   33.400032 -8.8356560E-02 -8.1972829E-02 -8.4118536E-02 -7.8041001E-02
   33.600032 -7.9934682E-02 -7.4137639E-02 -7.5644893E-02 -7.0158955E-02
   33.800033 -7.0161511E-02 -6.5054502E-02 -6.7189142E-02 -6.2298491E-02
   34.000033 -5.9485991E-02 -5.5140494E-02 -5.8785280E-02 -5.4490971E-02
   34.200034 -4.8681507E-02 -4.5112835E-02 -5.0471571E-02 -4.6771676E-02
   34.400034 -3.8588385E-02 -3.5749958E-02 -4.2290527E-02 -3.9179783E-02
   34.600034 -2.9837004E-02 -2.7635013E-02 -3.4286702E-02 -3.1756321E-02
   34.800035 -2.2648245E-02 -2.0971394E-02 -2.6503650E-02 -2.4541349E-02
   35.000035 -1.6777748E-02 -1.5531646E-02 -1.8980476E-02 -1.7570775E-02
   35.200036 -1.1619978E-02 -1.0754320E-02 -1.1748745E-02 -1.0873495E-02
   35.400036 -6.4336797E-03 -5.9529720E-03 -4.8317162E-03 -4.4707031E-03
   35.600036 -6.0775244E-04 -5.6221279E-04  1.7546695E-03  1.6231899E-03
   35.800037  6.1240990E-03  5.6639411E-03  7.9982444E-03  7.3972654E-03
   36.000037  1.3592586E-02  1.2568518E-02  1.3885745E-02  1.2839591E-02
   36.200038  2.1254323E-02  1.9648875E-02  1.9398172E-02  1.7932929E-02
   36.400038  2.8379523E-02  2.6230522E-02  2.4507009E-02  2.2651248E-02
   36.600038  3.4298600E-02  3.1695141E-02  2.9173255E-02  2.6958839E-02
   36.800039  3.8619848E-02  3.5681602E-02  3.3348985E-02  3.0811753E-02
   37.000039  4.1343938E-02  3.8191455E-02  3.6981420E-02  3.4161580E-02
   37.200040  4.2838403E-02  3.9565012E-02  4.0018689E-02  3.6960760E-02
   37.400040  4.3684622E-02  4.0339769E-02  4.2415416E-02  3.9167744E-02
   37.600040  4.4454896E-02  4.1044443E-02  4.4137302E-02  4.0751213E-02
   37.800041  4.5499737E-02  4.2002655E-02  4.5163303E-02  4.1692078E-02
   38.000041  4.6820444E-02  4.3215511E-02  4.5485272E-02  4.1983140E-02
   38.200042  4.8070343E-02  4.4362989E-02  4.5105380E-02  4.1626694E-02
   38.400042  4.8681620E-02  4.4921192E-02  4.4032138E-02  4.0630861E-02
   38.600042  4.8070608E-02  4.4351852E-02  4.2276274E-02  3.9005769E-02
   38.800043  4.5847073E-02  4.2295376E-02  3.9847542E-02  3.6760619E-02
   39.000043  4.1953159E-02  3.8698874E-02  3.6753354E-02  3.3902415E-02
   39.200044  3.6683200E-02  3.3834246E-02  3.2999275E-02  3.0436429E-02
   39.400044  3.0579140E-02  2.8201582E-02  2.8591501E-02  2.6368483E-02
   39.600044  2.4239647E-02  2.2353044E-02  2.3540179E-02  2.1708016E-02
   39.800045  1.8112283E-02  1.6701252E-02  1.7863118E-02  1.6471499E-02
   40.000045  1.2342856E-02  1.1380472E-02  1.1588949E-02  1.0685348E-02
   40.200046  6.7351642E-03  6.2096171E-03  4.7587409E-03  4.3874148E-03
   40.400046  8.3584578E-04  7.7058070E-04 -2.5734397E-03 -2.3724986E-03
   40.600047 -5.8868126E-03 -5.4268875E-03 -1.0341979E-02 -9.5339801E-03
   40.800047 -1.3832768E-02 -1.2751510E-02 -1.8471783E-02 -1.7027910E-02
   41.000047 -2.3104115E-02 -2.1297424E-02 -2.6881626E-02 -2.4779542E-02
   41.200048 -3.3441164E-02 -3.0825323E-02 -3.5487335E-02 -3.2711438E-02
   41.400048 -4.4283811E-02 -4.0819063E-02 -4.4204720E-02 -4.0746160E-02
   41.600049 -5.4937838E-02 -5.0638948E-02 -5.2952348E-02 -4.8808824E-02
   41.800049 -6.4787379E-02 -5.9717536E-02 -6.1652867E-02 -5.6828310E-02
   42.000049 -7.3481398E-02 -6.7731469E-02 -7.0234088E-02 -6.4738261E-02
   42.200050 -8.1028578E-02 -7.4688919E-02 -7.8628814E-02 -7.2476911E-02
   42.400050 -8.7768767E-02 -8.0903269E-02 -8.6774041E-02 -7.9986353E-02
   42.600051 -9.4231607E-02 -8.6862840E-02 -9.4610271E-02 -8.7211893E-02
   42.800051 -1.0093092E-01 -9.3041402E-02 -1.0208027E-01 -9.4100907E-02
   43.000051 -1.0816714E-01 -9.9716066E-02 -1.0912891E-01 -1.0060269E-01
   43.200052 -1.1590521E-01 -1.0685472E-01 -1.1570338E-01 -1.0666865E-01
   43.400052 -1.2377007E-01 -1.1411180E-01 -1.2175438E-01 -1.1225341E-01
   43.600053 -1.3116123E-01 -1.2093381E-01 -1.2723842E-01 -1.1731688E-01
   43.800053 -1.3744580E-01 -1.2673721E-01 -1.3212007E-01 -1.2182642E-01
   44.000053 -1.4216460E-01 -1.3109850E-01 -1.3637456E-01 -1.2575916E-01
   44.200054 -1.4518015E-01 -1.3389062E-01 -1.3998928E-01 -1.2910341E-01
   44.400054 -1.4671697E-01 -1.3532031E-01 -1.4296391E-01 -1.3185878E-01
   44.600055 -1.4728145E-01 -1.3585434E-01 -1.4530911E-01 -1.3403502E-01
   44.800055 -1.4748936E-01 -1.3606047E-01 -1.4704338E-01 -1.3564904E-01
   45.000055 -1.4786044E-01 -1.3641812E-01 -1.4818895E-01 -1.3672122E-01
   45.200056 -1.4864967E-01 -1.3716264E-01 -1.4876734E-01 -1.3727122E-01
   45.400056 -1.4977128E-01 -1.3821500E-01 -1.4879548E-01 -1.3731449E-01
   45.600057 -1.5083909E-01 -1.3921890E-01 -1.4828339E-01 -1.3686008E-01
   45.800057 -1.5130699E-01 -1.3967022E-01 -1.4723376E-01 -1.3591026E-01
   46.000057 -1.5065978E-01 -1.3909309E-01 -1.4564363E-01 -1.3446206E-01
   46.200058 -1.4858834E-01 -1.3720161E-01 -1.4350758E-01 -1.3251021E-01
   46.400058 -1.4509038E-01 -1.3399300E-01 -1.4082183E-01 -1.3005094E-01
   46.600059 -1.4046419E-01 -1.2974210E-01 -1.3758797E-01 -1.2708543E-01
   46.800059 -1.3520105E-01 -1.2490214E-01 -1.3381580E-01 -1.2362241E-01
   47.000059 -1.2981532E-01 -1.1994798E-01 -1.2952420E-01 -1.1967899E-01
   47.200060 -1.2467276E-01 -1.1521750E-01 -1.2474034E-01 -1.1527995E-01
   47.400060 -1.1987618E-01 -1.1080573E-01 -1.1949729E-01 -1.1045551E-01
   47.600061 -1.1524577E-01 -1.0654655E-01 -1.1383054E-01 -1.0523815E-01
   47.800061 -1.1039926E-01 -1.0208646E-01 -1.0777476E-01 -9.9659584E-02
   48.000062 -1.0490037E-01 -9.7021748E-02 -1.0136085E-01 -9.3748067E-02
   48.200062 -9.8422956E-02 -9.1050233E-02 -9.4614553E-02 -8.7527112E-02
   48.400062 -9.0872268E-02 -8.4083546E-02 -8.7556080E-02 -8.1015098E-02
   48.600063 -8.2422075E-02 -7.6281735E-02 -8.0201075E-02 -7.4226197E-02
   48.800063 -7.3456182E-02 -6.7999401E-02 -7.2562404E-02 -6.7172019E-02
   49.000064 -6.4435933E-02 -5.9663245E-02 -6.4651749E-02 -5.9863076E-02
   49.200064 -5.5742407E-02 -5.1626031E-02 -5.6481490E-02 -5.2310536E-02
   49.400064 -4.7547971E-02 -4.4047524E-02 -4.8065460E-02 -4.4526916E-02
   49.600065 -3.9762961E-02 -3.6844858E-02 -3.9419457E-02 -3.6526563E-02
   49.800065 -3.2074937E-02 -2.9728622E-02 -3.0561281E-02 -2.8325691E-02
   50.000066 -2.4065527E-02 -2.2310907E-02 -2.1510064E-02 -1.9941763E-02
   50.200063 -1.5364238E-02 -1.4247798E-02 -1.2286361E-02 -1.1393575E-02
   50.400060 -5.7835054E-03 -5.3646920E-03 -2.9111487E-03 -2.7003374E-03
   50.600058  4.6099050E-03  4.2772484E-03  6.5937412E-03  6.1179285E-03
   50.800055  1.5512733E-02  1.4397318E-02  1.6205619E-02  1.5040382E-02
   51.000053  2.6485202E-02  2.4587771E-02  2.5901294E-02  2.4045695E-02
   51.200050  3.7096499E-02  3.4448731E-02  3.5656836E-02  3.3111825E-02
   51.400048  4.7066321E-02  4.3719658E-02  4.5448258E-02  4.2216648E-02
   51.600045  5.6351913E-02  5.2360416E-02  5.5251526E-02  5.1337971E-02
   51.800042  6.5152545E-02  6.0555752E-02  6.5043299E-02  6.0454214E-02
   52.000040  7.3829693E-02  6.8641427E-02  7.4801028E-02  6.9544503E-02
   52.200037  8.2772054E-02  7.6978913E-02  8.4502839E-02  7.8588561E-02
   52.400035  9.2253156E-02  8.5822984E-02  9.4127650E-02  8.7566823E-02
   52.600032  1.0232997E-01  9.5227210E-02  1.0365441E-01  9.6459718E-02
   52.800030  1.1281843E-01  1.0502085E-01  1.1306207E-01  1.0524765E-01
   53.000027  1.2335200E-01  1.1486304E-01  1.2232889E-01  1.1391035E-01
   53.200024  1.3350346E-01  1.2435598E-01  1.3143273E-01  1.2242713E-01
   53.400022  1.4292586E-01  1.3317610E-01  1.4035095E-01  1.3077684E-01
   53.600019  1.5146399E-01  1.4117814E-01  1.4906064E-01  1.3893799E-01
   53.800017  1.5919872E-01  1.4843673E-01  1.5753912E-01  1.4688933E-01
   54.000014  1.6640837E-01  1.5521080E-01  1.6576382E-01  1.5460962E-01
   54.200011  1.7346281E-01  1.6184498E-01  1.7371253E-01  1.6207797E-01
   54.400009  1.8068654E-01  1.6864202E-01  1.8136309E-01  1.6927347E-01
   54.600006  1.8823885E-01  1.7575085E-01  1.8869307E-01  1.7617493E-01
   54.800004  1.9605271E-01  1.8310921E-01  1.9567995E-01  1.8276105E-01
   55.000001  2.0385189E-01  1.9045929E-01  2.0230103E-01  1.8901031E-01
   55.199999  2.1124088E-01  1.9743147E-01  2.0853426E-01  1.9490179E-01
   55.399996  2.1783471E-01  2.0366543E-01  2.1435889E-01  2.0041570E-01
   55.599993  2.2338481E-01  2.0892794E-01  2.1975663E-01  2.0553457E-01
   55.799991  2.2785685E-01  2.1318585E-01  2.2471251E-01  2.1024397E-01
   55.999988  2.3143504E-01  2.1661051E-01  2.2921531E-01  2.1453297E-01
   56.199986  2.3445237E-01  2.1951280E-01  2.3325770E-01  2.1839425E-01
   56.399983  2.3727138E-01  2.2223170E-01  2.3683556E-01  2.2182350E-01
   56.599981  2.4015750E-01  2.2501571E-01  2.3994717E-01  2.2481864E-01
   56.799978  2.4318791E-01  2.2793722E-01  2.4259207E-01  2.2737874E-01
   56.999975  2.4622716E-01  2.3086937E-01  2.4477036E-01  2.2950342E-01
   57.199973  2.4897641E-01  2.3353185E-01  2.4648237E-01  2.3119251E-01
   57.399970  2.5107854E-01  2.3558925E-01  2.4772898E-01  2.3244633E-01
   57.599968  2.5224230E-01  2.3676755E-01  2.4851250E-01  2.3326657E-01
   57.799965  2.5234261E-01  2.3694829E-01  2.4883783E-01  2.3365732E-01
   57.999963  2.5146322E-01  2.3620903E-01  2.4871343E-01  2.3362604E-01
   58.199960  2.4986807E-01  2.3479675E-01  2.4815187E-01  2.3318406E-01
   58.399957  2.4791239E-01  2.3304462E-01  2.4716957E-01  2.3234636E-01
   58.599955  2.4592500E-01  2.3126146E-01  2.4578576E-01  2.3113053E-01
   58.799952  2.4410239E-01  2.2963206E-01  2.4402075E-01  2.2955526E-01
   58.999950  2.4245032E-01  2.2816198E-01  2.4189396E-01  2.2763841E-01
   59.199947  2.4079185E-01  2.2668480E-01  2.3942221E-01  2.2539541E-01
   59.399945  2.3883722E-01  2.2492762E-01  2.3661848E-01  2.2283811E-01
   59.599942  2.3629030E-01  2.2261113E-01  2.3349184E-01  2.1997468E-01
   59.799939  2.3295399E-01  2.1954892E-01  2.3004811E-01  2.1681025E-01
   59.999937  2.2879849E-01  2.1571206E-01  2.2629149E-01  2.1334845E-01
   60.199934  2.2397002E-01  2.1123759E-01  2.2222670E-01  2.0959337E-01
   60.399932  2.1873831E-01  2.0637927E-01  2.1786072E-01  2.0555128E-01
   60.599929  2.1340313E-01  2.0141964E-01  2.1320457E-01  2.0123223E-01
   60.799927  2.0819305E-01  1.9657435E-01  2.0827373E-01  1.9665053E-01
   60.999924  2.0319239E-01  1.9192319E-01  2.0308810E-01  1.9182469E-01
   61.199921  1.9832093E-01  1.8739058E-01  1.9767072E-01  1.8677620E-01
   61.399919  1.9337268E-01  1.8278191E-01  1.9204610E-01  1.8152799E-01
   61.599916  1.8809867E-01  1.7786169E-01  1.8623836E-01  1.7610263E-01
   61.799914  1.8230338E-01  1.7244464E-01  1.8026912E-01  1.7052039E-01
   61.999911  1.7592099E-01  1.6646793E-01  1.7415639E-01  1.6479815E-01
   62.199908  1.6904361E-01  1.6001815E-01  1.6791352E-01  1.5894840E-01
   62.399906  1.6189258E-01  1.5330439E-01  1.6154929E-01  1.5297931E-01
   62.599903  1.5474308E-01  1.4658705E-01  1.5506863E-01  1.4689544E-01
   62.799901  1.4782863E-01  1.4008744E-01  1.4847356E-01  1.4069860E-01
   62.999898  1.4126023E-01  1.3391104E-01  1.4176499E-01  1.3438953E-01
   63.199896  1.3498780E-01  1.2801071E-01  1.3494404E-01  1.2796921E-01
   63.399893  1.2881860E-01  1.2220391E-01  1.2801381E-01  1.2144045E-01
   63.599890  1.2248550E-01  1.1623728E-01  1.2098015E-01  1.1480873E-01
   63.799888  1.1574219E-01  1.0987684E-01  1.1385232E-01  1.0808274E-01
   63.999885  1.0845192E-01  1.0299230E-01  1.0664297E-01  1.0127441E-01
   64.199883  1.0063870E-01  9.5605968E-02  9.9367093E-02  9.4397949E-02
   64.399880  9.2483998E-02  8.7889784E-02  9.2041108E-02  8.7468895E-02
   64.599878  8.4268831E-02  8.0110593E-02  8.4680984E-02  8.0502409E-02
   64.799875  7.6282328E-02  7.2543320E-02  7.7301060E-02  7.3512117E-02
   64.999872  6.8726837E-02  6.5380714E-02  6.9912645E-02  6.6508788E-02
   65.199870  6.1652907E-02  5.8671335E-02  6.2523614E-02  5.9499934E-02
   65.399867  5.4945766E-02  5.2306424E-02  5.5138741E-02  5.2490129E-02
   65.599865  4.8367341E-02  4.6059652E-02  4.7760363E-02  4.5481634E-02
   65.799862  4.1639996E-02  3.9666694E-02  4.0390081E-02  3.8476012E-02
   65.999860  3.4542340E-02  3.2916465E-02  3.3029988E-02  3.1475298E-02
   66.199857  2.6985573E-02  2.5723993E-02  2.5684227E-02  2.4483486E-02
   66.399854  1.9043772E-02  1.8159515E-02  1.8359403E-02  1.7506923E-02
   66.599852  1.0929190E-02  1.0425164E-02  1.1064580E-02  1.0554311E-02
   66.799849  2.9212812E-03  2.7874762E-03  3.8105482E-03  3.6360117E-03
   66.999847 -4.7263508E-03 -4.5113424E-03 -3.3917691E-03 -3.2374727E-03
   67.199844 -1.1868474E-02 -1.1332242E-02 -1.0532463E-02 -1.0056595E-02
   67.399842 -1.8513593E-02 -1.7682838E-02 -1.7604037E-02 -1.6814097E-02
   67.599839 -2.4816335E-02 -2.3710369E-02 -2.4601548E-02 -2.3505154E-02
   67.799836 -3.1021258E-02 -2.9648216E-02 -3.1522449E-02 -3.0127224E-02
   67.999834 -3.7377054E-02 -3.5734016E-02 -3.8365314E-02 -3.6678834E-02
   68.199831 -4.4050883E-02 -4.2127730E-02 -4.5128101E-02 -4.3157919E-02
   68.399829 -5.1071911E-02 -4.8857506E-02 -5.1806738E-02 -4.9560472E-02
   68.599826 -5.8321749E-02 -5.5810324E-02 -5.8393626E-02 -5.5879106E-02
   68.799824 -6.5574908E-02 -6.2770496E-02 -6.4877462E-02 -6.2102878E-02
   68.999821 -7.2573520E-02 -6.9491065E-02 -7.1243440E-02 -6.8217479E-02
   69.199818 -7.9111305E-02 -7.5774186E-02 -7.7474748E-02 -7.4206663E-02
   69.399816 -8.5097445E-02 -8.1532401E-02 -8.3554223E-02 -8.0053830E-02
   69.599813 -9.0579667E-02 -8.6810934E-02 -8.9466057E-02 -8.5743658E-02
   69.799811 -9.5720083E-02 -9.1764729E-02 -9.5197420E-02 -9.1263663E-02
   69.999808 -1.0073268E-01 -9.6598666E-02 -1.0073893E-01 -9.6604658E-02
   70.199805 -1.0580557E-01 -1.0149305E-01 -1.0608478E-01 -1.0176087E-01
   70.399803 -1.1103441E-01 -1.0653968E-01 -1.1123188E-01 -1.0672915E-01
   70.599800 -1.1638977E-01 -1.1171040E-01 -1.1617866E-01 -1.1150778E-01
   70.799798 -1.2172895E-01 -1.1686828E-01 -1.2092405E-01 -1.1609552E-01
   70.999795 -1.2684662E-01 -1.2181609E-01 -1.2546640E-01 -1.2049060E-01
   71.199793 -1.3154659E-01 -1.2636513E-01 -1.2980329E-01 -1.2469050E-01
   71.399790 -1.3570863E-01 -1.3039954E-01 -1.3393142E-01 -1.2869186E-01
   71.599787 -1.3932827E-01 -1.3391454E-01 -1.3784724E-01 -1.3249105E-01
   71.799785 -1.4251553E-01 -1.3701544E-01 -1.4154737E-01 -1.3608464E-01
   71.999782 -1.4545421E-01 -1.3987864E-01 -1.4502893E-01 -1.3946966E-01
   72.199780 -1.4833653E-01 -1.4268884E-01 -1.4828974E-01 -1.4264382E-01
   72.399777 -1.5129568E-01 -1.4557410E-01 -1.5132786E-01 -1.4560506E-01
   72.599775 -1.5435992E-01 -1.4856167E-01 -1.5414122E-01 -1.4835119E-01
   72.799772 -1.5744328E-01 -1.5156885E-01 -1.5672701E-01 -1.5087932E-01
   72.999769 -1.6037572E-01 -1.5443191E-01 -1.5908159E-01 -1.5318573E-01
   73.199767 -1.6296147E-01 -1.5696212E-01 -1.6120061E-01 -1.5526608E-01
   73.399764 -1.6504514E-01 -1.5900952E-01 -1.6307977E-01 -1.5711601E-01
   73.599762 -1.6656315E-01 -1.6051244E-01 -1.6471586E-01 -1.5873226E-01
   73.799759 -1.6756294E-01 -1.6151620E-01 -1.6610789E-01 -1.6011365E-01
   73.999757 -1.6818460E-01 -1.6215548E-01 -1.6725796E-01 -1.6126205E-01
   74.199754 -1.6861180E-01 -1.6260713E-01 -1.6817159E-01 -1.6218260E-01
   74.399751 -1.6900984E-01 -1.6303047E-01 -1.6885745E-01 -1.6288347E-01
   74.599749 -1.6947211E-01 -1.6351558E-01 -1.6932628E-01 -1.6337488E-01
   74.799746 -1.6999307E-01 -1.6405716E-01 -1.6958949E-01 -1.6366767E-01
   74.999744 -1.7047619E-01 -1.6456205E-01 -1.6965758E-01 -1.6377184E-01
   75.199741 -1.7077278E-01 -1.6488667E-01 -1.6953883E-01 -1.6369526E-01
   75.399739 -1.7073755E-01 -1.6489058E-01 -1.6923864E-01 -1.6344300E-01
   75.599736 -1.7028086E-01 -1.6448697E-01 -1.6875949E-01 -1.6301736E-01
   75.799733 -1.6939967E-01 -1.6367261E-01 -1.6810175E-01 -1.6241857E-01
   75.999731 -1.6817704E-01 -1.6252752E-01 -1.6726498E-01 -1.6164609E-01
   76.199728 -1.6675126E-01 -1.6118515E-01 -1.6624940E-01 -1.6070004E-01
   76.399726 -1.6526644E-01 -1.5978471E-01 -1.6505727E-01 -1.5958248E-01
   76.599723 -1.6382249E-01 -1.5842280E-01 -1.6369376E-01 -1.5829832E-01
   76.799721 -1.6244240E-01 -1.5712170E-01 -1.6216714E-01 -1.5685545E-01
   76.999718 -1.6106813E-01 -1.5582528E-01 -1.6048845E-01 -1.5526447E-01
   77.199715 -1.5958591E-01 -1.5442348E-01 -1.5867038E-01 -1.5353757E-01
   77.399713 -1.5787164E-01 -1.5279614E-01 -1.5672606E-01 -1.5168739E-01
   77.599710 -1.5583964E-01 -1.5086019E-01 -1.5466778E-01 -1.4972578E-01
   77.799708 -1.5347711E-01 -1.4860306E-01 -1.5250586E-01 -1.4766266E-01
   77.999705 -1.5085211E-01 -1.4609049E-01 -1.5024806E-01 -1.4550551E-01
   78.199703 -1.4809198E-01 -1.4344569E-01 -1.4789940E-01 -1.4325915E-01
   78.399700 -1.4534021E-01 -1.4080760E-01 -1.4546251E-01 -1.4092608E-01
   78.599697 -1.4270674E-01 -1.3828280E-01 -1.4293820E-01 -1.3850708E-01
   78.799695 -1.4022975E-01 -1.3590837E-01 -1.4032636E-01 -1.3600200E-01
   78.999692 -1.3786230E-01 -1.3363891E-01 -1.3762675E-01 -1.3341056E-01
   79.199690 -1.3548864E-01 -1.3136226E-01 -1.3483958E-01 -1.3073297E-01
   79.399687 -1.3296483E-01 -1.2893887E-01 -1.3196604E-01 -1.2797033E-01
   79.599684 -1.3016928E-01 -1.2625075E-01 -1.2900824E-01 -1.2512467E-01
   79.799682 -1.2704578E-01 -1.2324324E-01 -1.2596913E-01 -1.2219882E-01
   79.999679 -1.2362391E-01 -1.1994489E-01 -1.2285210E-01 -1.1919605E-01
   80.199677 -1.2000968E-01 -1.1645845E-01 -1.1966039E-01 -1.1611949E-01
   80.399674 -1.1634973E-01 -1.1292616E-01 -1.1639668E-01 -1.1297173E-01
   80.599672 -1.1278121E-01 -1.0948117E-01 -1.1306265E-01 -1.0975437E-01
   80.799669 -1.0938500E-01 -1.0620207E-01 -1.0965891E-01 -1.0646800E-01
   80.999666 -1.0615801E-01 -1.0308597E-01 -1.0618503E-01 -1.0311220E-01
   81.199664 -1.0301442E-01 -1.0004962E-01 -1.0264005E-01 -9.9686019E-02
   81.399661 -9.9815350E-02 -9.6958173E-02 -9.9023122E-02 -9.6188623E-02
   81.599659 -9.6416484E-02 -9.3671424E-02 -9.5334153E-02 -9.2619908E-02
   81.799656 -9.2717876E-02 -9.0092183E-02 -9.1574588E-02 -8.8981272E-02
   81.999654 -8.8698381E-02 -8.6199790E-02 -8.7747716E-02 -8.5275904E-02
   82.199651 -8.4423680E-02 -8.2057965E-02 -8.3858900E-02 -8.1509011E-02
   82.399648 -8.0024815E-02 -7.7794012E-02 -7.9915126E-02 -7.7687381E-02
   82.599646 -7.5655208E-02 -7.3557073E-02 -7.5924366E-02 -7.3818766E-02
   82.799643 -7.1440740E-02 -6.9469594E-02 -7.1894703E-02 -6.9911031E-02
   82.999641 -6.7439602E-02 -6.5588261E-02 -6.7833206E-02 -6.5971060E-02
   83.199638 -6.3625773E-02 -6.1887879E-02 -6.3745265E-02 -6.2004107E-02
   83.399636 -5.9900703E-02 -5.8272676E-02 -5.9633948E-02 -5.8013170E-02
   83.599633 -5.6129271E-02 -5.4611244E-02 -5.5500147E-02 -5.3999134E-02
   83.799630 -5.2186812E-02 -5.0782278E-02 -5.1342875E-02 -4.9961055E-02
   83.999628 -4.8001457E-02 -4.6715792E-02 -4.7160137E-02 -4.5897005E-02
   84.199625 -4.3577378E-02 -4.2415773E-02 -4.2949987E-02 -4.1805106E-02
   84.399623 -3.8991288E-02 -3.7956836E-02 -3.8711348E-02 -3.7684324E-02
   84.599620 -3.4364572E-02 -3.3457128E-02 -3.4444939E-02 -3.3535372E-02
   84.799618 -2.9820628E-02 -2.9036811E-02 -3.0153507E-02 -2.9360941E-02
   84.999615 -2.5443144E-02 -2.4777443E-02 -2.5842037E-02 -2.5165900E-02
   85.199612 -2.1249132E-02 -2.0695678E-02 -2.1517316E-02 -2.0956877E-02
   85.399610 -1.7186290E-02 -1.6740658E-02 -1.7187526E-02 -1.6741862E-02
   85.599607 -1.3154942E-02 -1.2815348E-02 -1.2861796E-02 -1.2529769E-02
   85.799605 -9.0463277E-03 -8.8138170E-03 -8.5496251E-03 -8.3298808E-03
   85.999602 -4.7840792E-03 -4.6616484E-03 -4.2607935E-03 -4.1517543E-03
   86.199600 -3.5379535E-04 -3.4477987E-04 -5.0798988E-06 -4.9504519E-06
   86.399597  4.1888619E-03  4.0825701E-03  4.2075790E-03  4.1008123E-03
   86.599594  8.7347354E-03  8.5140145E-03  8.3672534E-03  8.1558185E-03
   86.799592  1.3155925E-02  1.2824848E-02  1.2464064E-02  1.2150398E-02
   86.999589  1.7346712E-02  1.6911942E-02  1.6488369E-02  1.6075112E-02
   87.199587  2.1256694E-02  2.0726057E-02  2.0431287E-02  1.9921254E-02
   87.399584  2.4904351E-02  2.4285110E-02  2.4284957E-02  2.3681117E-02
   87.599581  2.8367286E-02  2.7664686E-02  2.8043046E-02  2.7348478E-02
   87.799579  3.1752426E-02  3.0969003E-02  3.1700865E-02  3.0918714E-02
   87.999576  3.5157017E-02  3.4292877E-02  3.5255226E-02  3.4388672E-02
   88.199574  3.8634137E-02  3.7688075E-02  3.8704196E-02  3.7756419E-02
   88.399571  4.2174155E-02  4.1145204E-02  4.2046356E-02  4.1020524E-02
   88.599569  4.5708653E-02  4.4597510E-02  4.5280222E-02  4.4179494E-02
   88.799566  4.9134437E-02  4.7944278E-02  4.8403456E-02  4.7231004E-02
   88.999563  5.2349305E-02  5.1085730E-02  5.1412526E-02  5.0171563E-02
   89.199561  5.5286422E-02  5.3956569E-02  5.4302513E-02  5.2996327E-02
   89.399558  5.7935447E-02  5.6546620E-02  5.7067285E-02  5.5699269E-02
   89.599556  6.0343362E-02  5.8901658E-02  5.9700126E-02  5.8273790E-02
   89.799553  6.2594788E-02  6.1104221E-02  6.2194362E-02  6.0713330E-02
   89.999551  6.4779509E-02  6.3241915E-02  6.4544244E-02  6.3012234E-02
   90.199548  6.6958597E-02  6.5374342E-02  6.6745526E-02  6.5166312E-02
   90.399545  6.9141609E-02  6.7510823E-02  6.8795974E-02  6.7173340E-02
   90.599543  7.1282664E-02  6.9606547E-02  7.0695437E-02  6.9033128E-02
   90.799540  7.3296804E-02  7.1578530E-02  7.2445586E-02  7.0747267E-02
   90.999538  7.5090817E-02  7.3335704E-02  7.4049481E-02  7.2318707E-02
   91.199535  7.6597210E-02  7.4812094E-02  7.5510825E-02  7.3751028E-02
   91.399533  7.7799446E-02  7.5991485E-02  7.6833333E-02  7.5047823E-02
   91.599530  7.8739110E-02  7.6914432E-02  7.8020082E-02  7.6212067E-02
   91.799527  7.9502524E-02  7.7665208E-02  7.9073201E-02  7.7245806E-02
   91.999525  8.0191253E-02  7.8343000E-02  7.9993775E-02  7.8150074E-02
   92.199522  8.0886882E-02  7.9027503E-02  8.0782072E-02  7.8925102E-02
   92.399520  8.1622481E-02  7.9751027E-02  8.1438064E-02  7.9570838E-02
   92.599517  8.2370812E-02  8.0486963E-02  8.1962037E-02  8.0087536E-02
   92.799515  8.3053728E-02  8.1158946E-02  8.2355288E-02  8.0476440E-02
   92.999512  8.3569610E-02  8.1667656E-02  8.2620651E-02  8.0740295E-02
   93.199509  8.3829599E-02  8.1926224E-02  8.2762816E-02  8.0883663E-02
   93.399507  8.3790053E-02  8.1891956E-02  8.2788319E-02  8.0912914E-02
   93.599504  8.3470030E-02  8.1583431E-02  8.2705222E-02  8.0835909E-02
   93.799502  8.2947588E-02  8.1076908E-02  8.2522533E-02  8.0661439E-02
   93.999499  8.2336039E-02  8.0483120E-02  8.2249510E-02  8.0398539E-02
   94.199497  8.1748092E-02  7.9912238E-02  8.1894984E-02  8.0055831E-02
   94.399494  8.1260122E-02  7.9438930E-02  8.1466909E-02  7.9641082E-02
   94.599491  8.0888655E-02  7.9079368E-02  8.0972199E-02  7.9161043E-02
   94.799489  8.0587159E-02  7.8788079E-02  8.0416945E-02  7.8621665E-02
   94.999486  8.0264241E-02  7.8475715E-02  7.9806952E-02  7.8028616E-02
   95.199484  7.9817084E-02  7.8041748E-02  7.9148414E-02  7.7387950E-02
   95.399481  7.9168867E-02  7.7411047E-02  7.8448615E-02  7.6706788E-02
   95.599478  7.8297472E-02  7.6561968E-02  7.7716353E-02  7.5993729E-02
   95.799476  7.7245889E-02  7.5536524E-02  7.6962002E-02  7.5258919E-02
   95.999473  7.6110843E-02  7.4429291E-02  7.6197117E-02  7.4513658E-02
   96.199471  7.5013499E-02  7.3358755E-02  7.5433564E-02  7.3769554E-02
   96.399468  7.4062209E-02  7.2430891E-02  7.4682452E-02  7.3037473E-02
   96.599466  7.3319601E-02  7.1706970E-02  7.3952946E-02  7.2326385E-02
   96.799463  7.2784969E-02  7.1186321E-02  7.3251366E-02  7.1642475E-02
   96.999460  7.2397387E-02  7.0809380E-02  7.2580653E-02  7.0988626E-02
   97.199458  7.2058209E-02  7.0479675E-02  7.1940424E-02  7.0364470E-02
   97.399455  7.1664976E-02  7.0096995E-02  7.1327570E-02  6.9766970E-02
   97.599453  7.1145214E-02  6.9590446E-02  7.0737236E-02  6.9191384E-02
   97.799450  7.0478918E-02  6.8940454E-02  7.0164045E-02  6.8632455E-02
   97.999448  6.9702514E-02  6.8182644E-02  6.9603201E-02  6.8085496E-02
   98.199445  6.8893673E-02  6.7392987E-02  6.9051353E-02  6.7547233E-02
   98.399442  6.8142639E-02  6.6659768E-02  6.8506960E-02  6.7016160E-02
   98.599440  6.7520377E-02  6.6052414E-02  6.7970194E-02  6.6492451E-02
   98.799437  6.7054475E-02  6.5597924E-02  6.7442440E-02  6.5977461E-02
   98.999435  6.6720818E-02  6.5272718E-02  6.6925502E-02  6.5472959E-02
   99.199432  6.6453501E-02  6.5012330E-02  6.6420802E-02  6.4980340E-02
   99.399430  6.6168949E-02  6.4735000E-02  6.5928661E-02  6.4499919E-02
   99.599427  6.5795497E-02  6.4370614E-02  6.5447876E-02  6.4030522E-02
   99.799424  6.5297901E-02  6.3884692E-02  6.4975564E-02  6.3569332E-02
   99.999422  6.4688292E-02  6.3289098E-02  6.4507318E-02  6.3112038E-02
  100.199425  6.4019911E-02  6.2635920E-02  6.4037532E-02  6.2653160E-02
  100.399423  6.3366183E-02  6.1996997E-02  6.3559881E-02  6.2186510E-02
  100.599420  6.2792471E-02  6.1436283E-02  6.3067684E-02  6.1705552E-02
  100.799417  6.2330864E-02  6.0985180E-02  6.2554315E-02  6.1203807E-02
  100.999415  6.1966678E-02  6.0629324E-02  6.2013479E-02  6.0675115E-02
  101.199412  6.1641475E-02  6.0311543E-02  6.1439411E-02  6.0113839E-02
  101.399410  6.1271508E-02  5.9949899E-02  6.0826977E-02  5.9514956E-02
  101.599407  6.0775168E-02  5.9464541E-02  6.0171742E-02  5.8874128E-02
  101.799405  6.0099818E-02  5.8803969E-02  5.9469906E-02  5.8187640E-02
  101.999402  5.9238756E-02  5.7961628E-02  5.8718198E-02  5.7452292E-02
  102.199399  5.8232351E-02  5.6977015E-02  5.7913608E-02  5.6665143E-02
  102.399397  5.7152996E-02  5.5920966E-02  5.7053059E-02  5.5823184E-02
  102.599394  5.6079023E-02  5.4870129E-02  5.6133053E-02  5.4922993E-02
  102.799392  5.5066450E-02  5.3879315E-02  5.5149323E-02  5.3960402E-02
  102.999389  5.4128294E-02  5.2961267E-02  5.4096745E-02  5.2930398E-02
  103.199387  5.3228362E-02  5.2080572E-02  5.2969442E-02  5.1827235E-02
  103.399384  5.2291737E-02  5.1163933E-02  5.1761311E-02  5.0644947E-02
  103.599381  5.1228289E-02  5.0123167E-02  5.0466768E-02  4.9378074E-02
  103.799379  4.9961444E-02  4.8883358E-02  4.9081725E-02  4.8022622E-02
  103.999376  4.8452623E-02  4.7406766E-02  4.7604545E-02  4.6576994E-02
  104.199374  4.6713318E-02  4.5704645E-02  4.6036656E-02  4.5042595E-02
  104.399371  4.4801223E-02  4.3833454E-02  4.4382805E-02  4.3424075E-02
  104.599369  4.2801783E-02  4.1876799E-02  4.2650586E-02  4.1728870E-02
  104.799366  4.0801764E-02  3.9919581E-02  4.0849517E-02  3.9966301E-02
  104.999363  3.8863355E-02  3.8022646E-02  3.8989574E-02  3.8146135E-02
  105.199361  3.7007318E-02  3.6206312E-02  3.7079676E-02  3.6277104E-02
  105.399358  3.5210120E-02  3.4447558E-02  3.5126382E-02  3.4365633E-02
  105.599356  3.3415194E-02  3.2691043E-02  3.3133023E-02  3.2414987E-02
  105.799353  3.1554081E-02  3.0869800E-02  3.1099726E-02  3.0425298E-02
  105.999351  2.9569749E-02  2.8928041E-02  2.9024059E-02  2.8394193E-02
  106.199348  2.7434583E-02  2.6838763E-02  2.6902487E-02  2.6318222E-02
  106.399345  2.5157237E-02  2.4610442E-02  2.4732012E-02  2.4194460E-02
  106.599343  2.2777144E-02  2.2281671E-02  2.2511861E-02  2.2022158E-02
  106.799340  2.0349457E-02  1.9906410E-02  2.0244731E-02  1.9803964E-02
  106.999338  1.7926227E-02  1.7535585E-02  1.7937192E-02  1.7546311E-02
  107.199335  1.5540942E-02  1.5201961E-02  1.5599400E-02  1.5259144E-02
  107.399333  1.3201261E-02  1.2913032E-02  1.3243867E-02  1.2954708E-02
  107.599330  1.0892185E-02  1.0654130E-02  1.0883903E-02  1.0646029E-02
  107.799327  8.5873230E-03  8.3994455E-03  8.5317586E-03  8.3450968E-03
  107.999325  6.2636089E-03  6.1264223E-03  6.1971643E-03  6.0614329E-03
  108.199322  3.9134569E-03  3.8276478E-03  3.8864648E-03  3.8012475E-03
  108.399320  1.5495606E-03  1.5155447E-03  1.6024183E-03  1.5672421E-03
  108.599317 -7.9907441E-04 -7.8151232E-04 -6.5506422E-04 -6.4066720E-04
  108.799314 -3.0983938E-03 -3.0302139E-03 -2.8877753E-03 -2.8242301E-03
  108.999312 -5.3229594E-03 -5.2056813E-03 -5.0976874E-03 -4.9853726E-03
  109.199309 -7.4665498E-03 -7.3018309E-03 -7.2855270E-03 -7.1248017E-03
  109.399307 -9.5453676E-03 -9.3345099E-03 -9.4498675E-03 -9.2411194E-03
  109.599304 -1.1592016E-02 -1.1335601E-02 -1.1586670E-02 -1.1330373E-02
  109.799302 -1.3642511E-02 -1.3340321E-02 -1.3689656E-02 -1.3386422E-02
  109.999299 -1.5720763E-02 -1.5372044E-02 -1.5751054E-02 -1.5401664E-02
  110.199296 -1.7826715E-02 -1.7430708E-02 -1.7762828E-02 -1.7368241E-02
  110.399294 -1.9932659E-02 -1.9489214E-02 -1.9717828E-02 -1.9279163E-02
  110.599291 -2.1989709E-02 -2.1499761E-02 -2.1610713E-02 -2.1129209E-02
  110.799289 -2.3942728E-02 -2.3408442E-02 -2.3438531E-02 -2.2915497E-02
  110.999286 -2.5748477E-02 -2.5172991E-02 -2.5200655E-02 -2.4637413E-02
  111.199284 -2.7390901E-02 -2.6777725E-02 -2.6898389E-02 -2.6296239E-02
  111.399281 -2.8887669E-02 -2.8239930E-02 -2.8534136E-02 -2.7894324E-02
  111.599278 -3.0285523E-02 -2.9605310E-02 -3.0110567E-02 -2.9434284E-02
  111.799276 -3.1645418E-02 -3.0933460E-02 -3.1629825E-02 -3.0918218E-02
  111.999273 -3.3022352E-02 -3.2278137E-02 -3.3093000E-02 -3.2347193E-02
  112.199271 -3.4446718E-02 -3.3669045E-02 -3.4500032E-02 -3.3721155E-02
  112.399268 -3.5913514E-02 -3.5101286E-02 -3.5849853E-02 -3.5039064E-02
  112.599266 -3.7383463E-02 -3.6536463E-02 -3.7140897E-02 -3.6299393E-02
  112.799263 -3.8795716E-02 -3.7915108E-02 -3.8371604E-02 -3.7500622E-02
  112.999260 -4.0088211E-02 -3.9176572E-02 -3.9540966E-02 -3.8641771E-02
  113.199258 -4.1218668E-02 -4.0279552E-02 -4.0648815E-02 -3.9722683E-02
  113.399255 -4.2179177E-02 -4.1216339E-02 -4.1695848E-02 -4.0744043E-02
  113.599253 -4.2999345E-02 -4.2015880E-02 -4.2683425E-02 -4.1707185E-02
  113.799250 -4.3736677E-02 -4.2734381E-02 -4.3613087E-02 -4.2613623E-02
  113.999248 -4.4457477E-02 -4.3436634E-02 -4.4486078E-02 -4.3464578E-02
  114.199245 -4.5214503E-02 -4.4174181E-02 -4.5302845E-02 -4.4260491E-02
  114.399242 -4.6029030E-02 -4.4967804E-02 -4.6062794E-02 -4.5000790E-02
  114.599240 -4.6883320E-02 -4.5800163E-02 -4.6764277E-02 -4.5683871E-02
  114.799237 -4.7726099E-02 -4.6621164E-02 -4.7404865E-02 -4.6307368E-02
  114.999235 -4.8489288E-02 -4.7364309E-02 -4.7981884E-02 -4.6868677E-02
  115.199232 -4.9110318E-02 -4.7968492E-02 -4.8493020E-02 -4.7365546E-02
  115.399230 -4.9552656E-02 -4.8398052E-02 -4.8936945E-02 -4.7796687E-02
  115.599227 -4.9817643E-02 -4.8654325E-02 -4.9313726E-02 -4.8162175E-02
  115.799224 -4.9943837E-02 -4.8774994E-02 -4.9625006E-02 -4.8463625E-02
  115.999222 -4.9994159E-02 -4.8821525E-02 -4.9873835E-02 -4.8704023E-02
  116.199219 -5.0035315E-02 -4.8859068E-02 -5.0064218E-02 -4.8887291E-02
  116.399217 -5.0116429E-02 -4.8935590E-02 -5.0200476E-02 -4.9017657E-02
  116.599214 -5.0254011E-02 -4.9067206E-02 -5.0286526E-02 -4.9098953E-02
  116.799212 -5.0428132E-02 -4.9234449E-02 -5.0325259E-02 -4.9134011E-02
  116.999209 -5.0590769E-02 -4.9390429E-02 -5.0318118E-02 -4.9124247E-02
  117.199206 -5.0683215E-02 -4.9477837E-02 -5.0264960E-02 -4.9069529E-02
  117.399204 -5.0656378E-02 -4.9448763E-02 -5.0164209E-02 -4.8968328E-02
  117.599201 -5.0487010E-02 -4.9280536E-02 -5.0013256E-02 -4.8818103E-02
  117.799199 -5.0184424E-02 -4.8982270E-02 -4.9808993E-02 -4.8615832E-02
  117.999196 -4.9785672E-02 -4.8590151E-02 -4.9548389E-02 -4.8358565E-02
  118.199193 -4.9341149E-02 -4.8153378E-02 -4.9228970E-02 -4.8043900E-02
  118.399191 -4.8895915E-02 -4.7715934E-02 -4.8849164E-02 -4.7670312E-02
  118.599188 -4.8473376E-02 -4.7300660E-02 -4.8408471E-02 -4.7237325E-02
  118.799186 -4.8067021E-02 -4.6901198E-02 -4.7907460E-02 -4.6745507E-02
  118.999183 -4.7643074E-02 -4.6484593E-02 -4.7347687E-02 -4.6196389E-02
  119.199181 -4.7152981E-02 -4.6003477E-02 -4.6731539E-02 -4.5592310E-02
  119.399178 -4.6551318E-02 -4.5413552E-02 -4.6062100E-02 -4.4936290E-02
  119.599175 -4.5812746E-02 -4.4690119E-02 -4.5343003E-02 -4.4231887E-02
  119.799173 -4.4942113E-02 -4.3837937E-02 -4.4578310E-02 -4.3483072E-02
  119.999170 -4.3974195E-02 -4.2890952E-02 -4.3772365E-02 -4.2694094E-02
  120.199168 -4.2963099E-02 -4.1901955E-02 -4.2929549E-02 -4.1869233E-02
  120.399165 -4.1965107E-02 -4.0925844E-02 -4.2054009E-02 -4.1012544E-02
  120.599163 -4.1020714E-02 -4.0002108E-02 -4.1149266E-02 -4.0127468E-02
  120.799160 -4.0142094E-02 -3.9142609E-02 -4.0217878E-02 -3.9216507E-02
  120.999157 -3.9310025E-02 -3.8328594E-02 -3.9261119E-02 -3.8280909E-02
  121.199155 -3.8481254E-02 -3.7517885E-02 -3.8278864E-02 -3.7320562E-02
  121.399152 -3.7603566E-02 -3.6659577E-02 -3.7269718E-02 -3.6334110E-02
  121.599150 -3.6633248E-02 -3.5711072E-02 -3.6231344E-02 -3.5319285E-02
  121.799147 -3.5549126E-02 -3.4651748E-02 -3.5161098E-02 -3.4273515E-02
  121.999145 -3.4358403E-02 -3.3488654E-02 -3.4056694E-02 -3.3194582E-02
  122.199142 -3.3092808E-02 -3.2252737E-02 -3.2916946E-02 -3.2081339E-02
  122.399139 -3.1796600E-02 -3.0987149E-02 -3.1742263E-02 -3.0934195E-02
  122.599137 -3.0511060E-02 -2.9732125E-02 -3.0534913E-02 -2.9755369E-02
  122.799134 -2.9260962E-02 -2.8511805E-02 -2.9298943E-02 -2.8548814E-02
  122.999132 -2.8047644E-02 -2.7327487E-02 -2.8039719E-02 -2.7319766E-02
  123.199129 -2.6851008E-02 -2.6159585E-02 -2.6763312E-02 -2.6074146E-02
  123.399127 -2.5639215E-02 -2.4977080E-02 -2.5475703E-02 -2.4817791E-02
  123.599124 -2.4382464E-02 -2.3750948E-02 -2.4182179E-02 -2.3555851E-02
  123.799121 -2.3065526E-02 -2.2466369E-02 -2.2886845E-02 -2.2292330E-02
  123.999119 -2.1694573E-02 -2.1129370E-02 -2.1592527E-02 -2.1029982E-02
  124.199116 -2.0295833E-02 -1.9765507E-02 -2.0300988E-02 -1.9770528E-02
  124.399114 -1.8906607E-02 -1.8411115E-02 -1.9013329E-02 -1.8515041E-02
  124.599111 -1.7562220E-02 -1.7100588E-02 -1.7730599E-02 -1.7264542E-02
  124.799109 -1.6283586E-02 -1.5854283E-02 -1.6454249E-02 -1.6020446E-02
  124.999106 -1.5070218E-02 -1.4671709E-02 -1.5186511E-02 -1.4784927E-02
  125.199103 -1.3901104E-02 -1.3532402E-02 -1.3930412E-02 -1.3560932E-02
  125.399101 -1.2743326E-02 -1.2404307E-02 -1.2689570E-02 -1.2351981E-02
  125.599098 -1.1565182E-02 -1.1256570E-02 -1.1467797E-02 -1.1161784E-02
  125.799096 -1.0348955E-02 -1.0071954E-02 -1.0268565E-02 -9.9937158E-03
  125.999093 -9.0986966E-03 -8.8544134E-03 -9.0946583E-03 -8.8504836E-03
  126.199090 -7.8398971E-03 -7.6287628E-03 -7.9479500E-03 -7.7339057E-03
  126.399088 -6.6111870E-03 -6.4325930E-03 -6.8295431E-03 -6.6450505E-03
  126.599085 -5.4509446E-03 -5.3032371E-03 -5.7401978E-03 -5.5846521E-03
  126.799083 -4.3836496E-03 -4.2644939E-03 -4.6809040E-03 -4.5536683E-03
  126.999080 -3.4112089E-03 -3.3181966E-03 -3.6535811E-03 -3.5539602E-03
  127.199078 -2.5124874E-03 -2.4437659E-03 -2.6615502E-03 -2.5887515E-03
  127.399075 -1.6516708E-03 -1.6063524E-03 -1.7097867E-03 -1.6628738E-03
  127.599072 -7.9255460E-04 -7.7074008E-04 -8.0469231E-04 -7.8254371E-04
  127.799070  8.6172370E-05  8.3793040E-05  4.6491575E-05  4.5207883E-05
  127.999067  9.8029782E-04  9.5314476E-04  8.3658940E-04  8.1341689E-04
  128.199065  1.8583020E-03  1.8066657E-03  1.5595708E-03  1.5162353E-03
  128.399062  2.6694760E-03  2.5950632E-03  2.2114750E-03  2.1498292E-03
  128.599060  3.3597330E-03  3.2657795E-03  2.7910777E-03  2.7130264E-03
  128.799057  3.8898302E-03  3.7807040E-03  3.3000205E-03  3.2074410E-03
  128.999054  4.2498715E-03  4.1302614E-03  3.7424406E-03  3.6371118E-03
  129.199052  4.4647866E-03  4.3387227E-03  4.1240772E-03  4.0076333E-03
  129.399049  4.5885046E-03  4.4585288E-03  4.4510603E-03  4.3249778E-03
  129.599047  4.6882528E-03  4.5550211E-03  4.7286428E-03  4.5942633E-03
  129.799044  4.8237865E-03  4.6862578E-03  4.9601050E-03  4.8186899E-03
  129.999042  5.0282522E-03  4.8844273E-03  5.1461215E-03  4.9989251E-03
  130.199039  5.2969842E-03  5.1449780E-03  5.2846918E-03  5.1330384E-03
  130.399036  5.5881028E-03  5.4272177E-03  5.3716921E-03  5.2170376E-03
  130.599034  5.8349430E-03  5.6664002E-03  5.4019065E-03  5.2458720E-03
  130.799031  5.9665006E-03  5.7935912E-03  5.3703305E-03  5.2146982E-03
  130.999029  5.9294457E-03  5.7570440E-03  5.2734579E-03  5.1201295E-03
  131.199026  5.7046757E-03  5.5382617E-03  5.1102742E-03  4.9611998E-03
  131.399024  5.3131729E-03  5.1576668E-03  4.8827425E-03  4.7398342E-03
  131.599021  4.8093952E-03  4.6681670E-03  4.5957073E-03  4.4607540E-03
  131.799018  4.2644238E-03  4.1387826E-03  4.2562405E-03  4.1308405E-03
  131.999016  3.7444320E-03  3.6337439E-03  3.8726264E-03  3.7581488E-03
  132.199013  3.2914192E-03  3.1937980E-03  3.4532351E-03  3.3508145E-03
  132.399011  2.9122824E-03  2.8256175E-03  3.0055326E-03  2.9160928E-03
  132.599008  2.5795571E-03  2.5025365E-03  2.5355009E-03  2.4597958E-03
  132.799006  2.2431838E-03  2.1759821E-03  2.0475191E-03  1.9861791E-03
  132.999003  1.8492136E-03  1.7936284E-03  1.5447637E-03  1.4983299E-03
  133.199000  1.3591121E-03  1.3181213E-03  1.0299136E-03  9.9885145E-04
  133.398998  7.6340537E-04  7.4030345E-04  5.0599300E-04  4.9068080E-04
  133.598995  8.5406118E-05  8.2812859E-05 -2.2923370E-05 -2.2227328E-05
  133.798993 -6.2588184E-04 -6.0681338E-04 -5.5137647E-04 -5.3457793E-04
  133.998990 -1.3109040E-03 -1.2708300E-03 -1.0726057E-03 -1.0398164E-03
  134.198987 -1.9175840E-03 -1.8587651E-03 -1.5791064E-03 -1.5306698E-03
  134.398985 -2.4161709E-03 -2.3418068E-03 -2.0634545E-03 -1.9999462E-03
  134.598982 -2.8062440E-03 -2.7195805E-03 -2.5192000E-03 -2.4414011E-03
  134.798980 -3.1139758E-03 -3.0174811E-03 -2.9416049E-03 -2.8504515E-03
  134.998977 -3.3809914E-03 -3.2758651E-03 -3.3279646E-03 -3.2244871E-03
  135.198975 -3.6489860E-03 -3.5351392E-03 -3.6774835E-03 -3.5627476E-03
  135.398972 -3.9453548E-03 -3.8218403E-03 -3.9906642E-03 -3.8657313E-03
  135.598969 -4.2745622E-03 -4.1402830E-03 -4.2684224E-03 -4.1343361E-03
  135.798967 -4.6177225E-03 -4.4721660E-03 -4.5111105E-03 -4.3689146E-03
  135.998964 -4.9399924E-03 -4.7837429E-03 -4.7177230E-03 -4.5685038E-03
  136.198962 -5.2027586E-03 -5.0376323E-03 -4.8854908E-03 -4.7304339E-03
  136.398959 -5.3760965E-03 -5.2048815E-03 -5.0099393E-03 -4.8503855E-03
  136.598957 -5.4472323E-03 -5.2731542E-03 -5.0854153E-03 -4.9228998E-03
  136.798954 -5.4223256E-03 -5.2484458E-03 -5.1059128E-03 -4.9421794E-03
  136.998951 -5.3214488E-03 -5.1502147E-03 -5.0660004E-03 -4.9029861E-03
  137.198949 -5.1690250E-03 -5.0021207E-03 -4.9616067E-03 -4.8013999E-03
  137.398946 -4.9835065E-03 -4.8220359E-03 -4.7904906E-03 -4.6352739E-03
  137.598944 -4.7701184E-03 -4.6150266E-03 -4.5522988E-03 -4.4042891E-03
  137.798941 -4.5192149E-03 -4.3717715E-03 -4.2482588E-03 -4.1096556E-03
  137.998939 -4.2105724E-03 -4.0727223E-03 -3.8806092E-03 -3.7535618E-03
  138.198936 -3.8217905E-03 -3.6962344E-03 -3.4519939E-03 -3.3385865E-03
  138.398933 -3.3374502E-03 -3.2274250E-03 -2.9649611E-03 -2.8672157E-03
  138.598931 -2.7555750E-03 -2.6644165E-03 -2.4217407E-03 -2.3416260E-03
  138.798928 -2.0890220E-03 -2.0196735E-03 -1.8243265E-03 -1.7637650E-03
  138.998926 -1.3613595E-03 -1.3160096E-03 -1.1747662E-03 -1.1356321E-03
  139.198923 -5.9897660E-04 -5.7895382E-04 -4.7559078E-04 -4.5969258E-04
  139.398921  1.7761946E-04  1.7166124E-04  2.6988308E-04  2.6082989E-04
  139.598918  9.5992630E-04  9.2761331E-04  1.0574221E-03  1.0218272E-03
  139.798915  1.7528497E-03  1.6936394E-03  1.8820969E-03  1.8185206E-03
  139.998913  2.5708932E-03  2.4837463E-03  2.7387388E-03  2.6459024E-03
  140.198910  3.4307576E-03  3.3140569E-03  3.6225440E-03  3.4993195E-03
  140.398908  4.3433419E-03  4.1950819E-03  4.5296903E-03  4.3750693E-03
  140.598905  5.3082111E-03  5.1263811E-03  5.4576683E-03  5.2707187E-03
  140.798903  6.3128368E-03  6.0958366E-03  6.4053289E-03  6.1851494E-03
  140.998900  7.3367916E-03  7.0837101E-03  7.3724635E-03  7.1181515E-03
  141.198897  8.3593851E-03  8.0700188E-03  8.3591351E-03  8.0697774E-03
  141.398895  9.3675819E-03  9.0421790E-03  9.3648190E-03  9.0395122E-03
  141.598892  1.0361004E-02  9.9998304E-03  1.0387625E-02  1.0025523E-02
  141.798890  1.1351867E-02  1.0954764E-02  1.1423870E-02  1.1024248E-02
  141.998887  1.2359461E-02  1.1925593E-02  1.2468024E-02  1.2030345E-02
  142.198884  1.3401204E-02  1.2929115E-02  1.3513215E-02  1.3037180E-02
  142.398882  1.4483501E-02  1.3971493E-02  1.4552057E-02  1.4037625E-02
  142.598879  1.5596094E-02  1.5042818E-02  1.5577671E-02  1.5025048E-02
  142.798877  1.6712493E-02  1.6117527E-02  1.6584679E-02  1.5994263E-02
  142.998874  1.7796744E-02  1.7160952E-02  1.7569805E-02  1.6942120E-02
  143.198872  1.8814704E-02  1.8140182E-02  1.8532087E-02  1.7867697E-02
  143.398869  1.9745817E-02  1.9035423E-02  1.9472488E-02  1.8771928E-02
  143.598866  2.0591255E-02  1.9847839E-02  2.0393150E-02  1.9656886E-02
  143.798864  2.1375041E-02  2.0600612E-02  2.1296379E-02  2.0524800E-02
  143.998861  2.2137255E-02  2.1332388E-02  2.2183653E-02  2.1377099E-02
  144.198859  2.2921183E-02  2.2084881E-02  2.3054941E-02  2.2213759E-02
  144.398856  2.3758422E-02  2.2888522E-02  2.3908390E-02  2.3032998E-02
  144.598854  2.4657100E-02  2.3751116E-02  2.4740551E-02  2.3831501E-02
  144.798851  2.5597325E-02  2.4653484E-02  2.5546947E-02  2.4604963E-02
  144.998848  2.6535934E-02  2.5554038E-02  2.6322919E-02  2.5348906E-02
  145.198846  2.7419233E-02  2.6401081E-02  2.7064424E-02  2.6059447E-02
  145.398843  2.8199811E-02  2.7148987E-02  2.7768615E-02  2.6733859E-02
  145.598841  2.8851908E-02  2.7772999E-02  2.8434108E-02  2.7370822E-02
  145.798838  2.9380012E-02  2.8277486E-02  2.9060789E-02  2.7970243E-02
  145.998836  2.9817666E-02  2.8694777E-02  2.9649376E-02  2.8532824E-02
  146.198833  3.0216528E-02  2.9074613E-02  3.0200770E-02  2.9059449E-02
  146.398830  3.0629176E-02  2.9467591E-02  3.0715508E-02  2.9550649E-02
  146.598828  3.1091269E-02  2.9908009E-02  3.1193404E-02  3.0006257E-02
  146.798825  3.1609087E-02  3.0401886E-02  3.1633511E-02  3.0425377E-02
  146.998823  3.2156801E-02  3.0924360E-02  3.2034428E-02  3.0806677E-02
  147.198820  3.2684551E-02  3.1427475E-02  3.2394781E-02  3.1148850E-02
  147.398818  3.3134893E-02  3.1856012E-02  3.2713779E-02  3.1451152E-02
  147.598815  3.3462166E-02  3.2166111E-02  3.2991599E-02  3.1713769E-02
  147.798812  3.3648346E-02  3.2340496E-02  3.3229486E-02  3.1937917E-02
  147.998810  3.3709915E-02  3.2395065E-02  3.3429493E-02  3.2125580E-02
  148.198807  3.3693265E-02  3.2374444E-02  3.3593884E-02  3.2278952E-02
  148.398805  3.3659918E-02  3.2337771E-02  3.3724383E-02  3.2399704E-02
  148.598802  3.3666295E-02  3.2339251E-02  3.3821430E-02  3.2488271E-02
  148.798800  3.3744653E-02  3.2409847E-02  3.3883677E-02  3.2543371E-02
  148.998797  3.3891525E-02  3.2546201E-02  3.3907875E-02  3.2561902E-02
  149.198794  3.4067593E-02  3.2710531E-02  3.3889235E-02  3.2539278E-02
  149.398792  3.4209173E-02  3.2841688E-02  3.3822180E-02  3.2470165E-02
  149.598789  3.4247706E-02  3.2873877E-02  3.3701367E-02  3.2349455E-02
  149.798787  3.4130976E-02  3.2757027E-02  3.3522731E-02  3.2173267E-02
  149.998784  3.3839219E-02  3.2472238E-02  3.3284314E-02  3.1939750E-02
  150.198781  3.3390951E-02  3.2037350E-02  3.2986691E-02  3.1649478E-02
  150.398779  3.2836734E-02  3.1500935E-02  3.2632883E-02  3.1305377E-02
  150.598776  3.2243019E-02  3.0926778E-02  3.2227785E-02  3.0912167E-02
  150.798774  3.1671382E-02  3.0373950E-02  3.1777223E-02  3.0475455E-02
  150.998771  3.1159950E-02  2.9879001E-02  3.1286873E-02  3.0000707E-02
  151.198769  3.0712854E-02  2.9445868E-02  3.0761257E-02  2.9492274E-02
  151.398766  3.0300941E-02  2.9046576E-02  3.0203069E-02  2.8952756E-02
  151.598763  2.9873064E-02  2.8632089E-02  2.9612921E-02  2.8382753E-02
  151.798761  2.9373958E-02  2.8149454E-02  2.8989584E-02  2.7781103E-02
  151.998758  2.8762590E-02  2.7559385E-02  2.8330640E-02  2.7145505E-02
  152.198756  2.8024904E-02  2.6848466E-02  2.7633330E-02  2.6473329E-02
  152.398753  2.7177071E-02  2.6032244E-02  2.6895473E-02  2.5762508E-02
  152.598751  2.6258487E-02  2.5148497E-02  2.6116154E-02  2.5012181E-02
  152.798748  2.5317449E-02  2.4243509E-02  2.5296114E-02  2.4223079E-02
  152.998745  2.4394577E-02  2.3356180E-02  2.4437690E-02  2.3397457E-02
  153.198743  2.3509812E-02  2.2505593E-02  2.3544401E-02  2.2538704E-02
  153.398740  2.2657263E-02  2.1686092E-02  2.2620276E-02  2.1650691E-02
  153.598738  2.1809262E-02  2.0871189E-02  2.1669038E-02  2.0736996E-02
  153.798735  2.0927907E-02  2.0024615E-02  2.0693447E-02  1.9800274E-02
  153.998733  1.9979564E-02  1.9114209E-02  1.9694815E-02  1.8841793E-02
  154.198730  1.8947171E-02  1.8123682E-02  1.8672942E-02  1.7861372E-02
  154.398727  1.7835881E-02  1.7058002E-02  1.7626338E-02  1.6857598E-02
  154.598725  1.6670324E-02  1.5940758E-02  1.6552788E-02  1.5828365E-02
  154.798722  1.5484704E-02  1.4804678E-02  1.5450078E-02  1.4771573E-02
  154.998720  1.4309487E-02  1.3678896E-02  1.4316693E-02  1.3685784E-02
  155.198717  1.3159855E-02  1.2577918E-02  1.3152432E-02  1.2570824E-02
  155.398715  1.2030048E-02  1.1496233E-02  1.1958683E-02  1.1428035E-02
  155.598712  1.0895918E-02  1.0410757E-02  1.0738479E-02  1.0260329E-02
  155.798709  9.7245950E-03  9.2900941E-03  9.4961525E-03  9.0718585E-03
  155.998707  8.4878896E-03  8.1073366E-03  8.2368368E-03  7.8675397E-03
  156.198704  7.1744045E-03  6.8516321E-03  6.9658635E-03  6.6524732E-03
  156.398702  5.7957712E-03  5.5341240E-03  5.6881274E-03  5.4313398E-03
  156.598699  4.3846764E-03  4.1860507E-03  4.4076956E-03  4.2080272E-03
  156.798697  2.9849758E-03  2.8492911E-03  3.1275404E-03  2.9853753E-03
  156.998694  1.6374507E-03  1.5627630E-03  1.8496176E-03  1.7652525E-03
  157.198691  3.6602214E-04  3.4926970E-04  5.7505631E-04  5.4873661E-04
  157.398689 -8.3046497E-04 -7.9232498E-04 -6.9546520E-04 -6.6352522E-04
  157.598686 -1.9778854E-03 -1.8867372E-03 -1.9613251E-03 -1.8709401E-03
  157.798684 -3.1178660E-03 -2.9736908E-03 -3.2217097E-03 -3.0727326E-03
  157.998681 -4.2930465E-03 -4.0938490E-03 -4.4754231E-03 -4.2677632E-03
  158.198678 -5.5317981E-03 -5.2742438E-03 -5.7209666E-03 -5.4546048E-03
  158.398676 -6.8376362E-03 -6.5181947E-03 -6.9567021E-03 -6.6316980E-03
  158.598673 -8.1871828E-03 -7.8033859E-03 -8.1810891E-03 -7.7975777E-03
  158.798671 -9.5376174E-03 -9.0889882E-03 -9.3929622E-03 -8.9511374E-03
  158.998668 -1.0841024E-02 -1.0329346E-02 -1.0591604E-02 -1.0091698E-02
  159.198666 -1.2060914E-02 -1.1489718E-02 -1.1776742E-02 -1.1219004E-02
  159.398663 -1.3184963E-02 -1.2558406E-02 -1.2948265E-02 -1.2332956E-02
  159.598660 -1.4229594E-02 -1.3551094E-02 -1.4105893E-02 -1.3433291E-02
  159.798658 -1.5234470E-02 -1.4505585E-02 -1.5248738E-02 -1.4519170E-02
  159.998655 -1.6248634E-02 -1.5468586E-02 -1.6374941E-02 -1.5588829E-02
  160.198653 -1.7312967E-02 -1.6479001E-02 -1.7481548E-02 -1.6639463E-02
  160.398650 -1.8444831E-02 -1.7553330E-02 -1.8564559E-02 -1.7667272E-02
  160.598648 -1.9630429E-02 -1.8678409E-02 -1.9619342E-02 -1.8667860E-02
  160.798645 -2.0827527E-02 -1.9814032E-02 -2.0641177E-02 -1.9636749E-02
  160.998642 -2.1978051E-02 -2.0904952E-02 -2.1625992E-02 -2.0570083E-02
  161.198640 -2.3026387E-02 -2.1898303E-02 -2.2570999E-02 -2.1465224E-02
  161.398637 -2.3937402E-02 -2.2760727E-02 -2.3475127E-02 -2.2321176E-02
  161.598635 -2.4708209E-02 -2.3489546E-02 -2.4339208E-02 -2.3138745E-02
  161.798632 -2.5369553E-02 -2.4114054E-02 -2.5165709E-02 -2.3920299E-02
  161.998630 -2.5976379E-02 -2.4686521E-02 -2.5958223E-02 -2.4669267E-02
  162.198627 -2.6590481E-02 -2.5265688E-02 -2.6720651E-02 -2.5389373E-02
  162.398624 -2.7260987E-02 -2.5898224E-02 -2.7456387E-02 -2.6083857E-02
  162.598622 -2.8008986E-02 -2.6604130E-02 -2.8167574E-02 -2.6754764E-02
  162.798619 -2.8821291E-02 -2.7370843E-02 -2.8854623E-02 -2.7402498E-02
  162.998617 -2.9655307E-02 -2.8157886E-02 -2.9516126E-02 -2.8025733E-02
  163.198614 -3.0453176E-02 -2.8910320E-02 -3.0149089E-02 -2.8621638E-02
  163.398612 -3.1160500E-02 -2.9576528E-02 -3.0749513E-02 -2.9186433E-02
  163.598609 -3.1743307E-02 -3.0124318E-02 -3.1313100E-02 -2.9716053E-02
  163.798606 -3.2197849E-02 -3.0550197E-02 -3.1835992E-02 -3.0206857E-02
  163.998604 -3.2550093E-02 -3.0878861E-02 -3.2315335E-02 -3.0656156E-02
  164.198601 -3.2845435E-02 -3.1153421E-02 -3.2749557E-02 -3.1062483E-02
  164.398599 -3.3132367E-02 -3.1419892E-02 -3.3138371E-02 -3.1425586E-02
  164.598596 -3.3445719E-02 -3.1711302E-02 -3.3482436E-02 -3.1746115E-02
  164.798594 -3.3795182E-02 -3.2036823E-02 -3.3782875E-02 -3.2025157E-02
  164.998591 -3.4162776E-02 -3.2379394E-02 -3.4040700E-02 -3.2263691E-02
  165.198588 -3.4509880E-02 -3.2702409E-02 -3.4256336E-02 -3.2462144E-02
  165.398586 -3.4791077E-02 -3.2962846E-02 -3.4429328E-02 -3.2620105E-02
  165.598583 -3.4969850E-02 -3.3126147E-02 -3.4558289E-02 -3.2736284E-02
  165.798581 -3.5030659E-02 -3.3177648E-02 -3.4641103E-02 -3.2808699E-02
  165.998578 -3.4983293E-02 -3.3126681E-02 -3.4675293E-02 -3.2835027E-02
  166.198575 -3.4858207E-02 -3.3002135E-02 -3.4658481E-02 -3.2813044E-02
  166.398573 -3.4694724E-02 -3.2841274E-02 -3.4588815E-02 -3.2741023E-02
  166.598570 -3.4526445E-02 -3.2675917E-02 -3.4465282E-02 -3.2618033E-02
  166.798568 -3.4369088E-02 -3.2520941E-02 -3.4287846E-02 -3.2444068E-02
  166.998565 -3.4215081E-02 -3.2369177E-02 -3.4057403E-02 -3.2220006E-02
  167.198563 -3.4036701E-02 -3.2194400E-02 -3.3775584E-02 -3.1947417E-02
  167.398560 -3.3796569E-02 -3.1961275E-02 -3.3444476E-02 -3.1628302E-02
  167.598557 -3.3461650E-02 -3.1638599E-02 -3.3066311E-02 -3.1264798E-02
  167.798555 -3.3015736E-02 -3.1211101E-02 -3.2643211E-02 -3.0858938E-02
  167.998552 -3.2465941E-02 -3.0685565E-02 -3.2177018E-02 -3.0412486E-02
  168.198550 -3.1840861E-02 -3.0089070E-02 -3.1669183E-02 -2.9926837E-02
  168.398547 -3.1181079E-02 -2.9460000E-02 -3.1120766E-02 -2.9403016E-02
  168.598545 -3.0525305E-02 -2.8834942E-02 -3.0532425E-02 -2.8841668E-02
  168.798542 -2.9897095E-02 -2.8236140E-02 -2.9904450E-02 -2.8243086E-02
  168.998539 -2.9296723E-02 -2.7663839E-02 -2.9236729E-02 -2.7607189E-02
  169.198537 -2.8701117E-02 -2.7096243E-02 -2.8528723E-02 -2.6933490E-02
  169.398534 -2.8071799E-02 -2.6497032E-02 -2.7779450E-02 -2.6221084E-02
  169.598532 -2.7367999E-02 -2.5827748E-02 -2.6987464E-02 -2.5468629E-02
  169.798529 -2.6560381E-02 -2.5060753E-02 -2.6150972E-02 -2.4674460E-02
  169.998527 -2.5640517E-02 -2.4188154E-02 -2.5268002E-02 -2.3836739E-02
  170.198524 -2.4622962E-02 -2.3223741E-02 -2.4336734E-02 -2.2953779E-02
  170.398521 -2.3539218E-02 -2.2197275E-02 -2.3355856E-02 -2.2024367E-02
  170.598519 -2.2425984E-02 -2.1143395E-02 -2.2324970E-02 -2.1048158E-02
  170.798516 -2.1311951E-02 -2.0089161E-02 -2.1244945E-02 -2.0026000E-02
  170.998514 -2.0207883E-02 -1.9044720E-02 -2.0118077E-02 -1.8960083E-02
  171.198511 -1.9103684E-02 -1.8000555E-02 -1.8948112E-02 -1.7853968E-02
  171.398509 -1.7973344E-02 -1.6932165E-02 -1.7739972E-02 -1.6712312E-02
  171.598506 -1.6786099E-02 -1.5810588E-02 -1.6499348E-02 -1.5540501E-02
  171.798503 -1.5519538E-02 -1.4614753E-02 -1.5232078E-02 -1.4344052E-02
  171.998501 -1.4169941E-02 -1.3341203E-02 -1.3943552E-02 -1.3128055E-02
  172.198498 -1.2755879E-02 -1.2007468E-02 -1.2638191E-02 -1.1896685E-02
  172.398496 -1.1313497E-02 -1.0647602E-02 -1.1319061E-02 -1.0652838E-02
  172.598493 -9.8850942E-03 -9.3014240E-03 -9.9878378E-03 -9.3981011E-03
  172.798491 -8.5047526E-03 -8.0009920E-03 -8.6449426E-03 -8.1328782E-03
  172.998488 -7.1863310E-03 -6.7593153E-03 -7.2900275E-03 -6.8568502E-03
  173.198485 -5.9180243E-03 -5.5652592E-03 -5.9225054E-03 -5.5694731E-03
  173.398483 -4.6658435E-03 -4.3868399E-03 -4.5421794E-03 -4.2705705E-03
  173.598480 -3.3850375E-03 -3.1819833E-03 -3.1497802E-03 -2.9608380E-03
  173.798478 -2.0356778E-03 -1.9131809E-03 -1.7472405E-03 -1.6421004E-03
  173.998475 -5.9726382E-04 -5.6121031E-04 -3.3782585E-04 -3.1743317E-04
  174.198472  9.2289676E-04  8.6701137E-04  1.0740876E-03  1.0090470E-03
  174.398470  2.4904122E-03  2.3391332E-03  2.4833599E-03  2.3325094E-03
  174.598467  4.0536314E-03  3.8066229E-03  3.8845373E-03  3.6478326E-03
  174.798465  5.5594654E-03  5.2196374E-03  5.2723703E-03  4.9500913E-03
  174.998462  6.9697441E-03  6.5423782E-03  6.6421309E-03  6.2348534E-03
  175.198460  8.2727932E-03  7.7639425E-03  7.9898810E-03  7.4984319E-03
  175.398457  9.4860635E-03  8.9007648E-03  9.3124549E-03  8.7378680E-03
  175.598454  1.0649087E-02  9.9899807E-03  1.0607392E-02  9.9508659E-03
  175.798452  1.1808976E-02  1.1075805E-02  1.1872702E-02  1.1135575E-02
  175.998449  1.3003462E-02  1.2193620E-02  1.3106612E-02  1.2290346E-02
  176.198447  1.4247307E-02  1.3357244E-02  1.4307397E-02  1.3413581E-02
  176.398444  1.5526598E-02  1.4553608E-02  1.5473197E-02  1.4503554E-02
  176.598442  1.6803036E-02  1.5746795E-02  1.6601998E-02  1.5558395E-02
  176.798439  1.8026526E-02  1.6889872E-02  1.7691578E-02  1.6576045E-02
  176.998436  1.9151906E-02  1.7940562E-02  1.8739558E-02  1.7554295E-02
  177.198434  2.0153839E-02  1.8875192E-02  1.9743392E-02  1.8490785E-02
  177.398431  2.1034769E-02  1.9696121E-02  2.0700324E-02  1.9382960E-02
  177.598429  2.1823191E-02  2.0430096E-02  2.1607395E-02  2.0228075E-02
  177.798426  2.2562676E-02  2.1117951E-02  2.2461368E-02  2.1023130E-02
  177.998424  2.3295585E-02  2.1799354E-02  2.3258804E-02  2.1764935E-02
  178.198421  2.4046996E-02  2.2497770E-02  2.3996127E-02  2.2450178E-02
  178.398418  2.4814593E-02  2.3211023E-02  2.4669859E-02  2.3075642E-02
  178.598416  2.5568045E-02  2.3910737E-02  2.5276878E-02  2.3638443E-02
  178.798413  2.6258256E-02  2.4551015E-02  2.5814697E-02  2.4136295E-02
  178.998411  2.6833455E-02  2.5083499E-02  2.6281713E-02  2.4567740E-02
  179.198408  2.7256560E-02  2.5473602E-02  2.6677294E-02  2.4932228E-02
  179.398406  2.7517953E-02  2.5712426E-02  2.7001733E-02  2.5230077E-02
  179.598403  2.7639083E-02  2.5820105E-02  2.7255996E-02  2.5462229E-02
  179.798400  2.7665621E-02  2.5839378E-02  2.7441362E-02  2.5629923E-02
  179.998398  2.7652291E-02  2.5821403E-02  2.7559004E-02  2.5734293E-02
  180.198395  2.7644493E-02  2.5808590E-02  2.7609620E-02  2.5776033E-02
  180.398393  2.7662895E-02  2.5820225E-02  2.7593212E-02  2.5755184E-02
  180.598390  2.7696246E-02  2.5845794E-02  2.7509063E-02  2.5671117E-02
  180.798388  2.7704915E-02  2.5848312E-02  2.7355921E-02  2.5522705E-02
  180.998385  2.7634000E-02  2.5776584E-02  2.7132340E-02  2.5308643E-02
  181.198382  2.7431650E-02  2.5582301E-02  2.6837097E-02  2.5027831E-02
  181.398380  2.7066413E-02  2.5236218E-02  2.6469560E-02  2.4679724E-02
  181.598377  2.6537798E-02  2.4737976E-02  2.6029951E-02  2.4264572E-02
  181.798375  2.5876455E-02  2.4116242E-02  2.5519406E-02  2.3783480E-02
  181.998372  2.5133998E-02  2.3419187E-02  2.4939897E-02  2.3238329E-02
  182.198370  2.4365854E-02  2.2698496E-02  2.4293998E-02  2.2631558E-02
  182.398367  2.3613079E-02  2.1992425E-02  2.3584663E-02  2.1965959E-02
  182.598364  2.2889209E-02  2.1313569E-02  2.2815016E-02  2.1244482E-02
  182.798362  2.2176700E-02  2.0645577E-02  2.1988297E-02  2.0470181E-02
  182.998359  2.1434117E-02  1.9949878E-02  2.1107946E-02  1.9646293E-02
  183.198357  2.0611600E-02  1.9180094E-02  2.0177739E-02  1.8776366E-02
  183.398354  1.9669410E-02  1.8299304E-02  1.9202006E-02  1.7864458E-02
  183.598351  1.8593136E-02  1.7294179E-02  1.8185696E-02  1.6915204E-02
  183.798349  1.7400454E-02  1.6181239E-02  1.7134334E-02  1.5933766E-02
  183.998346  1.6137073E-02  1.5003054E-02  1.6053782E-02  1.4925616E-02
  184.198344  1.4863099E-02  1.3815540E-02  1.4949788E-02  1.3896118E-02
  184.398341  1.3634522E-02  1.2670734E-02  1.3827552E-02  1.2850119E-02
  184.598339  1.2485812E-02  1.1600638E-02  1.2691249E-02  1.1791511E-02
  184.798336  1.1419634E-02  1.0607679E-02  1.1543834E-02  1.0723048E-02
  184.998333  1.0406934E-02  9.6648221E-03  1.0387024E-02  9.6463315E-03
  185.198331  9.3974622E-03  8.7253808E-03  9.2216331E-03  8.5621265E-03
  185.398328  8.3371815E-03  7.7391923E-03  8.0481432E-03  7.4708854E-03
  185.598326  7.1867204E-03  6.6697499E-03  6.8673179E-03  6.3733233E-03
  185.798323  5.9349178E-03  5.5067551E-03  5.6808560E-03  5.2710222E-03
  185.998321  4.6029222E-03  4.2698911E-03  4.4917413E-03  4.1667543E-03
  186.198318  3.2378161E-03  3.0028752E-03  3.3043733E-03  3.0646029E-03
  186.398315  1.8978714E-03  1.7597609E-03  2.1242705E-03  1.9696846E-03
  186.598313  6.3459239E-04  5.8827902E-04  9.5755253E-04  8.8766911E-04
  186.798310 -5.2254576E-04 -4.8429979E-04 -1.8972388E-04 -1.7583768E-04
  186.998308 -1.5737693E-03 -1.4582512E-03 -1.3122650E-03 -1.2159419E-03
  187.198305 -2.5466425E-03 -2.3591763E-03 -2.4059703E-03 -2.2288594E-03
  187.398303 -3.4849149E-03 -3.2276436E-03 -3.4681578E-03 -3.2121236E-03
  187.598300 -4.4324056E-03 -4.1042493E-03 -4.4973745E-03 -4.1644082E-03
  187.798297 -5.4175957E-03 -5.0153530E-03 -5.4930116E-03 -5.0851694E-03
  187.998295 -6.4439467E-03 -5.9641337E-03 -6.4547082E-03 -5.9740939E-03
  188.198292 -7.4890327E-03 -6.9298131E-03 -7.3817551E-03 -6.8305462E-03
  188.398290 -8.5125112E-03 -7.8750570E-03 -8.2726873E-03 -7.6531922E-03
  188.598287 -9.4698003E-03 -8.7586443E-03 -9.1250488E-03 -8.4397827E-03
  188.798285 -1.0326737E-02 -9.5490266E-03 -9.9355076E-03 -9.1872605E-03
  188.998282 -1.1070026E-02 -1.0233975E-02 -1.0700141E-02 -9.8920256E-03
  189.198279 -1.1710148E-02 -1.0823250E-02 -1.1414935E-02 -1.0550396E-02
  189.398277 -1.2275892E-02 -1.1343520E-02 -1.2076269E-02 -1.1159058E-02
  189.598274 -1.2802716E-02 -1.1827587E-02 -1.2681332E-02 -1.1715449E-02
  189.798272 -1.3319227E-02 -1.2301901E-02 -1.3228414E-02 -1.2218024E-02
  189.998269 -1.3836556E-02 -1.2776744E-02 -1.3716968E-02 -1.2666316E-02
  190.198267 -1.4344392E-02 -1.3242597E-02 -1.4147557E-02 -1.3060882E-02
  190.398264 -1.4814933E-02 -1.3673807E-02 -1.4521643E-02 -1.3403108E-02
  190.598261 -1.5213302E-02 -1.4038211E-02 -1.4841368E-02 -1.3695006E-02
  190.798259 -1.5510614E-02 -1.4309211E-02 -1.5109302E-02 -1.3938983E-02
  190.998256 -1.5695073E-02 -1.4475990E-02 -1.5328227E-02 -1.4137638E-02
  191.198254 -1.5777148E-02 -1.4548276E-02 -1.5500958E-02 -1.4293598E-02
  191.398251 -1.5786976E-02 -1.4553918E-02 -1.5630155E-02 -1.4409346E-02
  191.598248 -1.5764874E-02 -1.4530123E-02 -1.5718148E-02 -1.4487056E-02
  191.798246 -1.5748214E-02 -1.4511347E-02 -1.5766732E-02 -1.4528411E-02
  191.998243 -1.5759157E-02 -1.4518005E-02 -1.5776986E-02 -1.4534430E-02
  192.198241 -1.5797440E-02 -1.4549834E-02 -1.5749140E-02 -1.4505349E-02
  192.398238 -1.5840609E-02 -1.4586141E-02 -1.5682550E-02 -1.4440600E-02
  192.598236 -1.5851584E-02 -1.4592789E-02 -1.5575825E-02 -1.4338928E-02
  192.798233 -1.5790925E-02 -1.4533498E-02 -1.5427130E-02 -1.4198672E-02
  192.998230 -1.5629630E-02 -1.4381629E-02 -1.5234642E-02 -1.4018180E-02
  193.198228 -1.5358206E-02 -1.4128515E-02 -1.4997081E-02 -1.3796305E-02
  193.398225 -1.4989132E-02 -1.3785706E-02 -1.4714239E-02 -1.3532884E-02
  193.598223 -1.4552093E-02 -1.3380563E-02 -1.4387360E-02 -1.3229092E-02
  193.798220 -1.4083922E-02 -1.2946989E-02 -1.4019315E-02 -1.2887597E-02
  193.998218 -1.3616794E-02 -1.2514575E-02 -1.3614470E-02 -1.2512440E-02
  194.198215 -1.3168837E-02 -1.2099979E-02 -1.3178298E-02 -1.2108672E-02
  194.398212 -1.2740163E-02 -1.1703291E-02 -1.2716739E-02 -1.1681773E-02
  194.598210 -1.2315466E-02 -1.1310442E-02 -1.2235475E-02 -1.1236978E-02
  194.798207 -1.1871882E-02 -1.0900435E-02 -1.1739234E-02 -1.0778641E-02
  194.998205 -1.1389007E-02 -1.0454554E-02 -1.1231231E-02 -1.0309723E-02
  195.198202 -1.0857359E-02 -9.9641238E-03 -1.0712911E-02 -9.8315594E-03
  195.398200 -1.0282134E-02 -9.4339439E-03 -1.0183973E-02 -9.3438809E-03
  195.598197 -9.6810408E-03 -8.8802890E-03 -9.6427328E-03 -8.8451495E-03
  195.798194 -9.0770854E-03 -8.3242734E-03 -9.0866842E-03 -8.3330761E-03
  195.998192 -8.4891541E-03 -7.7832156E-03 -8.5132164E-03 -7.8052769E-03
  196.198189 -7.9240137E-03 -7.2633079E-03 -7.9203299E-03 -7.2599313E-03
  196.398187 -7.3728180E-03 -6.7564290E-03 -7.3072047E-03 -6.6963011E-03
  196.598184 -6.8136759E-03 -6.2425138E-03 -6.6745980E-03 -6.1150942E-03
  196.798182 -6.2194663E-03 -5.6967264E-03 -6.0249271E-03 -5.5185379E-03
  196.998179 -5.5682925E-03 -5.0990392E-03 -5.3621293E-03 -4.9102499E-03
  197.198176 -4.8527605E-03 -4.4427217E-03 -4.6912384E-03 -4.2948476E-03
  197.398174 -4.0847174E-03 -3.7386609E-03 -4.0178290E-03 -3.6774393E-03
  197.598171 -3.2935161E-03 -3.0137522E-03 -3.3473926E-03 -3.0630522E-03
  197.798169 -2.5180847E-03 -2.3036243E-03 -2.6847114E-03 -2.4560596E-03
  197.998166 -1.7953826E-03 -1.6420703E-03 -2.0334069E-03 -1.8597691E-03
  198.198164 -1.1489471E-03 -1.0505774E-03 -1.3956329E-03 -1.2761427E-03
  198.398161 -5.8150732E-04 -5.3158950E-04 -7.7205857E-04 -7.0578343E-04
  198.598158 -7.4118546E-05 -6.7739369E-05 -1.6204338E-04 -1.4809676E-04
  198.798156  4.0771508E-04  3.7253232E-04  4.3595219E-04  3.9833278E-04
  198.998153  9.0291620E-04  8.2479767E-04  1.0238272E-03  9.3524765E-04
  199.198151  1.4423545E-03  1.3172393E-03  1.6032960E-03  1.4642201E-03
  199.398148  2.0390371E-03  1.8617028E-03  2.1753712E-03  1.9861799E-03
  199.598145  2.6842144E-03  2.4501623E-03  2.7400545E-03  2.5011333E-03
  199.798143  3.3505304E-03  3.0576201E-03  3.2962268E-03  3.0080638E-03
  199.998140  4.0010786E-03  3.6503897E-03  3.8417864E-03  3.5050592E-03
