 # k       S(k)       S(k)_form^2       S(k)_Lorch          S(k)_Lorch_form^2
    0.200000 -3.2759943E+00 -3.1883231E+00 -1.6982289E-01 -1.6527814E-01
    0.400000 -3.0590098E+00 -2.9771285E+00 -1.3828370E-01 -1.3458222E-01
    0.600000 -2.7145571E+00 -2.6418705E+00 -8.8361857E-02 -8.5995829E-02
    0.800000 -2.2668865E+00 -2.2061575E+00 -2.3814095E-02 -2.3176125E-02
    1.000000 -1.7470358E+00 -1.7002042E+00  5.0499577E-02  4.9145868E-02
    1.200000 -1.1902521E+00 -1.1583214E+00  1.2897577E-01  1.2551576E-01
    1.400000 -6.3311550E-01 -6.1611570E-01  2.0567797E-01  2.0015530E-01
    1.600000 -1.1063248E-01 -1.0765879E-01  2.7476432E-01  2.6737893E-01
    1.800000  3.4644043E-01  3.3711747E-01  3.3089920E-01  3.2199447E-01
    2.000000  7.1380681E-01  6.9457244E-01  3.6961694E-01  3.5965717E-01
    2.200000  9.7519231E-01  9.4887634E-01  3.8761069E-01  3.7715085E-01
    2.400000  1.1231437E+00  1.0927869E+00  3.8292648E-01  3.7257657E-01
    2.600000  1.1590278E+00  1.1276468E+00  3.5505062E-01  3.4543753E-01
    2.800000  1.0922710E+00  1.0626421E+00  3.0488801E-01  2.9661765E-01
    3.000000  9.3895272E-01  9.1343166E-01  2.3463786E-01  2.2826032E-01
    3.200000  7.1992019E-01  7.0031055E-01  1.4758129E-01  1.4356138E-01
    3.400000  4.5863144E-01  4.4611045E-01  4.7802240E-02  4.6497203E-02
    3.600000  1.7894661E-01  1.7404942E-01 -6.0132973E-02 -5.8487329E-02
    3.800000 -9.6921247E-02 -9.4262054E-02 -1.7150967E-01 -1.6680402E-01
    4.000000 -3.5011420E-01 -3.4048241E-01 -2.8178534E-01 -2.7403331E-01
    4.200000 -5.6636163E-01 -5.5073678E-01 -3.8687229E-01 -3.7619921E-01
    4.400000 -7.3665935E-01 -7.1627617E-01 -4.8336294E-01 -4.6998841E-01
    4.600000 -8.5738036E-01 -8.3358347E-01 -5.6868432E-01 -5.5290029E-01
    4.800000 -9.2986073E-01 -9.0396884E-01 -6.4117535E-01 -6.2332189E-01
    5.000000 -9.5955437E-01 -9.3274589E-01 -7.0008757E-01 -6.8052820E-01
    5.200000 -9.5488656E-01 -9.2811532E-01 -7.4551639E-01 -7.2461507E-01
    5.400001 -9.2595549E-01 -8.9990128E-01 -7.7827565E-01 -7.5637681E-01
    5.600001 -8.8323428E-01 -8.5828881E-01 -7.9973079E-01 -7.7714374E-01
    5.800001 -8.3640724E-01 -8.1269253E-01 -8.1161141E-01 -7.8859974E-01
    6.000001 -7.9345176E-01 -7.7086464E-01 -8.1581853E-01 -7.9259469E-01
    6.200001 -7.6003386E-01 -7.3830838E-01 -8.1424610E-01 -7.9097098E-01
    6.400000 -7.3924644E-01 -7.1802490E-01 -8.0862976E-01 -7.8541644E-01
    6.600000 -7.3167643E-01 -7.1057982E-01 -8.0043266E-01 -7.7735358E-01
    6.800000 -7.3575321E-01 -7.1444308E-01 -7.9077429E-01 -7.6787055E-01
    6.999999 -7.4830056E-01 -7.2652624E-01 -7.8040235E-01 -7.5769392E-01
    7.199999 -7.6520337E-01 -7.4283095E-01 -7.6970394E-01 -7.4719993E-01
    7.399999 -7.8209358E-01 -7.5911539E-01 -7.5874986E-01 -7.3645752E-01
    7.599998 -7.9497099E-01 -7.7149729E-01 -7.4736111E-01 -7.2529322E-01
    7.799998 -8.0069084E-01 -7.7692681E-01 -7.3518760E-01 -7.1336767E-01
    7.999998 -7.9727354E-01 -7.7348657E-01 -7.2178869E-01 -7.0025385E-01
    8.199997 -7.8402087E-01 -7.6050363E-01 -7.0670521E-01 -6.8550711E-01
    8.399997 -7.6144611E-01 -7.3848066E-01 -6.8951588E-01 -6.6871987E-01
    8.599997 -7.3105043E-01 -7.0887819E-01 -6.6987441E-01 -6.4955760E-01
    8.799996 -6.9499109E-01 -6.7379202E-01 -6.4752408E-01 -6.2777288E-01
    8.999996 -6.5569620E-01 -6.3557919E-01 -6.2229166E-01 -6.0319951E-01
    9.199996 -6.1548383E-01 -5.9648845E-01 -5.9406560E-01 -5.7573124E-01
    9.399995 -5.7623067E-01 -5.5833925E-01 -5.6276210E-01 -5.4528887E-01
    9.599995 -5.3912867E-01 -5.2228628E-01 -5.2828655E-01 -5.1178287E-01
    9.799995 -5.0455271E-01 -4.8869188E-01 -4.9049896E-01 -4.7507992E-01
    9.999994 -4.7204095E-01 -4.5710781E-01 -4.4918694E-01 -4.3497679E-01
   10.199994 -4.4038030E-01 -4.2635878E-01 -4.0405233E-01 -3.9118748E-01
   10.399994 -4.0777652E-01 -3.9470798E-01 -3.5471684E-01 -3.4334877E-01
   10.599993 -3.7207751E-01 -3.6007373E-01 -3.0074406E-01 -2.9104161E-01
   10.799993 -3.3101919E-01 -3.2026796E-01 -2.4167800E-01 -2.3382850E-01
   10.999992 -2.8246655E-01 -2.7322952E-01 -1.7709832E-01 -1.7130698E-01
   11.199992 -2.2462019E-01 -2.1722392E-01 -1.0668001E-01 -1.0316726E-01
   11.399992 -1.5617851E-01 -1.5099980E-01 -3.0260665E-02 -2.9257254E-02
   11.599991 -7.6441901E-02 -7.3889164E-02  5.2098845E-02  5.0359032E-02
   11.799991  1.4639448E-02  1.4147058E-02  1.4006400E-01  1.3535303E-01
   11.999991  1.1646272E-01  1.1251710E-01  2.3298775E-01  2.2509439E-01
   12.199990  2.2781116E-01  2.2003649E-01  3.2989473E-01  3.1863618E-01
   12.399990  3.4691968E-01  3.3499224E-01  4.2948815E-01  4.1472192E-01
   12.599990  4.7155032E-01  4.5521644E-01  5.3017493E-01  5.1181038E-01
   12.799990  5.9908026E-01  5.7817191E-01  6.3011762E-01  6.0812604E-01
   12.999991  7.2659052E-01  7.0103834E-01  7.2730308E-01  7.0172584E-01
   13.199991  8.5095425E-01  8.2079808E-01  8.1962391E-01  7.9057803E-01
   13.399991  9.6893634E-01  9.3433250E-01  9.0497381E-01  8.7265427E-01
   13.599992  1.0772954E+00  1.0385206E+00  9.8134154E-01  9.4602040E-01
   13.799992  1.1728980E+00  1.1303493E+00  1.0469024E+00  1.0089245E+00
   13.999993  1.2528503E+00  1.2070404E+00  1.1001046E+00  1.0598798E+00
   14.199993  1.3146323E+00  1.2661793E+00  1.1397361E+00  1.0977291E+00
   14.399993  1.3562414E+00  1.3058527E+00  1.1649786E+00  1.1216959E+00
   14.599994  1.3763228E+00  1.3247743E+00  1.1754378E+00  1.1314131E+00
   14.799994  1.3742811E+00  1.3223903E+00  1.1711525E+00  1.1269315E+00
   14.999995  1.3503557E+00  1.2989513E+00  1.1525830E+00  1.1087072E+00
   15.199995  1.3056471E+00  1.2555362E+00  1.1205788E+00  1.0775708E+00
   15.399995  1.2420847E+00  1.1940198E+00  1.0763287E+00  1.0346780E+00
   15.599996  1.1623329E+00  1.1169813E+00  1.0212974E+00  9.8144868E-01
   15.799996  1.0696401E+00  1.0275579E+00  9.5715470E-01  9.1949792E-01
   15.999997  9.6763459E-01  9.2924764E-01  8.8569572E-01  8.5055936E-01
   16.199997  8.6009442E-01  8.2568790E-01  8.0876643E-01  7.7641319E-01
   16.399997  7.5069903E-01  7.2041643E-01  7.2818799E-01  6.9881347E-01
   16.599998  6.4279797E-01  6.1664968E-01  6.4569231E-01  6.1942628E-01
   16.799998  5.3921483E-01  5.1709508E-01  5.6286867E-01  5.3977860E-01
   16.999999  4.4209976E-01  4.2381056E-01  4.8111879E-01  4.6121541E-01
   17.199999  3.5285750E-01  3.3813657E-01  4.0163186E-01  3.8487609E-01
   17.399999  2.7214093E-01  2.6069118E-01  3.2536721E-01  3.1167807E-01
   17.600000  1.9991999E-01  1.9143741E-01  2.5305412E-01  2.4231706E-01
   17.800000  1.3560934E-01  1.2980660E-01  1.8520285E-01  1.7727799E-01
   18.000001  7.8234514E-02  7.4858416E-02  1.2212150E-01  1.1685152E-01
   18.200001  2.6623184E-02  2.5464541E-02  6.3944863E-02  6.1161977E-02
   18.400002 -2.0411833E-02 -1.9515966E-02  1.0662305E-02  1.0194340E-02
   18.600002 -6.3910179E-02 -6.1081382E-02 -3.7847944E-02 -3.6172715E-02
   18.800002 -1.0464786E-01 -9.9976652E-02 -8.1789427E-02 -7.8138561E-02
   19.000003 -1.4307222E-01 -1.3663175E-01 -1.2141796E-01 -1.1595227E-01
   19.200003 -1.7929412E-01 -1.7115485E-01 -1.5701659E-01 -1.4988863E-01
   19.400004 -2.1313461E-01 -2.0337741E-01 -1.8887745E-01 -1.8023073E-01
   19.600004 -2.4421029E-01 -2.3293625E-01 -2.1728605E-01 -2.0725497E-01
   19.800004 -2.7204675E-01 -2.5938203E-01 -2.4251336E-01 -2.3122352E-01
   20.000005 -2.9619690E-01 -2.8229226E-01 -2.6481073E-01 -2.5237947E-01
   20.200005 -3.1634793E-01 -3.0137311E-01 -2.8440867E-01 -2.7094574E-01
   20.400006 -3.3240190E-01 -3.1653593E-01 -3.0151929E-01 -2.8712739E-01
   20.600006 -3.4451665E-01 -3.2793575E-01 -3.1633867E-01 -3.0111392E-01
   20.800006 -3.5310527E-01 -3.3597027E-01 -3.2905107E-01 -3.1308335E-01
   21.000007 -3.5879398E-01 -3.4123928E-01 -3.3983193E-01 -3.2320499E-01
   21.200007 -3.6234750E-01 -3.4447327E-01 -3.4885007E-01 -3.3164166E-01
   21.400008 -3.6457444E-01 -3.4644323E-01 -3.5626914E-01 -3.3855096E-01
   21.600008 -3.6622729E-01 -3.4786554E-01 -3.6224705E-01 -3.4408486E-01
   21.800008 -3.6791274E-01 -3.4931699E-01 -3.6693502E-01 -3.4838869E-01
   22.000009 -3.7002546E-01 -3.5117212E-01 -3.7047541E-01 -3.5159914E-01
   22.200009 -3.7271431E-01 -3.5357165E-01 -3.7299944E-01 -3.5384214E-01
   22.400010 -3.7588539E-01 -3.5642588E-01 -3.7462526E-01 -3.5523099E-01
   22.600010 -3.7923987E-01 -3.5945102E-01 -3.7545632E-01 -3.5586490E-01
   22.800010 -3.8234028E-01 -3.6223240E-01 -3.7558091E-01 -3.5582852E-01
   23.000011 -3.8469389E-01 -3.6430378E-01 -3.7507249E-01 -3.5519235E-01
   23.200011 -3.8584049E-01 -3.6523048E-01 -3.7399118E-01 -3.5401412E-01
   23.400012 -3.8543122E-01 -3.6468397E-01 -3.7238598E-01 -3.5234094E-01
   23.600012 -3.8328679E-01 -3.6249665E-01 -3.7029757E-01 -3.5021198E-01
   23.800012 -3.7942719E-01 -3.5868961E-01 -3.6776127E-01 -3.4766130E-01
   24.000013 -3.7406928E-01 -3.5346996E-01 -3.6480986E-01 -3.4472044E-01
   24.200013 -3.6759410E-01 -3.4719949E-01 -3.6147596E-01 -3.4142079E-01
   24.400014 -3.6048918E-01 -3.4033991E-01 -3.5779349E-01 -3.3779490E-01
   24.600014 -3.5327647E-01 -3.3338460E-01 -3.5379863E-01 -3.3387737E-01
   24.800014 -3.4643634E-01 -3.2678686E-01 -3.4952953E-01 -3.2970461E-01
   25.000015 -3.4034022E-01 -3.2089646E-01 -3.4502558E-01 -3.2531414E-01
   25.200015 -3.3520156E-01 -3.1591369E-01 -3.4032611E-01 -3.2074337E-01
   25.400016 -3.3105195E-01 -3.1186715E-01 -3.3546864E-01 -3.1602789E-01
   25.600016 -3.2774580E-01 -3.0861856E-01 -3.3048745E-01 -3.1120021E-01
   25.800017 -3.2499150E-01 -3.0589247E-01 -3.2541204E-01 -3.0628830E-01
   26.000017 -3.2240413E-01 -3.0332606E-01 -3.2026649E-01 -3.0131492E-01
   26.200017 -3.1957044E-01 -3.0053055E-01 -3.1506893E-01 -2.9629724E-01
   26.400018 -3.1611627E-01 -2.9715454E-01 -3.0983188E-01 -2.9124711E-01
   26.600018 -3.1176588E-01 -2.9293972E-01 -3.0456309E-01 -2.8617188E-01
   26.800019 -3.0638394E-01 -2.8776009E-01 -2.9926649E-01 -2.8107528E-01
   27.000019 -2.9999489E-01 -2.8163984E-01 -2.9394360E-01 -2.7595879E-01
   27.200019 -2.9277640E-01 -2.7474689E-01 -2.8859463E-01 -2.7082264E-01
   27.400020 -2.8502929E-01 -2.6736442E-01 -2.8321949E-01 -2.6566678E-01
   27.600020 -2.7712895E-01 -2.5984499E-01 -2.7781847E-01 -2.6049152E-01
   27.800021 -2.6946560E-01 -2.5255453E-01 -2.7239226E-01 -2.5529751E-01
   28.000021 -2.6238402E-01 -2.4581571E-01 -2.6694183E-01 -2.5008572E-01
   28.200021 -2.5613063E-01 -2.3985862E-01 -2.6146767E-01 -2.4485660E-01
   28.400022 -2.5081709E-01 -2.3478681E-01 -2.5596900E-01 -2.3960945E-01
   28.600022 -2.4640505E-01 -2.3056329E-01 -2.5044295E-01 -2.3434159E-01
   28.800023 -2.4271376E-01 -2.2701798E-01 -2.4488361E-01 -2.2904751E-01
   29.000023 -2.3944956E-01 -2.2387549E-01 -2.3928174E-01 -2.2371859E-01
   29.200023 -2.3625141E-01 -2.2079792E-01 -2.3362451E-01 -2.1834285E-01
   29.400024 -2.3274580E-01 -2.1743625E-01 -2.2789588E-01 -2.1290535E-01
   29.600024 -2.2860219E-01 -2.1348214E-01 -2.2207752E-01 -2.0738902E-01
   29.800025 -2.2358030E-01 -2.0871196E-01 -2.1614966E-01 -2.0177547E-01
   30.000025 -2.1756277E-01 -2.0301712E-01 -2.1009272E-01 -1.9604649E-01
   30.200025 -2.1056792E-01 -1.9641572E-01 -2.0388843E-01 -1.9018516E-01
   30.400026 -2.0274166E-01 -1.8904481E-01 -1.9752129E-01 -1.8417711E-01
   30.600026 -1.9433036E-01 -1.8113480E-01 -1.9097962E-01 -1.7801159E-01
   30.800027 -1.8563866E-01 -1.7297010E-01 -1.8425610E-01 -1.7168189E-01
   31.000027 -1.7698035E-01 -1.6484315E-01 -1.7734824E-01 -1.6518581E-01
   31.200027 -1.6862859E-01 -1.5700818E-01 -1.7025805E-01 -1.5852535E-01
   31.400028 -1.6077458E-01 -1.4964274E-01 -1.6299165E-01 -1.5170631E-01
   31.600028 -1.5350007E-01 -1.4282232E-01 -1.5555864E-01 -1.4473770E-01
   31.800029 -1.4676761E-01 -1.3651146E-01 -1.4797102E-01 -1.3763078E-01
   32.000029 -1.4043043E-01 -1.3057307E-01 -1.4024268E-01 -1.3039850E-01
   32.200029 -1.3425883E-01 -1.2479321E-01 -1.3238844E-01 -1.2305469E-01
   32.400030 -1.2797974E-01 -1.1891791E-01 -1.2442375E-01 -1.1561371E-01
   32.600030 -1.2132239E-01 -1.1269568E-01 -1.1636467E-01 -1.0809049E-01
   32.800031 -1.1406282E-01 -1.0591879E-01 -1.0822770E-01 -1.0050029E-01
   33.000031 -1.0606093E-01 -9.8457612E-02 -1.0003043E-01 -9.2859431E-02
   33.200032 -9.7283620E-02 -9.0281961E-02 -9.1791776E-02 -8.5185374E-02
   33.400032 -8.7811734E-02 -8.1467367E-02 -8.3532776E-02 -7.7497562E-02
   33.600032 -7.7828878E-02 -7.2184552E-02 -7.5276809E-02 -6.9817566E-02
   33.800033 -6.7595194E-02 -6.2674987E-02 -6.7049999E-02 -6.2169475E-02
   34.000033 -5.7410075E-02 -5.3216225E-02 -5.8881396E-02 -5.4580065E-02
   34.200034 -4.7569232E-02 -4.4082097E-02 -5.0802497E-02 -4.7078342E-02
   34.400034 -3.8324088E-02 -3.5505101E-02 -4.2847122E-02 -3.9695437E-02
   34.600034 -2.9848251E-02 -2.7645430E-02 -3.5050489E-02 -3.2463740E-02
   34.800035 -2.2217312E-02 -2.0572367E-02 -2.7448589E-02 -2.5416326E-02
   35.000035 -1.5404229E-02 -1.4260139E-02 -2.0077528E-02 -1.8586347E-02
   35.200036 -9.2904251E-03 -8.5983134E-03 -1.2972580E-02 -1.2006158E-02
   35.400036 -3.6913834E-03 -3.4155729E-03 -6.1679679E-03 -5.7071136E-03
   35.600036  1.6085100E-03  1.4879823E-03  3.0369275E-04  2.8093668E-04
   35.800037  6.8166916E-03  6.3044931E-03  6.4113404E-03  5.9295996E-03
   36.000037  1.2095229E-02  1.1183972E-02  1.2125234E-02  1.1211716E-02
   36.200038  1.7531662E-02  1.6207406E-02  1.7416853E-02  1.6101268E-02
   36.400038  2.3121637E-02  2.1370782E-02  2.2258288E-02  2.0572809E-02
   36.600038  2.8766571E-02  2.6583024E-02  2.6622072E-02  2.4601305E-02
   36.800039  3.4285802E-02  3.1677296E-02  3.0480839E-02  2.8161819E-02
   37.000039  3.9441354E-02  3.6433944E-02  3.3807225E-02  3.1229418E-02
   37.200040  4.3971520E-02  4.0611545E-02  3.6574187E-02  3.3779461E-02
   37.400040  4.7627322E-02  4.3980584E-02  3.8755317E-02  3.5787892E-02
   37.600040  5.0206921E-02  4.6355188E-02  4.0325637E-02  3.7231968E-02
   37.800041  5.1582151E-02  4.7617577E-02  4.1262417E-02  3.8091012E-02
   38.000041  5.1713630E-02  4.7731947E-02  4.1546158E-02  3.8347318E-02
   38.200042  5.0652351E-02  4.6745863E-02  4.1161619E-02  3.7987090E-02
   38.400042  4.8527772E-02  4.4779228E-02  4.0098723E-02  3.7001284E-02
   38.600042  4.5524647E-02  4.2002847E-02  3.8353327E-02  3.5386303E-02
   38.800043  4.1852491E-02  3.8610248E-02  3.5927763E-02  3.3144499E-02
   39.000043  3.7712729E-02  3.4787372E-02  3.2831203E-02  3.0284504E-02
   39.200044  3.3268438E-02  3.0684687E-02  2.9079642E-02  2.6821209E-02
   39.400044  2.8621892E-02  2.6396512E-02  2.4695877E-02  2.2775748E-02
   39.600044  2.3802705E-02  2.1950110E-02  1.9709084E-02  1.8175101E-02
   39.800045  1.8768738E-02  1.7306567E-02  1.4154456E-02  1.3051759E-02
   40.000045  1.3419228E-02  1.2372918E-02  8.0728449E-03  7.4433973E-03
   40.200046  7.6175925E-03  7.0231893E-03  1.5101140E-03  1.3922793E-03
   40.400046  1.2207886E-03  1.1254661E-03 -5.4830370E-03 -5.0549067E-03
   40.600047 -5.8903168E-03 -5.4301178E-03 -1.2851713E-02 -1.1847634E-02
   40.800047 -1.3783470E-02 -1.2706066E-02 -2.0536905E-02 -1.8931609E-02
   41.000047 -2.2455704E-02 -2.0699718E-02 -2.8476116E-02 -2.6249346E-02
   41.200048 -3.1824347E-02 -2.9334977E-02 -3.6603692E-02 -3.3740471E-02
   41.400048 -4.1729953E-02 -3.8465018E-02 -4.4851246E-02 -4.1342102E-02
   41.600049 -5.1951187E-02 -4.7886004E-02 -5.3148641E-02 -4.8989756E-02
   41.800049 -6.2228130E-02 -5.7358557E-02 -6.1424532E-02 -5.6617844E-02
   42.000049 -7.2291839E-02 -6.6634993E-02 -6.9607706E-02 -6.4160893E-02
   42.200050 -8.1894445E-02 -7.5487040E-02 -7.7628132E-02 -7.1554522E-02
   42.400050 -9.0835803E-02 -8.3730394E-02 -8.5418115E-02 -7.8736491E-02
   42.600051 -9.8983228E-02 -9.1242892E-02 -9.2913847E-02 -8.5648127E-02
   42.800051 -1.0628046E-01 -9.7972779E-02 -1.0005629E-01 -9.2235138E-02
   43.000051 -1.1274607E-01 -1.0393725E-01 -1.0679246E-01 -9.8448792E-02
   43.200052 -1.1846086E-01 -1.0921082E-01 -1.1307609E-01 -1.0424651E-01
   43.400052 -1.2354695E-01 -1.1390609E-01 -1.1886797E-01 -1.0959223E-01
   43.600053 -1.2814218E-01 -1.1815017E-01 -1.2413634E-01 -1.1445669E-01
   43.800053 -1.3237336E-01 -1.2205998E-01 -1.2885642E-01 -1.1881705E-01
   44.000053 -1.3633307E-01 -1.2572089E-01 -1.3301010E-01 -1.2265659E-01
   44.200054 -1.4006308E-01 -1.2917147E-01 -1.3658514E-01 -1.2596397E-01
   44.400054 -1.4354694E-01 -1.3239653E-01 -1.3957421E-01 -1.2873239E-01
   44.600055 -1.4671271E-01 -1.3532973E-01 -1.4197416E-01 -1.3095882E-01
   44.800055 -1.4944474E-01 -1.3786433E-01 -1.4378492E-01 -1.3264308E-01
   45.000055 -1.5160285E-01 -1.3987093E-01 -1.4500890E-01 -1.3378725E-01
   45.200056 -1.5304521E-01 -1.4121851E-01 -1.4565030E-01 -1.3439505E-01
   45.400056 -1.5365154E-01 -1.4179586E-01 -1.4571476E-01 -1.3447147E-01
   45.600057 -1.5334273E-01 -1.4152967E-01 -1.4520914E-01 -1.3402266E-01
   45.800057 -1.5209392E-01 -1.4039664E-01 -1.4414155E-01 -1.3305587E-01
   46.000057 -1.4993899E-01 -1.3842764E-01 -1.4252142E-01 -1.3157955E-01
   46.200058 -1.4696599E-01 -1.3570358E-01 -1.4035970E-01 -1.2960355E-01
   46.400058 -1.4330444E-01 -1.3234367E-01 -1.3766903E-01 -1.2713928E-01
   46.600059 -1.3910639E-01 -1.2848794E-01 -1.3446385E-01 -1.2419978E-01
   46.800059 -1.3452465E-01 -1.2427727E-01 -1.3076045E-01 -1.2079980E-01
   47.000059 -1.2969135E-01 -1.1983344E-01 -1.2657685E-01 -1.1695567E-01
   47.200060 -1.2470037E-01 -1.1524301E-01 -1.2193249E-01 -1.1268505E-01
   47.400060 -1.1959637E-01 -1.1054710E-01 -1.1684810E-01 -1.0800677E-01
   47.600061 -1.1437159E-01 -1.0573836E-01 -1.1134502E-01 -1.0294025E-01
   47.800061 -1.0897141E-01 -1.0076613E-01 -1.0544505E-01 -9.7505290E-02
   48.000062 -1.0330686E-01 -9.5547924E-02 -9.9169754E-02 -9.1721538E-02
   48.200062 -9.7272750E-02 -8.9986188E-02 -9.2540432E-02 -8.5608361E-02
   48.400062 -9.0767635E-02 -8.3986729E-02 -8.5577631E-02 -7.9184450E-02
   48.600063 -8.3713069E-02 -7.7476552E-02 -7.8301147E-02 -7.2467811E-02
   48.800063 -7.6068913E-02 -7.0418042E-02 -7.0730164E-02 -6.5475889E-02
   49.000064 -6.7841939E-02 -6.2816973E-02 -6.2883132E-02 -5.8225458E-02
   49.200064 -5.9087375E-02 -5.4723986E-02 -5.4778283E-02 -5.0733105E-02
   49.400064 -4.9902182E-02 -4.6228420E-02 -4.6433630E-02 -4.3015220E-02
   49.600065 -4.0412202E-02 -3.7446453E-02 -3.7867339E-02 -3.5088351E-02
   49.800065 -3.0754976E-02 -2.8505217E-02 -2.9098099E-02 -2.6969542E-02
   50.000066 -2.1060530E-02 -1.9525004E-02 -2.0144994E-02 -1.8676219E-02
   50.200063 -1.1434494E-02 -1.0603609E-02 -1.1028076E-02 -1.0226723E-02
   50.400060 -1.9441265E-03 -1.8033423E-03 -1.7676603E-03 -1.6396549E-03
   50.600058  7.3880733E-03  6.8549406E-03  7.6152137E-03  7.0656903E-03
   50.800055  1.6584096E-02  1.5391646E-02  1.7098889E-02  1.5869423E-02
   51.000053  2.5703377E-02  2.3861957E-02  2.6661574E-02  2.4751508E-02
   51.200050  3.4829228E-02  3.2343287E-02  3.6281120E-02  3.3691550E-02
   51.400048  4.4052337E-02  4.0919984E-02  4.5935533E-02  4.2669275E-02
   51.600045  5.3452587E-02  4.9666454E-02  5.5602678E-02  5.1664250E-02
   51.800042  6.3083440E-02  5.8632631E-02  6.5260656E-02  6.0656235E-02
   52.000040  7.2960228E-02  6.7833061E-02  7.4887644E-02  6.9625032E-02
   52.200037  8.3054557E-02  7.7241643E-02  8.4461696E-02  7.8550298E-02
   52.400035  9.3296122E-02  8.6793254E-02  9.3960991E-02  8.7411781E-02
   52.600032  1.0358036E-01  9.6390807E-02  1.0336337E-01  9.6188880E-02
   52.800030  1.1378214E-01  1.0591795E-01  1.1264664E-01  1.0486093E-01
   53.000027  1.2377173E-01  1.1525389E-01  1.2178814E-01  1.1340681E-01
   53.200024  1.3343198E-01  1.2428939E-01  1.3076511E-01  1.2180525E-01
   53.400022  1.4267282E-01  1.3294032E-01  1.3955456E-01  1.3003477E-01
   53.600019  1.5144135E-01  1.4115703E-01  1.4813329E-01  1.3807362E-01
   53.800017  1.5972634E-01  1.4892869E-01  1.5647831E-01  1.4590023E-01
   54.000014  1.6755558E-01  1.5628082E-01  1.6456669E-01  1.5349305E-01
   54.200011  1.7498771E-01  1.6326774E-01  1.7237602E-01  1.6083098E-01
   54.400009  1.8209897E-01  1.6996030E-01  1.7988452E-01  1.6789346E-01
   54.600006  1.8896749E-01  1.7643115E-01  1.8707107E-01  1.7466054E-01
   54.800004  1.9565782E-01  1.8274039E-01  1.9391564E-01  1.8111323E-01
   55.000001  2.0220743E-01  1.8892286E-01  2.0039920E-01  1.8723343E-01
   55.199999  2.0861827E-01  1.9498030E-01  2.0650406E-01  1.9300431E-01
   55.399996  2.1485372E-01  2.0087834E-01  2.1221379E-01  1.9841013E-01
   55.599993  2.2084221E-01  2.0654989E-01  2.1751357E-01  2.0343667E-01
   55.799991  2.2648627E-01  2.1190352E-01  2.2239018E-01  2.0807117E-01
   55.999988  2.3167582E-01  2.1683587E-01  2.2683214E-01  2.1230245E-01
   56.199986  2.3630380E-01  2.2124625E-01  2.3082998E-01  2.1612123E-01
   56.399983  2.4028116E-01  2.2505070E-01  2.3437621E-01  2.1952004E-01
   56.599981  2.4354957E-01  2.2819391E-01  2.3746561E-01  2.2249354E-01
   56.799978  2.4608925E-01  2.3065661E-01  2.4009520E-01  2.2503845E-01
   56.999975  2.4792131E-01  2.3245785E-01  2.4226436E-01  2.2715373E-01
   57.199973  2.4910394E-01  2.3365146E-01  2.4397479E-01  2.2884048E-01
   57.399970  2.4972325E-01  2.3431758E-01  2.4523037E-01  2.3010187E-01
   57.599968  2.4988030E-01  2.3455045E-01  2.4603708E-01  2.3094301E-01
   57.799965  2.4967618E-01  2.3444452E-01  2.4640267E-01  2.3137072E-01
   57.999963  2.4919759E-01  2.3408083E-01  2.4633646E-01  2.3139326E-01
   58.199960  2.4850510E-01  2.3351600E-01  2.4584896E-01  2.3102006E-01
   58.399957  2.4762576E-01  2.3277518E-01  2.4495157E-01  2.3026137E-01
   58.599955  2.4655114E-01  2.3185028E-01  2.4365627E-01  2.2912801E-01
   58.799952  2.4524112E-01  2.3070329E-01  2.4197538E-01  2.2763114E-01
   58.999950  2.4363243E-01  2.2927443E-01  2.3992134E-01  2.2578204E-01
   59.199947  2.4165091E-01  2.2749354E-01  2.3750667E-01  2.2359209E-01
   59.399945  2.3922509E-01  2.2529291E-01  2.3474382E-01  2.2107262E-01
   59.599942  2.3629940E-01  2.2261970E-01  2.3164536E-01  2.1823509E-01
   59.799939  2.3284450E-01  2.1944573E-01  2.2822396E-01  2.1509107E-01
   59.999937  2.2886356E-01  2.1577341E-01  2.2449250E-01  2.1165235E-01
   60.199934  2.2439345E-01  2.1163694E-01  2.2046431E-01  2.0793117E-01
   60.399932  2.1950047E-01  2.0709838E-01  2.1615310E-01  2.0394013E-01
   60.599929  2.1427203E-01  2.0223975E-01  2.1157313E-01  1.9969239E-01
   60.799927  2.0880474E-01  1.9715190E-01  2.0673902E-01  1.9520147E-01
   60.999924  2.0319176E-01  1.9192260E-01  2.0166587E-01  1.9048133E-01
   61.199921  1.9751052E-01  1.8662483E-01  1.9636883E-01  1.8554606E-01
   61.399919  1.9181336E-01  1.8130799E-01  1.9086304E-01  1.8040972E-01
   61.599916  1.8612215E-01  1.7599275E-01  1.8516343E-01  1.7508620E-01
   61.799914  1.8042752E-01  1.7067023E-01  1.7928426E-01  1.6958880E-01
   61.999911  1.7469317E-01  1.6530609E-01  1.7323920E-01  1.6393024E-01
   62.199908  1.6886396E-01  1.5984809E-01  1.6704089E-01  1.5812236E-01
   62.399906  1.6287676E-01  1.5423636E-01  1.6070103E-01  1.5217605E-01
   62.599903  1.5667244E-01  1.4841472E-01  1.5423042E-01  1.4610141E-01
   62.799901  1.5020646E-01  1.4234076E-01  1.4763884E-01  1.3990759E-01
   62.999898  1.4345741E-01  1.3599390E-01  1.4093549E-01  1.3360319E-01
   63.199896  1.3643116E-01  1.2937946E-01  1.3412890E-01  1.2719620E-01
   63.399893  1.2916115E-01  1.2252887E-01  1.2722746E-01  1.2069448E-01
   63.599890  1.2170375E-01  1.1549541E-01  1.2023938E-01  1.1410574E-01
   63.799888  1.1413047E-01  1.0834679E-01  1.1317298E-01  1.0743782E-01
   63.999885  1.0651792E-01  1.0115566E-01  1.0603696E-01  1.0069892E-01
   64.199883  9.8936758E-02  9.3989134E-02  9.8840204E-02  9.3897408E-02
   64.399880  9.1442406E-02  8.6899934E-02  9.1592018E-02  8.7042113E-02
   64.599878  8.4067672E-02  7.9919361E-02  8.4301804E-02  8.0141939E-02
   64.799875  7.6819702E-02  7.3054354E-02  7.6979192E-02  7.3206026E-02
   64.999872  6.9680474E-02  6.6287921E-02  6.9633611E-02  6.6243340E-02
   65.199870  6.2611586E-02  5.9583652E-02  6.2274217E-02  5.9262598E-02
   65.399867  5.5562144E-02  5.2893194E-02  5.4909839E-02  5.2272223E-02
   65.599865  4.8478102E-02  4.6165128E-02  4.7548593E-02  4.5279967E-02
   65.799862  4.1312392E-02  3.9354615E-02  4.0198104E-02  3.8293133E-02
   65.999860  3.4033181E-02  3.2431271E-02  3.2865216E-02  3.1318281E-02
   66.199857  2.6630047E-02  2.5385088E-02  2.5556342E-02  2.4361579E-02
   66.399854  1.9116100E-02  1.8228484E-02  1.8277337E-02  1.7428667E-02
   66.599852  1.1526614E-02  1.0995037E-02  1.1033781E-02  1.0524933E-02
   66.799849  3.9141407E-03  3.7348594E-03  3.8312857E-03  3.6557994E-03
   66.999847 -3.6594276E-03 -3.4929550E-03 -3.3245564E-03 -3.1733176E-03
   67.199844 -1.1131625E-02 -1.0628686E-02 -1.0427693E-02 -9.9565578E-03
   67.399842 -1.8448695E-02 -1.7620852E-02 -1.7471746E-02 -1.6687741E-02
   67.599839 -2.5572743E-02 -2.4433066E-02 -2.4449621E-02 -2.3359998E-02
   67.799836 -3.2486741E-02 -3.1048835E-02 -3.1353710E-02 -2.9965953E-02
   67.999834 -3.9195719E-02 -3.7472736E-02 -3.8175788E-02 -3.6497639E-02
   68.199831 -4.5724360E-02 -4.3728147E-02 -4.4906982E-02 -4.2946454E-02
   68.399829 -5.2111725E-02 -4.9852235E-02 -5.1538109E-02 -4.9303491E-02
   68.599826 -5.8403199E-02 -5.5888267E-02 -5.8059548E-02 -5.5559414E-02
   68.799824 -6.4641945E-02 -6.1877433E-02 -6.4461663E-02 -6.1704861E-02
   68.999821 -7.0860258E-02 -6.7850572E-02 -7.0734697E-02 -6.7730344E-02
   69.199818 -7.7073160E-02 -7.3822016E-02 -7.6869150E-02 -7.3626611E-02
   69.399816 -8.3274497E-02 -7.9785822E-02 -8.2855811E-02 -7.9384677E-02
   69.599813 -8.9436450E-02 -8.5715282E-02 -8.8685782E-02 -8.4995847E-02
   69.799811 -9.5512839E-02 -9.1566049E-02 -9.4350765E-02 -9.0451994E-02
   69.999808 -1.0144492E-01 -9.7281679E-02 -9.9842883E-02 -9.5745386E-02
   70.199805 -1.0716968E-01 -1.0280156E-01 -1.0515491E-01 -1.0086891E-01
   70.399803 -1.1262849E-01 -1.0806923E-01 -1.1028021E-01 -1.0581601E-01
   70.599800 -1.1777519E-01 -1.1304012E-01 -1.1521263E-01 -1.1058058E-01
   70.799798 -1.2258246E-01 -1.1768771E-01 -1.1994667E-01 -1.1515717E-01
   70.999795 -1.2704490E-01 -1.2200650E-01 -1.2447728E-01 -1.1954071E-01
   71.199793 -1.3117915E-01 -1.2601217E-01 -1.2880001E-01 -1.2372674E-01
   71.399790 -1.3502024E-01 -1.2973808E-01 -1.3291078E-01 -1.2771114E-01
   71.599787 -1.3861549E-01 -1.3322945E-01 -1.3680603E-01 -1.3149029E-01
   71.799785 -1.4201637E-01 -1.3653554E-01 -1.4048261E-01 -1.3506097E-01
   71.999782 -1.4526991E-01 -1.3970140E-01 -1.4393771E-01 -1.3842027E-01
   72.199780 -1.4841099E-01 -1.4276046E-01 -1.4716900E-01 -1.4156575E-01
   72.399777 -1.5145651E-01 -1.4572885E-01 -1.5017441E-01 -1.4449523E-01
   72.599775 -1.5440267E-01 -1.4860281E-01 -1.5295235E-01 -1.4720698E-01
   72.799772 -1.5722530E-01 -1.5135901E-01 -1.5550157E-01 -1.4969960E-01
   72.999769 -1.5988376E-01 -1.5395818E-01 -1.5782127E-01 -1.5197213E-01
   73.199767 -1.6232718E-01 -1.5635118E-01 -1.5991112E-01 -1.5402406E-01
   73.399764 -1.6450242E-01 -1.5848664E-01 -1.6177126E-01 -1.5585536E-01
   73.599762 -1.6636247E-01 -1.6031905E-01 -1.6340244E-01 -1.5746655E-01
   73.799759 -1.6787380E-01 -1.6181584E-01 -1.6480598E-01 -1.5885872E-01
   73.999757 -1.6902174E-01 -1.6296260E-01 -1.6598386E-01 -1.6003363E-01
   74.199754 -1.6981285E-01 -1.6376541E-01 -1.6693872E-01 -1.6099363E-01
   74.399751 -1.7027425E-01 -1.6425014E-01 -1.6767386E-01 -1.6174175E-01
   74.599749 -1.7044962E-01 -1.6445873E-01 -1.6819324E-01 -1.6228166E-01
   74.799746 -1.7039296E-01 -1.6444309E-01 -1.6850144E-01 -1.6261761E-01
   74.999744 -1.7016077E-01 -1.6425758E-01 -1.6860355E-01 -1.6275438E-01
   75.199741 -1.6980403E-01 -1.6395131E-01 -1.6850516E-01 -1.6269721E-01
   75.399739 -1.6936116E-01 -1.6356133E-01 -1.6821221E-01 -1.6245173E-01
   75.599736 -1.6885314E-01 -1.6310782E-01 -1.6773096E-01 -1.6202383E-01
   75.799733 -1.6828134E-01 -1.6259209E-01 -1.6706782E-01 -1.6141960E-01
   75.999731 -1.6762854E-01 -1.6199745E-01 -1.6622935E-01 -1.6064526E-01
   76.199728 -1.6686282E-01 -1.6129298E-01 -1.6522218E-01 -1.5970711E-01
   76.399726 -1.6594372E-01 -1.6043953E-01 -1.6405294E-01 -1.5861147E-01
   76.599723 -1.6482974E-01 -1.5939685E-01 -1.6272827E-01 -1.5736465E-01
   76.799721 -1.6348583E-01 -1.5813095E-01 -1.6125478E-01 -1.5597297E-01
   76.999718 -1.6188995E-01 -1.5662035E-01 -1.5963908E-01 -1.5444274E-01
   77.199715 -1.6003738E-01 -1.5486035E-01 -1.5788774E-01 -1.5278025E-01
   77.399713 -1.5794240E-01 -1.5286463E-01 -1.5600727E-01 -1.5099171E-01
   77.599710 -1.5563698E-01 -1.5066401E-01 -1.5400413E-01 -1.4908333E-01
   77.799708 -1.5316661E-01 -1.4830243E-01 -1.5188462E-01 -1.4706115E-01
   77.999705 -1.5058420E-01 -1.4583104E-01 -1.4965487E-01 -1.4493103E-01
   78.199703 -1.4794265E-01 -1.4330104E-01 -1.4732064E-01 -1.4269854E-01
   78.399700 -1.4528765E-01 -1.4075667E-01 -1.4488737E-01 -1.4036888E-01
   78.599697 -1.4265139E-01 -1.3822916E-01 -1.4235993E-01 -1.3794674E-01
   78.799695 -1.4004853E-01 -1.3573273E-01 -1.3974261E-01 -1.3543623E-01
   78.999692 -1.3747474E-01 -1.3326321E-01 -1.3703906E-01 -1.3284089E-01
   79.199690 -1.3490806E-01 -1.3079937E-01 -1.3425221E-01 -1.3016349E-01
   79.399687 -1.3231304E-01 -1.2830682E-01 -1.3138435E-01 -1.2740625E-01
   79.599684 -1.2964658E-01 -1.2574379E-01 -1.2843712E-01 -1.2457073E-01
   79.799682 -1.2686500E-01 -1.2306787E-01 -1.2541164E-01 -1.2165801E-01
   79.999679 -1.2393099E-01 -1.2024283E-01 -1.2230875E-01 -1.1866887E-01
   80.199677 -1.2081930E-01 -1.1724411E-01 -1.1912903E-01 -1.1560385E-01
   80.399674 -1.1752072E-01 -1.1406269E-01 -1.1587310E-01 -1.1246355E-01
   80.599672 -1.1404320E-01 -1.1070623E-01 -1.1254174E-01 -1.0924871E-01
   80.799669 -1.1041064E-01 -1.0719786E-01 -1.0913612E-01 -1.0596043E-01
   80.999666 -1.0665899E-01 -1.0357245E-01 -1.0565780E-01 -1.0260023E-01
   81.199664 -1.0283079E-01 -9.9871274E-02 -1.0210889E-01 -9.9170150E-02
   81.399661 -9.8968800E-02 -9.6135856E-02 -9.8492076E-02 -9.5672777E-02
   81.599659 -9.5109631E-02 -9.2401778E-02 -9.4810464E-02 -9.2111129E-02
   81.799656 -9.1278769E-02 -8.8693830E-02 -9.1067639E-02 -8.8488679E-02
   81.999654 -8.7487161E-02 -8.5022688E-02 -8.7267376E-02 -8.4809095E-02
   82.199651 -8.3730469E-02 -8.1384178E-02 -8.3413648E-02 -8.1076235E-02
   82.399648 -7.9990476E-02 -7.7760630E-02 -7.9510333E-02 -7.7293872E-02
   82.599646 -7.6238817E-02 -7.4124497E-02 -7.5561136E-02 -7.3465610E-02
   82.799643 -7.2442229E-02 -7.0443451E-02 -7.1569545E-02 -6.9594845E-02
   82.999641 -6.8568268E-02 -6.6685944E-02 -6.7538629E-02 -6.5684569E-02
   83.199638 -6.4591041E-02 -6.2826782E-02 -6.3471191E-02 -6.1737519E-02
   83.399636 -6.0495476E-02 -5.8851283E-02 -5.9369655E-02 -5.7756061E-02
   83.599633 -5.6280077E-02 -5.4757971E-02 -5.5236322E-02 -5.3742445E-02
   83.799630 -5.1957185E-02 -5.0558832E-02 -5.1073367E-02 -4.9698800E-02
   83.999628 -4.7551219E-02 -4.6277612E-02 -4.6883056E-02 -4.5627345E-02
   84.199625 -4.3095051E-02 -4.1946303E-02 -4.2667986E-02 -4.1530622E-02
   84.399623 -3.8624917E-02 -3.7600186E-02 -3.8431101E-02 -3.7411512E-02
   84.599620 -3.4175236E-02 -3.3272791E-02 -3.4176003E-02 -3.3273538E-02
   84.799618 -2.9773524E-02 -2.8990945E-02 -2.9906886E-02 -2.9120803E-02
   84.999615 -2.5436912E-02 -2.4771375E-02 -2.5628771E-02 -2.4958214E-02
   85.199612 -2.1170155E-02 -2.0618758E-02 -2.1347366E-02 -2.0791354E-02
   85.399610 -1.6965960E-02 -1.6526041E-02 -1.7069094E-02 -1.6626501E-02
   85.599607 -1.2807347E-02 -1.2476726E-02 -1.2801080E-02 -1.2470620E-02
   85.799605 -8.6714443E-03 -8.4485689E-03 -8.5508796E-03 -8.3311030E-03
   85.999602 -4.5345797E-03 -4.4185339E-03 -4.3265179E-03 -4.2157967E-03
   86.199600 -3.7721926E-04 -3.6760689E-04 -1.3616093E-04 -1.3269125E-04
   86.399597  3.8114283E-03  3.7147138E-03  4.0118666E-03  3.9100660E-03
   86.599594  8.0305024E-03  7.8275770E-03  8.1093727E-03  7.9044542E-03
   86.799592  1.2266261E-02  1.1957573E-02  1.2148360E-02  1.1842640E-02
   86.999589  1.6492929E-02  1.6079557E-02  1.6121069E-02  1.5717017E-02
   87.199587  2.0675704E-02  2.0159570E-02  2.0020192E-02  1.9520422E-02
   87.399584  2.4774938E-02  2.4158915E-02  2.3838766E-02  2.3246021E-02
   87.599581  2.8751443E-02  2.8039328E-02  2.7570331E-02  2.6887470E-02
   87.799579  3.2571570E-02  3.1767936E-02  3.1208872E-02  3.0438861E-02
   87.999576  3.6211491E-02  3.5321432E-02  3.4748754E-02  3.3894649E-02
   88.199574  3.9660151E-02  3.8688964E-02  3.8184817E-02  3.7249759E-02
   88.399571  4.2920006E-02  4.1872859E-02  4.1512213E-02  4.0499412E-02
   88.599569  4.6005961E-02  4.4887590E-02  4.4726503E-02  4.3639235E-02
   88.799566  4.8942146E-02  4.7756645E-02  4.7823499E-02  4.6665094E-02
   88.999563  5.1757541E-02  5.0508250E-02  5.0799359E-02  4.9573196E-02
   89.199561  5.4480749E-02  5.3170276E-02  5.3650519E-02  5.2360017E-02
   89.399558  5.7134901E-02  5.5765264E-02  5.6373653E-02  5.5022265E-02
   89.599556  5.9733613E-02  5.8306477E-02  5.8965775E-02  5.7556984E-02
   89.799553  6.2278310E-02  6.0795279E-02  6.1424149E-02  5.9961458E-02
   89.999551  6.4757720E-02  6.3220644E-02  6.3746415E-02  6.2233342E-02
   90.199548  6.7149217E-02  6.5560451E-02  6.5930517E-02  6.4370587E-02
   90.399545  6.9422173E-02  6.7784769E-02  6.7974825E-02  6.6371558E-02
   90.599543  7.1542497E-02  6.9860271E-02  6.9878118E-02  6.8235027E-02
   90.799540  7.3477766E-02  7.1755250E-02  7.1639600E-02  6.9960176E-02
   90.999538  7.5202234E-02  7.3444517E-02  7.3258980E-02  7.1546683E-02
   91.199535  7.6700717E-02  7.4913189E-02  7.4736423E-02  7.2994674E-02
   91.399533  7.7971005E-02  7.6159057E-02  7.6072626E-02  7.4304794E-02
   91.599530  7.9024200E-02  7.7192915E-02  7.7268752E-02  7.5478148E-02
   91.799527  7.9883139E-02  7.8037026E-02  7.8326480E-02  7.6516342E-02
   91.999525  8.0579003E-02  7.8721813E-02  7.9247960E-02  7.7421448E-02
   92.199522  8.1146723E-02  7.9281371E-02  8.0035790E-02  7.8195975E-02
   92.399520  8.1619920E-02  7.9748525E-02  8.0693022E-02  7.8842879E-02
   92.599517  8.2026105E-02  8.0150140E-02  8.1223122E-02  7.9365521E-02
   92.799515  8.2382958E-02  8.0503478E-02  8.1629977E-02  7.9767676E-02
   92.999512  8.2696196E-02  8.0814120E-02  8.1917877E-02  8.0053515E-02
   93.199509  8.2959420E-02  8.1075803E-02  8.2091531E-02  8.0227620E-02
   93.399507  8.3155895E-02  8.1272163E-02  8.2156074E-02  8.0294991E-02
   93.599504  8.3262019E-02  8.1380121E-02  8.2117082E-02  8.0261062E-02
   93.799502  8.3251921E-02  8.1374377E-02  8.1980595E-02  8.0131723E-02
   93.999499  8.3102463E-02  8.1232297E-02  8.1753128E-02  7.9913328E-02
   94.199497  8.2797868E-02  8.0938439E-02  8.1441671E-02  7.9612699E-02
   94.399494  8.2333267E-02  8.0488024E-02  8.1053679E-02  7.9237113E-02
   94.599491  8.1716589E-02  7.9888784E-02  8.0597023E-02  7.8794259E-02
   94.799489  8.0968531E-02  7.9160937E-02  8.0079928E-02  7.8292172E-02
   94.999486  8.0120609E-02  7.8335284E-02  7.9510888E-02  7.7739149E-02
   95.199484  7.9211551E-02  7.7449683E-02  7.8898519E-02  7.7143614E-02
   95.399481  7.8282668E-02  7.6544526E-02  7.8251439E-02  7.6513990E-02
   95.599478  7.7372796E-02  7.5657787E-02  7.7578076E-02  7.5858517E-02
   95.799476  7.6513669E-02  7.4820507E-02  7.6886509E-02  7.5185096E-02
   95.999473  7.5726380E-02  7.4053322E-02  7.6184302E-02  7.4501126E-02
   96.199471  7.5019396E-02  7.3364522E-02  7.5478329E-02  7.3813331E-02
   96.399468  7.4388493E-02  7.2749988E-02  7.4774664E-02  7.3127653E-02
   96.599466  7.3818481E-02  7.2194877E-02  7.4078456E-02  7.2449134E-02
   96.799463  7.3286523E-02  7.1676860E-02  7.3393898E-02  7.1781876E-02
   96.999460  7.2766404E-02  7.1170303E-02  7.2724186E-02  7.1129011E-02
   97.199458  7.2233152E-02  7.0650786E-02  7.2071555E-02  7.0492728E-02
   97.399455  7.1667271E-02  7.0099239E-02  7.1437351E-02  6.9874350E-02
   97.599453  7.1057892E-02  6.9505032E-02  7.0822107E-02  6.9274400E-02
   97.799450  7.0404460E-02  6.8867622E-02  7.0225675E-02  6.8692740E-02
   97.999448  6.9716634E-02  6.8196456E-02  6.9647336E-02  6.8128668E-02
   98.199445  6.9012543E-02  6.7509268E-02  6.9085935E-02  6.7581061E-02
   98.399442  6.8315611E-02  6.6828976E-02  6.8539980E-02  6.7048463E-02
   98.599440  6.7650569E-02  6.6179775E-02  6.8007737E-02  6.6529178E-02
   98.799437  6.7039254E-02  6.5583033E-02  6.7487298E-02  6.6021345E-02
   98.999435  6.6496849E-02  6.5053610E-02  6.6976602E-02  6.5522951E-02
   99.199432  6.6029234E-02  6.4597264E-02  6.6473460E-02  6.5031856E-02
   99.399430  6.5631754E-02  6.4209446E-02  6.5975514E-02  6.4545756E-02
   99.599427  6.5289685E-02  6.3875757E-02  6.5480224E-02  6.4062169E-02
   99.799424  6.4980219E-02  6.3573886E-02  6.4984803E-02  6.3578371E-02
   99.999422  6.4675698E-02  6.3276777E-02  6.4486172E-02  6.3091350E-02
  100.199425  6.4347531E-02  6.2956457E-02  6.3980913E-02  6.2597765E-02
  100.399423  6.3970212E-02  6.2587974E-02  6.3465279E-02  6.2093951E-02
  100.599420  6.3524696E-02  6.2152694E-02  6.2935112E-02  6.1575843E-02
  100.799417  6.3000736E-02  6.1640589E-02  6.2385901E-02  6.1039028E-02
  100.999415  6.2397715E-02  6.1051059E-02  6.1812804E-02  6.0478771E-02
  101.199412  6.1723922E-02  6.0392212E-02  6.1210723E-02  5.9890085E-02
  101.399410  6.0994331E-02  5.9678700E-02  6.0574355E-02  5.9267782E-02
  101.599407  6.0227344E-02  5.8928531E-02  5.9898318E-02  5.8606600E-02
  101.799405  5.9440942E-02  5.8159300E-02  5.9177233E-02  5.7901277E-02
  101.999402  5.8648958E-02  5.7384545E-02  5.8405862E-02  5.7146690E-02
  102.199399  5.7857996E-02  5.6610730E-02  5.7579202E-02  5.6337946E-02
  102.399397  5.7065564E-02  5.5835418E-02  5.6692602E-02  5.5470497E-02
  102.599394  5.6259715E-02  5.5046925E-02  5.5741878E-02  5.4540251E-02
  102.799392  5.5420214E-02  5.4225453E-02  5.4723368E-02  5.3543630E-02
  102.999389  5.4521159E-02  5.3345661E-02  5.3634042E-02  5.2477671E-02
  103.199387  5.3534522E-02  5.2380131E-02  5.2471511E-02  5.1340041E-02
  103.399384  5.2434208E-02  5.1303331E-02  5.1234103E-02  5.0129109E-02
  103.599381  5.1199833E-02  5.0095325E-02  4.9920838E-02  4.8843921E-02
  103.799379  4.9819780E-02  4.8744751E-02  4.8531432E-02  4.7484203E-02
  103.999376  4.8292981E-02  4.7250570E-02  4.7066300E-02  4.6050367E-02
  104.199374  4.6629091E-02  4.5622237E-02  4.5526461E-02  4.4543416E-02
  104.399371  4.4847193E-02  4.3878431E-02  4.3913546E-02  4.2964953E-02
  104.599369  4.2972998E-02  4.2044314E-02  4.2229679E-02  4.1317060E-02
  104.799366  4.1035229E-02  4.0147998E-02  4.0477469E-02  3.9602297E-02
  104.999363  3.9061497E-02  3.8216502E-02  3.8659890E-02  3.7823582E-02
  105.199361  3.7074497E-02  3.6272038E-02  3.6780240E-02  3.5984149E-02
  105.399358  3.5089056E-02  3.4329115E-02  3.4842117E-02  3.4087525E-02
  105.599356  3.3110349E-02  3.2392805E-02  3.2849305E-02  3.2137418E-02
  105.799353  3.1133823E-02  3.0458655E-02  3.0805813E-02  3.0137759E-02
  105.999351  2.9146504E-02  2.8513981E-02  2.8715776E-02  2.8092601E-02
  106.199348  2.7129803E-02  2.6540601E-02  2.6583518E-02  2.6006181E-02
  106.399345  2.5063057E-02  2.4518310E-02  2.4413475E-02  2.3882847E-02
  106.599343  2.2927509E-02  2.2428765E-02  2.2210224E-02  2.1727083E-02
  106.799340  2.0709988E-02  2.0259091E-02  1.9978516E-02  1.9543544E-02
  106.999338  1.8405625E-02  1.8004537E-02  1.7723192E-02  1.7336975E-02
  107.199335  1.6019445E-02  1.5670026E-02  1.5449270E-02  1.5112288E-02
  107.399333  1.3566239E-02  1.3270041E-02  1.3161828E-02  1.2874460E-02
  107.599330  1.1069125E-02  1.0827203E-02  1.0866075E-02  1.0628591E-02
  107.799327  8.5566421E-03  8.3694359E-03  8.5672307E-03  8.3797929E-03
  107.999325  6.0591386E-03  5.9264303E-03  6.2705130E-03  6.1331751E-03
  108.199322  3.6048932E-03  3.5258499E-03  3.9811251E-03  3.8938323E-03
  108.399320  1.2164496E-03  1.1897461E-03  1.7041209E-03  1.6667121E-03
  108.599317 -1.0919763E-03 -1.0679768E-03 -5.5555473E-04 -5.4334472E-04
  108.799314 -3.3159754E-03 -3.2430077E-03 -2.7931912E-03 -2.7317273E-03
  108.999312 -5.4608015E-03 -5.3404864E-03 -5.0043151E-03 -4.8940575E-03
  109.199309 -7.5397624E-03 -7.3734284E-03 -7.1846859E-03 -7.0261852E-03
  109.399307 -9.5715009E-03 -9.3600659E-03 -9.3303897E-03 -9.1242809E-03
  109.599304 -1.1576349E-02 -1.1320280E-02 -1.1437761E-02 -1.1184758E-02
  109.799302 -1.3572638E-02 -1.3271995E-02 -1.3503467E-02 -1.3204357E-02
  109.999299 -1.5573227E-02 -1.5227781E-02 -1.5524424E-02 -1.5180060E-02
  110.199296 -1.7583098E-02 -1.7192503E-02 -1.7497858E-02 -1.7109156E-02
  110.399294 -1.9598134E-02 -1.9162132E-02 -1.9421271E-02 -1.8989204E-02
  110.599291 -2.1605379E-02 -2.1123994E-02 -2.1292413E-02 -2.0818001E-02
  110.799289 -2.3584810E-02 -2.3058511E-02 -2.3109345E-02 -2.2593656E-02
  110.999286 -2.5512119E-02 -2.4941916E-02 -2.4870372E-02 -2.4314512E-02
  111.199284 -2.7362348E-02 -2.6749811E-02 -2.6574121E-02 -2.5979230E-02
  111.399281 -2.9113505E-02 -2.8460702E-02 -2.8219472E-02 -2.7586716E-02
  111.599278 -3.0749900E-02 -3.0059258E-02 -2.9805615E-02 -2.9136181E-02
  111.799276 -3.2264432E-02 -3.1538548E-02 -3.1332013E-02 -3.0627106E-02
  111.999273 -3.3659584E-02 -3.2901008E-02 -3.2798360E-02 -3.2059193E-02
  112.199271 -3.4947027E-02 -3.4158059E-02 -3.4204590E-02 -3.3432383E-02
  112.399268 -3.6145731E-02 -3.5328251E-02 -3.5550780E-02 -3.4746754E-02
  112.599266 -3.7279064E-02 -3.6434430E-02 -3.6837141E-02 -3.6002519E-02
  112.799263 -3.8371144E-02 -3.7500172E-02 -3.8063908E-02 -3.7199910E-02
  112.999260 -3.9443173E-02 -3.8546203E-02 -3.9231316E-02 -3.8339164E-02
  113.199258 -4.0510187E-02 -3.9587213E-02 -4.0339532E-02 -3.9420446E-02
  113.399255 -4.1578750E-02 -4.0629618E-02 -4.1388592E-02 -4.0443800E-02
  113.599253 -4.2646021E-02 -4.1670636E-02 -4.2378419E-02 -4.1409156E-02
  113.799250 -4.3700171E-02 -4.2698711E-02 -4.3308783E-02 -4.2316293E-02
  113.999248 -4.4722261E-02 -4.3695337E-02 -4.4179357E-02 -4.3164900E-02
  114.199245 -4.5689111E-02 -4.4637870E-02 -4.4989730E-02 -4.3954580E-02
  114.399242 -4.6576874E-02 -4.5503017E-02 -4.5739493E-02 -4.4684943E-02
  114.599240 -4.7364644E-02 -4.6270368E-02 -4.6428298E-02 -4.5355654E-02
  114.799237 -4.8037613E-02 -4.6925466E-02 -4.7055914E-02 -4.5966495E-02
  114.999235 -4.8589306E-02 -4.7462006E-02 -4.7622312E-02 -4.6517447E-02
  115.199232 -4.9022513E-02 -4.7882728E-02 -4.8127685E-02 -4.7008705E-02
  115.399230 -4.9348850E-02 -4.8198994E-02 -4.8572484E-02 -4.7440719E-02
  115.599227 -4.9586964E-02 -4.8429033E-02 -4.8957391E-02 -4.7814161E-02
  115.799224 -4.9759739E-02 -4.8595205E-02 -4.9283294E-02 -4.8129910E-02
  115.999222 -4.9890865E-02 -4.8720653E-02 -4.9551218E-02 -4.8388973E-02
  116.199219 -5.0001342E-02 -4.8825893E-02 -4.9762237E-02 -4.8592409E-02
  116.399217 -5.0106442E-02 -4.8925839E-02 -4.9917395E-02 -4.8741245E-02
  116.599214 -5.0213558E-02 -4.9027708E-02 -5.0017608E-02 -4.8836386E-02
  116.799212 -5.0321277E-02 -4.9130123E-02 -5.0063597E-02 -4.8878542E-02
  116.999209 -5.0419785E-02 -4.9223502E-02 -5.0055834E-02 -4.8868186E-02
  117.199206 -5.0492529E-02 -4.9291687E-02 -4.9994527E-02 -4.8805528E-02
  117.399204 -5.0518862E-02 -4.9314526E-02 -4.9879638E-02 -4.8690540E-02
  117.599201 -5.0477248E-02 -4.9271008E-02 -4.9710934E-02 -4.8523006E-02
  117.799199 -5.0348548E-02 -4.9142463E-02 -4.9488074E-02 -4.8302601E-02
  117.999196 -5.0118886E-02 -4.8915363E-02 -4.9210717E-02 -4.8029002E-02
  118.199193 -4.9781656E-02 -4.8583281E-02 -4.8878631E-02 -4.7701994E-02
  118.399191 -4.9338414E-02 -4.8147754E-02 -4.8491812E-02 -4.7321584E-02
  118.599188 -4.8798530E-02 -4.7617947E-02 -4.8050586E-02 -4.6888098E-02
  118.799186 -4.8177672E-02 -4.7009165E-02 -4.7555661E-02 -4.6402241E-02
  118.999183 -4.7495424E-02 -4.6340533E-02 -4.7008184E-02 -4.5865141E-02
  119.199181 -4.6772358E-02 -4.5632134E-02 -4.6409708E-02 -4.5278324E-02
  119.399178 -4.6027104E-02 -4.4902149E-02 -4.5762166E-02 -4.4643687E-02
  119.599175 -4.5273769E-02 -4.4164349E-02 -4.5067769E-02 -4.3963398E-02
  119.799173 -4.4520184E-02 -4.3426374E-02 -4.4328901E-02 -4.3239792E-02
  119.999170 -4.3767175E-02 -4.2689031E-02 -4.3548012E-02 -4.2475268E-02
  120.199168 -4.3008912E-02 -4.1946636E-02 -4.2727464E-02 -4.1672140E-02
  120.399165 -4.2234337E-02 -4.1188406E-02 -4.1869456E-02 -4.0832562E-02
  120.599163 -4.1429299E-02 -4.0400547E-02 -4.0975909E-02 -3.9958416E-02
  120.799160 -4.0579163E-02 -3.9568796E-02 -4.0048454E-02 -3.9051301E-02
  120.999157 -3.9671346E-02 -3.8680895E-02 -3.9088395E-02 -3.8112498E-02
  121.199155 -3.8697479E-02 -3.7728697E-02 -3.8096757E-02 -3.7143014E-02
  121.399152 -3.7654828E-02 -3.6709553E-02 -3.7074376E-02 -3.6143672E-02
  121.599150 -3.6546731E-02 -3.5626732E-02 -3.6021958E-02 -3.5115170E-02
  121.799147 -3.5382106E-02 -3.4488944E-02 -3.4940242E-02 -3.4058234E-02
  121.999145 -3.4174015E-02 -3.3308933E-02 -3.3830068E-02 -3.2973693E-02
  122.199142 -3.2937684E-02 -3.2101551E-02 -3.2692538E-02 -3.1862629E-02
  122.399139 -3.1688162E-02 -3.0881471E-02 -3.1529055E-02 -3.0726415E-02
  122.599137 -3.0438148E-02 -2.9661074E-02 -3.0341396E-02 -2.9566792E-02
  122.799134 -2.9196280E-02 -2.8448779E-02 -2.9131751E-02 -2.8385903E-02
  122.999132 -2.7966102E-02 -2.7248038E-02 -2.7902663E-02 -2.7186228E-02
  123.199129 -2.6746010E-02 -2.6057290E-02 -2.6657018E-02 -2.5970590E-02
  123.399127 -2.5529986E-02 -2.4870671E-02 -2.5397929E-02 -2.4742025E-02
  123.599124 -2.4309172E-02 -2.3679554E-02 -2.4128681E-02 -2.3503738E-02
  123.799121 -2.3073826E-02 -2.2474454E-02 -2.2852595E-02 -2.2258969E-02
  123.999119 -2.1815475E-02 -2.1247122E-02 -2.1572950E-02 -2.1010916E-02
  124.199116 -2.0528844E-02 -1.9992430E-02 -2.0292929E-02 -1.9762680E-02
  124.399114 -1.9213175E-02 -1.8709649E-02 -1.9015520E-02 -1.8517174E-02
  124.599111 -1.7872880E-02 -1.7403083E-02 -1.7743549E-02 -1.7277151E-02
  124.799109 -1.6517218E-02 -1.6081755E-02 -1.6479633E-02 -1.6045160E-02
  124.999106 -1.5159263E-02 -1.4758399E-02 -1.5226265E-02 -1.4823630E-02
  125.199103 -1.3814133E-02 -1.3447737E-02 -1.3985832E-02 -1.3614882E-02
  125.399101 -1.2496946E-02 -1.2164481E-02 -1.2760697E-02 -1.2421216E-02
  125.599098 -1.1220765E-02 -1.0921343E-02 -1.1553292E-02 -1.1244997E-02
  125.799096 -9.9948251E-03 -9.7273025E-03 -1.0366144E-02 -1.0088683E-02
  125.999093 -8.8234912E-03 -8.5865968E-03 -9.2019710E-03 -8.9549150E-03
  126.199090 -7.7059330E-03 -7.4984064E-03 -8.0636711E-03 -7.8465104E-03
  126.399088 -6.6367357E-03 -6.4574516E-03 -6.9543426E-03 -6.7664786E-03
  126.599085 -5.6072793E-03 -5.4553354E-03 -5.8772739E-03 -5.7180138E-03
  126.799083 -4.6076193E-03 -4.4823756E-03 -4.8358535E-03 -4.7044060E-03
  126.999080 -3.6286857E-03 -3.5297435E-03 -3.8335390E-03 -3.7290113E-03
  127.199078 -2.6642817E-03 -2.5914083E-03 -2.8737275E-03 -2.7951253E-03
  127.399075 -1.7127036E-03 -1.6657106E-03 -1.9596997E-03 -1.9059297E-03
  127.599072 -7.7755800E-04 -7.5615626E-04 -1.0944937E-03 -1.0643685E-03
  127.799070  1.3225474E-04  1.2860301E-04 -2.8083696E-04 -2.7308269E-04
  127.999067  1.0034544E-03  9.7565997E-04  4.7890677E-04  4.6564163E-04
  128.199065  1.8201019E-03  1.7695270E-03  1.1828081E-03  1.1499416E-03
  128.399062  2.5657587E-03  2.4942371E-03  1.8293585E-03  1.7783644E-03
  128.599060  3.2258751E-03  3.1356650E-03  2.4174899E-03  2.3498859E-03
  128.799057  3.7899041E-03  3.6835813E-03  2.9465173E-03  2.8638551E-03
  128.999054  4.2529106E-03  4.1332150E-03  3.4161109E-03  3.3199665E-03
  129.199052  4.6163261E-03  4.4859835E-03  3.8262245E-03  3.7181906E-03
  129.399049  4.8877569E-03  4.7493044E-03  4.1770259E-03  4.0587058E-03
  129.599047  5.0798685E-03  4.9355078E-03  4.4688490E-03  4.3418524E-03
  129.799044  5.2084699E-03  5.0599738E-03  4.7021308E-03  4.5680706E-03
  129.999042  5.2901285E-03  5.1388130E-03  4.8773899E-03  4.7378801E-03
  130.199039  5.3396506E-03  5.1864200E-03  4.9952077E-03  4.8518615E-03
  130.399036  5.3678422E-03  5.2132986E-03  5.0562479E-03  4.9106753E-03
  130.599034  5.3798905E-03  5.2244919E-03  5.0612896E-03  4.9150939E-03
  130.799031  5.3746338E-03  5.2188767E-03  5.0112847E-03  4.8660575E-03
  130.999029  5.3448451E-03  5.1894410E-03  4.9074287E-03  4.7647427E-03
  131.199026  5.2784997E-03  5.1245179E-03  4.7512417E-03  4.6126408E-03
  131.399024  5.1608428E-03  5.0097951E-03  4.5446415E-03  4.4116288E-03
  131.599021  4.9769573E-03  4.8308086E-03  4.2900183E-03  4.1640416E-03
  131.799018  4.7144336E-03  4.5755340E-03  3.9902782E-03  3.8727141E-03
  131.999016  4.3657442E-03  4.2366897E-03  3.6488718E-03  3.5410085E-03
  132.199013  3.9299638E-03  3.8134038E-03  3.2697958E-03  3.1728159E-03
  132.399011  3.4135390E-03  3.3119575E-03  2.8575465E-03  2.7725105E-03
  132.599008  2.8300329E-03  2.7455336E-03  2.4170688E-03  2.3448998E-03
  132.799006  2.1988062E-03  2.1329340E-03  1.9536467E-03  1.8951190E-03
  132.999003  1.5429039E-03  1.4965260E-03  1.4728081E-03  1.4285372E-03
  133.199000  8.8637035E-04  8.5963742E-04  9.8018272E-04  9.5062041E-04
  133.398998  2.5146178E-04  2.4385213E-04  4.8138118E-04  4.6681378E-04
  133.598995 -3.4386432E-04 -3.3342328E-04 -1.8117897E-05 -1.7567768E-05
  133.798993 -8.8784521E-04 -8.6079563E-04 -5.1308846E-04 -4.9745642E-04
  133.998990 -1.3758468E-03 -1.3337875E-03 -9.9861565E-04 -9.6808822E-04
  134.198987 -1.8102920E-03 -1.7547641E-03 -1.4701615E-03 -1.4250666E-03
  134.398985 -2.1995370E-03 -2.1318404E-03 -1.9235734E-03 -1.8643702E-03
  134.598982 -2.5559075E-03 -2.4769750E-03 -2.3550621E-03 -2.2823321E-03
  134.798980 -2.8932123E-03 -2.8035585E-03 -2.7611760E-03 -2.6756137E-03
  134.998977 -3.2240685E-03 -3.1238215E-03 -3.1387221E-03 -3.0411287E-03
  135.198975 -3.5574978E-03 -3.4465054E-03 -3.4847103E-03 -3.3759888E-03
  135.398972 -3.8970948E-03 -3.7750912E-03 -3.7962660E-03 -3.6774190E-03
  135.598969 -4.2400884E-03 -4.1068923E-03 -4.0705802E-03 -3.9427089E-03
  135.798967 -4.5773819E-03 -4.4330971E-03 -4.3048588E-03 -4.1691642E-03
  135.998964 -4.8945689E-03 -4.7397561E-03 -4.4963016E-03 -4.3540858E-03
  136.198962 -5.1737724E-03 -5.0095660E-03 -4.6421185E-03 -4.4947858E-03
  136.398959 -5.3959807E-03 -5.2241325E-03 -4.7395605E-03 -4.5886176E-03
  136.598957 -5.5435640E-03 -5.3664073E-03 -4.7859892E-03 -4.6330425E-03
  136.798954 -5.6025510E-03 -5.4228918E-03 -4.7789555E-03 -4.6257069E-03
  136.998951 -5.5643618E-03 -5.3853112E-03 -4.7162956E-03 -4.5645342E-03
  137.198949 -5.4267228E-03 -5.2514977E-03 -4.5962239E-03 -4.4478150E-03
  137.398946 -5.1936642E-03 -5.0253843E-03 -4.4174215E-03 -4.2742926E-03
  137.598944 -4.8746044E-03 -4.7161154E-03 -4.1790995E-03 -4.0432236E-03
  137.798941 -4.4827077E-03 -4.3364554E-03 -3.8810491E-03 -3.7544265E-03
  137.998939 -4.0327500E-03 -3.9007216E-03 -3.5236467E-03 -3.4082859E-03
  138.198936 -3.5388790E-03 -3.4226173E-03 -3.1078501E-03 -3.0057488E-03
  138.398933 -3.0125615E-03 -2.9132468E-03 -2.6351439E-03 -2.5482715E-03
  138.598931 -2.4610773E-03 -2.3796612E-03 -2.1074782E-03 -2.0377597E-03
  138.798928 -1.8867628E-03 -1.8241286E-03 -1.5271968E-03 -1.4764991E-03
  138.998926 -1.2870712E-03 -1.2441960E-03 -8.9693111E-04 -8.6705235E-04
  139.198923 -6.5548594E-04 -6.3357415E-04 -2.1953678E-04 -2.1219803E-04
  139.398921  1.6964550E-05  1.6395476E-05  5.0200755E-04  4.8516777E-04
  139.598918  7.3975313E-04  7.1485160E-04  1.2646347E-03  1.2220647E-03
  139.798915  1.5208764E-03  1.4695020E-03  2.0652565E-03  1.9954932E-03
  139.998913  2.3650947E-03  2.2849238E-03  2.9007773E-03  2.8024481E-03
  140.198910  3.2726924E-03  3.1613684E-03  3.7680862E-03  3.6399108E-03
  140.398908  4.2389984E-03  4.0943002E-03  4.6640799E-03  4.5048715E-03
  140.598905  5.2546273E-03  5.0746328E-03  5.5856129E-03  5.3942807E-03
  140.798903  6.3065294E-03  6.0897461E-03  6.5295164E-03  6.3050680E-03
  140.998900  7.3795295E-03  7.1249737E-03  7.4925494E-03  7.2340951E-03
  141.198897  8.4582520E-03  8.1654633E-03  8.4714293E-03  8.1781845E-03
  141.398895  9.5290049E-03  9.1979947E-03  9.4628267E-03  9.1341153E-03
  141.598892  1.0581374E-02  1.0212518E-02  1.0463373E-02  1.0098631E-02
  141.798890  1.1609337E-02  1.1203227E-02  1.1469731E-02  1.1068505E-02
  141.998887  1.2611597E-02  1.2168878E-02  1.2478594E-02  1.2040544E-02
  142.198884  1.3591259E-02  1.3112474E-02  1.3486771E-02  1.3011667E-02
  142.398882  1.4554773E-02  1.4040245E-02  1.4491213E-02  1.3978932E-02
  142.598879  1.5510390E-02  1.4960153E-02  1.5489037E-02  1.4939558E-02
  142.798877  1.6466416E-02  1.5880211E-02  1.6477582E-02  1.5890980E-02
  142.998874  1.7429440E-02  1.6806770E-02  1.7454383E-02  1.6830822E-02
  143.198872  1.8402954E-02  1.7743193E-02  1.8417200E-02  1.7756928E-02
  143.398869  1.9386435E-02  1.8688971E-02  1.9363963E-02  1.8667307E-02
  143.598866  2.0375170E-02  1.9639556E-02  2.0292771E-02  1.9560132E-02
  143.798864  2.1360726E-02  2.0586816E-02  2.1201840E-02  2.0433687E-02
  143.998861  2.2332020E-02  2.1520072E-02  2.2089451E-02  2.1286322E-02
  144.198859  2.3276868E-02  2.2427589E-02  2.2953946E-02  2.2116449E-02
  144.398856  2.4183623E-02  2.3298154E-02  2.3793670E-02  2.2922479E-02
  144.598854  2.5042798E-02  2.4122643E-02  2.4606995E-02  2.3702853E-02
  144.798851  2.5848264E-02  2.4895170E-02  2.5392287E-02  2.4456006E-02
  144.998848  2.6597964E-02  2.5613773E-02  2.6147958E-02  2.5180419E-02
  145.198846  2.7293945E-02  2.6280445E-02  2.6872479E-02  2.5874629E-02
  145.398843  2.7941743E-02  2.6900535E-02  2.7564409E-02  2.6537262E-02
  145.598841  2.8549269E-02  2.7481677E-02  2.8222459E-02  2.7167088E-02
  145.798838  2.9125301E-02  2.8032333E-02  2.8845498E-02  2.7763031E-02
  145.998836  2.9677914E-02  2.8560288E-02  2.9432606E-02  2.8324218E-02
  146.198833  3.0213037E-02  2.9071253E-02  2.9983057E-02  2.8849964E-02
  146.398830  3.0733421E-02  2.9567882E-02  3.0496332E-02  2.9339785E-02
  146.598828  3.1238138E-02  3.0049289E-02  3.0972090E-02  2.9793366E-02
  146.798825  3.1722704E-02  3.0511164E-02  3.1410117E-02  3.0210514E-02
  146.998823  3.2179809E-02  3.0946486E-02  3.1810287E-02  3.0591126E-02
  147.198820  3.2600483E-02  3.1346640E-02  3.2172491E-02  3.0935109E-02
  147.398818  3.2975564E-02  3.1702833E-02  3.2496587E-02  3.1242343E-02
  147.598815  3.3297144E-02  3.2007480E-02  3.2782332E-02  3.1512609E-02
  147.798812  3.3559829E-02  3.2255420E-02  3.3029350E-02  3.1745559E-02
  147.998810  3.3761544E-02  3.2444680E-02  3.3237097E-02  3.1940689E-02
  148.198807  3.3903778E-02  3.2576717E-02  3.3404857E-02  3.2097324E-02
  148.398805  3.3991234E-02  3.2656073E-02  3.3531753E-02  3.2214640E-02
  148.598802  3.4030915E-02  3.2689498E-02  3.3616780E-02  3.2291688E-02
  148.798800  3.4030835E-02  3.2684709E-02  3.3658853E-02  3.2327441E-02
  148.998797  3.3998533E-02  3.2648961E-02  3.3656868E-02  3.2320858E-02
  149.198794  3.3939662E-02  3.2587697E-02  3.3609765E-02  3.2270941E-02
  149.398792  3.3856886E-02  3.2503484E-02  3.3516601E-02  3.2176802E-02
  149.598789  3.3749264E-02  3.2395430E-02  3.3376609E-02  3.2037724E-02
  149.798787  3.3612236E-02  3.2259169E-02  3.3189245E-02  3.1853206E-02
  149.998784  3.3438239E-02  3.2087456E-02  3.2954239E-02  3.1623008E-02
  150.198781  3.3217828E-02  3.1871245E-02  3.2671603E-02  3.1347164E-02
  150.398779  3.2941165E-02  3.1601118E-02  3.2341646E-02  3.1025988E-02
  150.598776  3.2599630E-02  3.1268832E-02  3.1964962E-02  3.0660073E-02
  150.798774  3.2187275E-02  3.0868710E-02  3.1542397E-02  3.0250250E-02
  150.998771  3.1701934E-02  3.0398705E-02  3.1075025E-02  2.9797568E-02
  151.198769  3.1145743E-02  2.9860899E-02  3.0564084E-02  2.9303235E-02
  151.398766  3.0525057E-02  2.9261414E-02  3.0010944E-02  2.8768584E-02
  151.598763  2.9849676E-02  2.8609673E-02  2.9417034E-02  2.8195004E-02
  151.798761  2.9131576E-02  2.7917176E-02  2.8783799E-02  2.7583897E-02
  151.998758  2.8383294E-02  2.7195956E-02  2.8112657E-02  2.6936640E-02
  152.198756  2.7616186E-02  2.6456905E-02  2.7404938E-02  2.6254525E-02
  152.398753  2.6838904E-02  2.5708322E-02  2.6661873E-02  2.5538748E-02
  152.598751  2.6056223E-02  2.4954783E-02  2.5884547E-02  2.4790364E-02
  152.798748  2.5268502E-02  2.4196638E-02  2.5073909E-02  2.4010300E-02
  152.998745  2.4471759E-02  2.3430077E-02  2.4230753E-02  2.3199330E-02
  153.198743  2.3658433E-02  2.2647865E-02  2.3355735E-02  2.2358097E-02
  153.398740  2.2818672E-02  2.1840583E-02  2.2449414E-02  2.1487153E-02
  153.598738  2.1941925E-02  2.0998146E-02  2.1512257E-02  2.0586959E-02
  153.798735  2.1018674E-02  2.0111465E-02  2.0544720E-02  1.9657967E-02
  153.998733  2.0041931E-02  1.9173874E-02  1.9547262E-02  1.8700631E-02
  154.198730  1.9008396E-02  1.8182247E-02  1.8520444E-02  1.7715502E-02
  154.398727  1.7918991E-02  1.7137488E-02  1.7464947E-02  1.6703246E-02
  154.598725  1.6778783E-02  1.6044470E-02  1.6381639E-02  1.5664707E-02
  154.798722  1.5596302E-02  1.4911375E-02  1.5271637E-02  1.4600968E-02
  154.998720  1.4382307E-02  1.3748506E-02  1.4136299E-02  1.3513339E-02
  155.198717  1.3148331E-02  1.2566905E-02  1.2977281E-02  1.2403418E-02
  155.398715  1.1905083E-02  1.1376813E-02  1.1796491E-02  1.1273040E-02
  155.598712  1.0661120E-02  1.0186414E-02  1.0596113E-02  1.0124302E-02
  155.798709  9.4218362E-03  9.0008628E-03  9.3785256E-03  8.9594873E-03
  155.998707  8.1890470E-03  7.8218925E-03  8.1462625E-03  7.7810263E-03
  156.198704  6.9611771E-03  6.6479976E-03  6.9019692E-03  6.5914534E-03
  156.398702  5.7339391E-03  5.4750833E-03  5.6482863E-03  5.3932972E-03
  156.598699  4.5015311E-03  4.2976119E-03  4.3878289E-03  4.1890604E-03
  156.798697  3.2579650E-03  3.1098714E-03  3.1230724E-03  2.9811104E-03
  156.998694  1.9984894E-03  1.9073339E-03  1.8563511E-03  1.7716789E-03
  157.198691  7.2068827E-04  6.8770316E-04  5.8977893E-04  5.6278539E-04
  157.398689 -5.7477713E-04 -5.4837988E-04 -6.7474709E-04 -6.4375861E-04
  157.598686 -1.8839615E-03 -1.7971417E-03 -1.9355226E-03 -1.8463267E-03
  157.798684 -3.2000566E-03 -3.0520807E-03 -3.1910560E-03 -3.0434963E-03
  157.998681 -4.5142119E-03 -4.3047523E-03 -4.4399770E-03 -4.2339619E-03
  158.198678 -5.8168032E-03 -5.5459793E-03 -5.6810293E-03 -5.4165270E-03
  158.398676 -7.0987775E-03 -6.7671360E-03 -6.9129938E-03 -6.5900318E-03
  158.598673 -8.3529146E-03 -7.9613485E-03 -8.1346141E-03 -7.7532814E-03
  158.798671 -9.5748492E-03 -9.1244688E-03 -9.3445902E-03 -8.9050407E-03
  158.998668 -1.0763532E-02 -1.0255511E-02 -1.0541493E-02 -1.0043952E-02
  159.198666 -1.1921235E-02 -1.1356655E-02 -1.1723794E-02 -1.1168563E-02
  159.398663 -1.3052903E-02 -1.2432621E-02 -1.2889811E-02 -1.2277280E-02
  159.598660 -1.4165135E-02 -1.3489709E-02 -1.4037774E-02 -1.3368420E-02
  159.798658 -1.5264826E-02 -1.4534488E-02 -1.5165833E-02 -1.4440232E-02
  159.998655 -1.6357728E-02 -1.5572442E-02 -1.6272095E-02 -1.5490920E-02
  160.198653 -1.7447249E-02 -1.6606815E-02 -1.7354711E-02 -1.6518735E-02
  160.398650 -1.8533530E-02 -1.7637742E-02 -1.8411895E-02 -1.7521986E-02
  160.598648 -1.9613147E-02 -1.8661966E-02 -1.9442018E-02 -1.8499136E-02
  160.798645 -2.0679315E-02 -1.9673032E-02 -2.0443613E-02 -1.9448800E-02
  160.998642 -2.1722738E-02 -2.0662105E-02 -2.1415441E-02 -2.0369812E-02
  161.198640 -2.2732845E-02 -2.1619141E-02 -2.2356497E-02 -2.1261231E-02
  161.398637 -2.3699286E-02 -2.2534316E-02 -2.3265991E-02 -2.2122319E-02
  161.598635 -2.4613482E-02 -2.3399492E-02 -2.4143369E-02 -2.2952566E-02
  161.798632 -2.5469872E-02 -2.4209409E-02 -2.4988245E-02 -2.3751617E-02
  161.998630 -2.6266797E-02 -2.4962519E-02 -2.5800389E-02 -2.4519270E-02
  162.198627 -2.7006727E-02 -2.5661196E-02 -2.6579649E-02 -2.5255396E-02
  162.398624 -2.7695915E-02 -2.6311410E-02 -2.7325919E-02 -2.5959910E-02
  162.598622 -2.8343427E-02 -2.6921796E-02 -2.8039076E-02 -2.6632710E-02
  162.798619 -2.8959718E-02 -2.7502303E-02 -2.8718918E-02 -2.7273622E-02
  162.998617 -2.9555012E-02 -2.8062655E-02 -2.9365149E-02 -2.7882379E-02
  163.198614 -3.0137647E-02 -2.8610776E-02 -2.9977314E-02 -2.8458566E-02
  163.398612 -3.0712728E-02 -2.9151518E-02 -3.0554806E-02 -2.9001623E-02
  163.598609 -3.1281218E-02 -2.9685797E-02 -3.1096832E-02 -2.9510815E-02
  163.798606 -3.1839680E-02 -3.0210356E-02 -3.1602435E-02 -2.9985252E-02
  163.998604 -3.2380654E-02 -3.0718122E-02 -3.2070498E-02 -3.0423890E-02
  164.198601 -3.2893631E-02 -3.1199134E-02 -3.2499759E-02 -3.0825553E-02
  164.398599 -3.3366503E-02 -3.1641927E-02 -3.2888865E-02 -3.1188976E-02
  164.598596 -3.3787213E-02 -3.2035087E-02 -3.3236388E-02 -3.1512827E-02
  164.798594 -3.4145407E-02 -3.2368826E-02 -3.3540893E-02 -3.1795765E-02
  164.998591 -3.4433791E-02 -3.2636262E-02 -3.3800968E-02 -3.2036474E-02
  165.198588 -3.4649025E-02 -3.2834266E-02 -3.4015286E-02 -3.2233719E-02
  165.398586 -3.4791998E-02 -3.2963718E-02 -3.4182651E-02 -3.2386392E-02
  165.598583 -3.4867463E-02 -3.3029158E-02 -3.4302041E-02 -3.2493546E-02
  165.798581 -3.4883098E-02 -3.3037893E-02 -3.4372648E-02 -3.2554444E-02
  165.998578 -3.4848143E-02 -3.2998704E-02 -3.4393909E-02 -3.2568577E-02
  166.198575 -3.4771847E-02 -3.2920373E-02 -3.4365521E-02 -3.2535683E-02
  166.398573 -3.4661951E-02 -3.2810251E-02 -3.4287446E-02 -3.2455753E-02
  166.598570 -3.4523482E-02 -3.2673113E-02 -3.4159900E-02 -3.2329018E-02
  166.798568 -3.4358007E-02 -3.2510456E-02 -3.3983323E-02 -3.2155920E-02
  166.998565 -3.4163493E-02 -3.2320373E-02 -3.3758345E-02 -3.1937082E-02
  167.198563 -3.3934763E-02 -3.2097980E-02 -3.3485727E-02 -3.1673249E-02
  167.398560 -3.3664483E-02 -3.1836361E-02 -3.3166305E-02 -3.1365236E-02
  167.598557 -3.3344492E-02 -3.1527824E-02 -3.2800920E-02 -3.1013867E-02
  167.798555 -3.2967275E-02 -3.1165288E-02 -3.2390358E-02 -3.0619906E-02
  167.998552 -3.2527312E-02 -3.0743571E-02 -3.1935296E-02 -3.0184020E-02
  168.198550 -3.2022084E-02 -3.0260323E-02 -3.1436251E-02 -2.9706721E-02
  168.398547 -3.1452581E-02 -2.9716517E-02 -3.0893562E-02 -2.9188354E-02
  168.598545 -3.0823189E-02 -2.9116330E-02 -3.0307370E-02 -2.8629075E-02
  168.798542 -3.0141033E-02 -2.8466525E-02 -2.9677648E-02 -2.8028884E-02
  168.998539 -2.9414803E-02 -2.7775338E-02 -2.9004220E-02 -2.7387639E-02
  169.198537 -2.8653327E-02 -2.7051126E-02 -2.8286821E-02 -2.6705114E-02
  169.398534 -2.7864095E-02 -2.6300980E-02 -2.7525176E-02 -2.5981074E-02
  169.598532 -2.7051958E-02 -2.5529494E-02 -2.6719054E-02 -2.5215325E-02
  169.798529 -2.6218295E-02 -2.4737981E-02 -2.5868374E-02 -2.4407817E-02
  169.998527 -2.5360694E-02 -2.3924181E-02 -2.4973249E-02 -2.3558683E-02
  170.198524 -2.4473338E-02 -2.3082619E-02 -2.4034088E-02 -2.2668330E-02
  170.398521 -2.3547915E-02 -2.2205477E-02 -2.3051604E-02 -2.1737460E-02
  170.598519 -2.2575034E-02 -2.1283920E-02 -2.2026862E-02 -2.0767099E-02
  170.798516 -2.1545879E-02 -2.0309667E-02 -2.0961296E-02 -1.9758625E-02
  170.998514 -2.0453801E-02 -1.9276484E-02 -1.9856659E-02 -1.8713713E-02
  171.198511 -1.9295709E-02 -1.8181492E-02 -1.8715031E-02 -1.7634346E-02
  171.398509 -1.8072873E-02 -1.7025928E-02 -1.7538724E-02 -1.6522723E-02
  171.598506 -1.6791183E-02 -1.5815376E-02 -1.6330269E-02 -1.5381249E-02
  171.798503 -1.5460621E-02 -1.4559271E-02 -1.5092313E-02 -1.4212435E-02
  171.998501 -1.4094173E-02 -1.3269867E-02 -1.3827575E-02 -1.3018861E-02
  172.198498 -1.2706266E-02 -1.1960766E-02 -1.2538816E-02 -1.1803140E-02
  172.398496 -1.1310918E-02 -1.0645174E-02 -1.1228754E-02 -1.0567846E-02
  172.598493 -9.9200272E-03 -9.3342944E-03 -9.9000899E-03 -9.3155343E-03
  172.798491 -8.5418789E-03 -8.0359192E-03 -8.5554466E-03 -8.0486833E-03
  172.998488 -7.1803004E-03 -6.7536431E-03 -7.1974275E-03 -6.7697525E-03
  173.198485 -5.8344066E-03 -5.4866258E-03 -5.8285856E-03 -5.4811517E-03
  173.398483 -4.4991404E-03 -4.2301052E-03 -4.4514687E-03 -4.1852841E-03
  173.598480 -3.1664655E-03 -2.9765224E-03 -3.0686686E-03 -2.8845920E-03
  173.798478 -1.8269685E-03 -1.7170308E-03 -1.6828001E-03 -1.5815376E-03
  173.998475 -4.7178631E-04 -4.4330718E-04 -2.9657911E-04 -2.7867627E-04
  174.198472  9.0563259E-04  8.5079262E-04  1.0872107E-03  1.0213754E-03
  174.398470  2.3080449E-03  2.1678438E-03  2.4656922E-03  2.3159149E-03
  174.598467  3.7335022E-03  3.5060008E-03  3.8358784E-03  3.6021388E-03
  174.798465  5.1752273E-03  4.8588862E-03  5.1947344E-03  4.8772009E-03
  174.998462  6.6221306E-03  6.2160794E-03  6.5391433E-03  6.1381807E-03
  175.198460  8.0601030E-03  7.5643347E-03  7.8659854E-03  7.3821571E-03
  175.398457  9.4736668E-03  8.8891330E-03  9.1721103E-03  8.6061828E-03
  175.598454  1.0847947E-02  1.0176533E-02  1.0454408E-02  9.8073511E-03
  175.798452  1.2170484E-02  1.1414868E-02  1.1709810E-02  1.0982796E-02
  175.998449  1.3432680E-02  1.2596107E-02  1.2935283E-02  1.2129687E-02
  176.198447  1.4630715E-02  1.3716701E-02  1.4127883E-02  1.3245281E-02
  176.398444  1.5765633E-02  1.4777664E-02  1.5284710E-02  1.4326878E-02
  176.598442  1.6842772E-02  1.5784034E-02  1.6402955E-02  1.5371864E-02
  176.798439  1.7870439E-02  1.6743628E-02  1.7479849E-02  1.6377666E-02
  176.998436  1.8858217E-02  1.7665449E-02  1.8512701E-02  1.7341787E-02
  177.198434  1.9815015E-02  1.8557864E-02  1.9498881E-02  1.8261788E-02
  177.398431  2.0747241E-02  1.9426892E-02  2.0435810E-02  1.9135280E-02
  177.598429  2.1657423E-02  2.0274910E-02  2.1321003E-02  1.9959965E-02
  177.798426  2.2543367E-02  2.1099877E-02  2.2152046E-02  2.0733613E-02
  177.998424  2.3398150E-02  2.1895330E-02  2.2926650E-02  2.1454114E-02
  178.198421  2.4210798E-02  2.2651019E-02  2.3642641E-02  2.2119466E-02
  178.398418  2.4967682E-02  2.3354220E-02  2.4298008E-02  2.2727821E-02
  178.598416  2.5654314E-02  2.3991414E-02  2.4890912E-02  2.3277495E-02
  178.798413  2.6257311E-02  2.4550132E-02  2.5419692E-02  2.3766972E-02
  178.998411  2.6766254E-02  2.5020681E-02  2.5882901E-02  2.4194936E-02
  179.198408  2.7175062E-02  2.5397436E-02  2.6279282E-02  2.4560251E-02
  179.398406  2.7482779E-02  2.5679559E-02  2.6607789E-02  2.4861980E-02
  179.598403  2.7693537E-02  2.5870974E-02  2.6867560E-02  2.5099357E-02
  179.798400  2.7815798E-02  2.5979642E-02  2.7057921E-02  2.5271793E-02
  179.998398  2.7860920E-02  2.6016219E-02  2.7178363E-02  2.5378855E-02
  180.198395  2.7841295E-02  2.5992322E-02  2.7228534E-02  2.5420255E-02
  180.398393  2.7768361E-02  2.5918666E-02  2.7208235E-02  2.5395850E-02
  180.598390  2.7650772E-02  2.5803358E-02  2.7117421E-02  2.5305642E-02
  180.798388  2.7493022E-02  2.5650619E-02  2.6956210E-02  2.5149781E-02
  180.998385  2.7294756E-02  2.5460142E-02  2.6724904E-02  2.4928592E-02
  181.198382  2.7050850E-02  2.5227173E-02  2.6424011E-02  2.4642593E-02
  181.398380  2.6752273E-02  2.4943320E-02  2.6054280E-02  2.4292524E-02
  181.598377  2.6387609E-02  2.4597974E-02  2.5616743E-02  2.3879388E-02
  181.798375  2.5944970E-02  2.4180096E-02  2.5112733E-02  2.3404471E-02
  181.998372  2.5414068E-02  2.3680148E-02  2.4543935E-02  2.2869381E-02
  182.198370  2.4788055E-02  2.3091806E-02  2.3912379E-02  2.2276053E-02
  182.398367  2.4064930E-02  2.2413264E-02  2.3220481E-02  2.1626773E-02
  182.598364  2.3248207E-02  2.1647854E-02  2.2471005E-02  2.0924153E-02
  182.798362  2.2346810E-02  2.0803942E-02  2.1667059E-02  2.0171122E-02
  182.998359  2.1374197E-02  1.9894108E-02  2.0812064E-02  1.9370900E-02
  183.198357  2.0346776E-02  1.8933663E-02  1.9909686E-02  1.8526929E-02
  183.398354  1.9281980E-02  1.7938862E-02  1.8963804E-02  1.7642849E-02
  183.598351  1.8196145E-02  1.6924922E-02  1.7978422E-02  1.6722410E-02
  183.798349  1.7102634E-02  1.5904287E-02  1.6957609E-02  1.5769423E-02
  183.998346  1.6010443E-02  1.4885323E-02  1.5905458E-02  1.4787716E-02
  184.198344  1.4923430E-02  1.3871618E-02  1.4825995E-02  1.3781050E-02
  184.398341  1.3840427E-02  1.2862084E-02  1.3723170E-02  1.2753115E-02
  184.598339  1.2756026E-02  1.1851695E-02  1.2600787E-02  1.1707462E-02
  184.798336  1.1662086E-02  1.0832891E-02  1.1462528E-02  1.0647523E-02
  184.998333  1.0549561E-02  9.7972784E-03  1.0311908E-02  9.5765725E-03
  185.198331  9.4104840E-03  8.7374713E-03  9.1522985E-03  8.4977505E-03
  185.398328  8.2397501E-03  7.6487492E-03  7.9869637E-03  7.4140941E-03
  185.598326  7.0363713E-03  6.5302161E-03  6.8190468E-03  6.3285246E-03
  185.798323  5.8041450E-03  5.3854167E-03  5.6516454E-03  5.2439189E-03
  185.998321  4.5514672E-03  4.2221589E-03  4.4877967E-03  4.1630951E-03
  186.198318  3.2905121E-03  3.0517474E-03  3.3305540E-03  3.0888838E-03
  186.398315  2.0357312E-03  1.8875884E-03  2.1829709E-03  2.0241133E-03
  186.598313  8.0206330E-04  7.4352768E-04  1.0481370E-03  9.7164261E-04
  186.798310 -3.9691900E-04 -3.6786786E-04 -7.0795585E-05 -6.5613942E-05
  186.998308 -1.5506910E-03 -1.4368669E-03 -1.1706522E-03 -1.0847237E-03
  187.198305 -2.6528755E-03 -2.4575891E-03 -2.2482009E-03 -2.0827039E-03
  187.398303 -3.7017663E-03 -3.4284861E-03 -3.3002167E-03 -3.0565806E-03
  187.598300 -4.7000216E-03 -4.3520521E-03 -4.3234677E-03 -4.0033767E-03
  187.798297 -5.6537455E-03 -5.2339692E-03 -5.3147892E-03 -4.9201796E-03
  187.998295 -6.5709800E-03 -6.0817081E-03 -6.2711103E-03 -5.8041666E-03
  188.198292 -7.4599086E-03 -6.9028638E-03 -7.1894873E-03 -6.6526353E-03
  188.398290 -8.3271032E-03 -7.7035332E-03 -8.0671852E-03 -7.4630790E-03
  188.598287 -9.1759901E-03 -8.4868984E-03 -8.9016888E-03 -8.2331963E-03
  188.798285 -1.0005920E-02 -9.2523703E-03 -9.6907806E-03 -8.9609640E-03
  188.998282 -1.0811863E-02 -9.9953101E-03 -1.0432545E-02 -9.6446392E-03
  189.198279 -1.1584909E-02 -1.0707497E-02 -1.1125423E-02 -1.0282811E-02
  189.398277 -1.2313399E-02 -1.1378178E-02 -1.1768218E-02 -1.0874405E-02
  189.598274 -1.2984559E-02 -1.1995580E-02 -1.2360088E-02 -1.1418673E-02
  189.798272 -1.3586407E-02 -1.2548673E-02 -1.2900560E-02 -1.1915211E-02
  189.998269 -1.4109550E-02 -1.3028828E-02 -1.3389480E-02 -1.2363912E-02
  190.198267 -1.4548688E-02 -1.3431202E-02 -1.3827007E-02 -1.2764953E-02
  190.398264 -1.4903474E-02 -1.3755528E-02 -1.4213541E-02 -1.3118737E-02
  190.598261 -1.5178686E-02 -1.4006269E-02 -1.4549695E-02 -1.3425862E-02
  190.798259 -1.5383597E-02 -1.4192031E-02 -1.4836230E-02 -1.3687062E-02
  190.998256 -1.5530667E-02 -1.4324353E-02 -1.5074002E-02 -1.3903159E-02
  191.198254 -1.5633761E-02 -1.4416057E-02 -1.5263926E-02 -1.4075028E-02
  191.398251 -1.5706130E-02 -1.4479387E-02 -1.5406929E-02 -1.4203555E-02
  191.598248 -1.5758494E-02 -1.4524242E-02 -1.5503933E-02 -1.4289619E-02
  191.798246 -1.5797507E-02 -1.4556769E-02 -1.5555837E-02 -1.4334080E-02
  191.998243 -1.5824856E-02 -1.4578530E-02 -1.5563523E-02 -1.4337779E-02
  192.198241 -1.5837120E-02 -1.4586381E-02 -1.5527872E-02 -1.4301555E-02
  192.398238 -1.5826433E-02 -1.4573088E-02 -1.5449783E-02 -1.4226267E-02
  192.598236 -1.5781835E-02 -1.4528579E-02 -1.5330211E-02 -1.4112819E-02
  192.798233 -1.5691125E-02 -1.4441645E-02 -1.5170196E-02 -1.3962197E-02
  192.998230 -1.5542913E-02 -1.4301836E-02 -1.4970890E-02 -1.3775489E-02
  193.198228 -1.5328575E-02 -1.4101256E-02 -1.4733589E-02 -1.3553909E-02
  193.398225 -1.5043799E-02 -1.3835985E-02 -1.4459739E-02 -1.3298817E-02
  193.598223 -1.4689481E-02 -1.3506890E-02 -1.4150938E-02 -1.3011704E-02
  193.798220 -1.4271848E-02 -1.3119744E-02 -1.3808931E-02 -1.2694196E-02
  193.998218 -1.3801758E-02 -1.2684567E-02 -1.3435569E-02 -1.2348020E-02
  194.198215 -1.3293319E-02 -1.2214358E-02 -1.3032794E-02 -1.1974978E-02
  194.398212 -1.2761996E-02 -1.1723347E-02 -1.2602580E-02 -1.1576905E-02
  194.598210 -1.2222526E-02 -1.1225086E-02 -1.2146896E-02 -1.1155628E-02
  194.798207 -1.1686954E-02 -1.0730639E-02 -1.1667673E-02 -1.0712936E-02
  194.998205 -1.1163050E-02 -1.0247136E-02 -1.1166755E-02 -1.0250537E-02
  195.198202 -1.0653423E-02 -9.7769661E-03 -1.0645890E-02 -9.7700526E-03
  195.398200 -1.0155378E-02 -9.3176443E-03 -1.0106708E-02 -9.2729895E-03
  195.598197 -9.6616088E-03 -8.8624642E-03 -9.5507405E-03 -8.7607663E-03
  195.798194 -9.1615682E-03 -8.4017495E-03 -8.9794236E-03 -8.2347112E-03
  195.998192 -8.6433320E-03 -7.9245724E-03 -8.3941343E-03 -7.6960974E-03
  196.198189 -8.0956714E-03 -7.4206528E-03 -7.7962373E-03 -7.1461856E-03
  196.398187 -7.5099809E-03 -6.8821247E-03 -7.1871046E-03 -6.5862418E-03
  196.598184 -6.8818356E-03 -6.3049599E-03 -6.5681779E-03 -6.0175948E-03
  196.798182 -6.2118604E-03 -5.6897597E-03 -5.9409761E-03 -5.4416430E-03
  196.998179 -5.5058741E-03 -5.0418810E-03 -5.3071410E-03 -4.8598956E-03
  197.198176 -4.7741986E-03 -4.3707979E-03 -4.6684229E-03 -4.2739599E-03
  197.398174 -4.0303212E-03 -3.6888732E-03 -4.0266818E-03 -3.6855421E-03
  197.598171 -3.2890933E-03 -3.0097050E-03 -3.3838744E-03 -3.0964351E-03
  197.798169 -2.5647020E-03 -2.3462712E-03 -2.7419954E-03 -2.5084649E-03
  197.998166 -1.8688189E-03 -1.7092356E-03 -2.1030569E-03 -1.9234715E-03
  198.198164 -1.2090936E-03 -1.1055744E-03 -1.4690104E-03 -1.3432378E-03
  198.398161 -5.8833030E-04 -5.3782678E-04 -8.4171799E-04 -7.6946313E-04
  198.598158 -4.3580230E-06 -3.9829401E-06 -2.2288001E-04 -2.0369735E-04
  198.798156  5.4931336E-04  5.0191173E-04  3.8599858E-04  3.5268979E-04
  198.998153  1.0822011E-03  9.8857121E-04  9.8363118E-04  8.9852935E-04
  199.198151  1.6051540E-03  1.4659170E-03  1.5689892E-03  1.4328892E-03
  199.398148  2.1284596E-03  1.9433482E-03  2.1412818E-03  1.9550553E-03
  199.598145  2.6601294E-03  2.4281773E-03  2.6999667E-03  2.4645410E-03
  199.798143  3.2045656E-03  2.9244159E-03  3.2447164E-03  2.9610566E-03
  199.998140  3.7618382E-03  3.4321184E-03  3.7753770E-03  3.4444706E-03
