 # k       S(k)       S(k)_form^2       S(k)_Lorch          S(k)_Lorch_form^2
    0.200000  1.9715136E-01  1.9187525E-01  4.5922822E-01  4.4693849E-01
    0.400000  2.1243088E-01  2.0674468E-01  4.5315100E-01  4.4102138E-01
    0.600000  2.3671389E-01  2.3037550E-01  4.4296449E-01  4.3110342E-01
    0.800000  2.6829289E-01  2.6110543E-01  4.2858936E-01  4.1710763E-01
    1.000000  3.0490729E-01  2.9673384E-01  4.0992885E-01  3.9894016E-01
    1.200000  3.4386491E-01  3.3464011E-01  3.8688208E-01  3.7650326E-01
    1.400000  3.8218669E-01  3.7192459E-01  3.5935969E-01  3.4971051E-01
    1.600000  4.1676692E-01  4.0556464E-01  3.2730102E-01  3.1850350E-01
    1.800000  4.4454034E-01  4.3257745E-01  2.9069162E-01  2.8286890E-01
    2.000000  4.6264743E-01  4.5018085E-01  2.4958011E-01  2.4285488E-01
    2.200000  4.6858887E-01  4.5594380E-01  2.0409321E-01  1.9858567E-01
    2.400000  4.6036135E-01  4.4791849E-01  1.5444811E-01  1.5027362E-01
    2.600000  4.3656745E-01  4.2474727E-01  1.0096101E-01  9.8227462E-02
    2.800000  3.9649408E-01  3.8573883E-01  4.4051450E-02  4.2856515E-02
    3.000000  3.4015549E-01  3.3090994E-01 -1.5758265E-02 -1.5329950E-02
    3.200000  2.6829893E-01  2.6099083E-01 -7.7848721E-02 -7.5728229E-02
    3.400000  1.8237298E-01  1.7739405E-01 -1.4151406E-01 -1.3765062E-01
    3.600000  8.4460505E-02  8.2149095E-02 -2.0597739E-01 -2.0034046E-01
    3.800000 -2.2819827E-02 -2.2193727E-02 -2.7041036E-01 -2.6299121E-01
    4.000000 -1.3643805E-01 -1.3268458E-01 -3.3395609E-01 -3.2476882E-01
    4.200000 -2.5309655E-01 -2.4611409E-01 -3.9575448E-01 -3.8483636E-01
    4.400000 -3.6938514E-01 -3.5916435E-01 -4.5496868E-01 -4.4237981E-01
    4.600000 -4.8193950E-01 -4.6856311E-01 -5.1081161E-01 -4.9663386E-01
    4.800000 -5.8759448E-01 -5.7123296E-01 -5.6257106E-01 -5.4690633E-01
    5.000000 -6.8352467E-01 -6.6442804E-01 -6.0963236E-01 -5.9260017E-01
    5.200000 -7.6736515E-01 -7.4585127E-01 -6.5149718E-01 -6.3323178E-01
    5.400001 -8.3730677E-01 -8.1374692E-01 -6.8779802E-01 -6.6844500E-01
    5.600001 -8.9215993E-01 -8.6696237E-01 -7.1830615E-01 -6.9801880E-01
    5.800001 -9.3138901E-01 -9.0498128E-01 -7.4293559E-01 -7.2187109E-01
    6.000001 -9.5510973E-01 -9.2792070E-01 -7.6173887E-01 -7.4005452E-01
    6.200001 -9.6405567E-01 -9.3649826E-01 -7.7489771E-01 -7.5274736E-01
    6.400000 -9.5951451E-01 -9.3196974E-01 -7.8270779E-01 -7.6023861E-01
    6.600000 -9.4323797E-01 -9.1604136E-01 -7.8555848E-01 -7.6290828E-01
    6.800000 -9.1733172E-01 -8.9076241E-01 -7.8390831E-01 -7.6120342E-01
    6.999999 -8.8413082E-01 -8.5840407E-01 -7.7825776E-01 -7.5561174E-01
    7.199999 -8.4606700E-01 -8.2133034E-01 -7.6912018E-01 -7.4663324E-01
    7.399999 -8.0553726E-01 -7.8187029E-01 -7.5699281E-01 -7.3475209E-01
    7.599998 -7.6477744E-01 -7.4219529E-01 -7.4232889E-01 -7.2040959E-01
    7.799998 -7.2574832E-01 -7.0420854E-01 -7.2551226E-01 -7.0397949E-01
    7.999998 -6.9004172E-01 -6.6945406E-01 -7.0683666E-01 -6.8574791E-01
    8.199997 -6.5880706E-01 -6.3904569E-01 -6.8648945E-01 -6.6589774E-01
    8.399997 -6.3270368E-01 -6.1362114E-01 -6.6454135E-01 -6.4449858E-01
    8.599997 -6.1188138E-01 -5.9332345E-01 -6.4094353E-01 -6.2150417E-01
    8.799996 -5.9598659E-01 -5.7780742E-01 -6.1553089E-01 -5.9675557E-01
    8.999996 -5.8419491E-01 -5.6627159E-01 -5.8803184E-01 -5.6999080E-01
    9.199996 -5.7526764E-01 -5.5751344E-01 -5.5808583E-01 -5.4086190E-01
    9.399995 -5.6762744E-01 -5.5000315E-01 -5.2526544E-01 -5.0895644E-01
    9.599995 -5.5944979E-01 -5.4197257E-01 -4.8910290E-01 -4.7382331E-01
    9.799995 -5.4876531E-01 -5.3151463E-01 -4.4912171E-01 -4.3500338E-01
    9.999994 -5.3356713E-01 -5.1668759E-01 -4.0486882E-01 -3.9206069E-01
   10.199994 -5.1191827E-01 -4.9561902E-01 -3.5594701E-01 -3.4461382E-01
   10.399994 -4.8205470E-01 -4.6660567E-01 -3.0204821E-01 -2.9236808E-01
   10.599993 -4.4247856E-01 -4.2820353E-01 -2.4298232E-01 -2.3514334E-01
   10.799993 -3.9203722E-01 -3.7930417E-01 -1.7870149E-01 -1.7289742E-01
   10.999992 -3.2998820E-01 -3.1919716E-01 -1.0932223E-01 -1.0574726E-01
   11.199992 -2.5604178E-01 -2.4761087E-01 -3.5136381E-02 -3.3979415E-02
   11.399992 -1.7038758E-01 -1.6473770E-01  4.3380076E-02  4.1941639E-02
   11.599991 -7.3698041E-02 -7.1236934E-02  1.2556902E-01  1.2137571E-01
   11.799991  3.2889103E-02  3.1782897E-02  2.1060025E-01  2.0351683E-01
   11.999991  1.4780253E-01  1.4279515E-01  2.9748508E-01  2.8740663E-01
   12.199990  2.6908993E-01  2.5990651E-01  3.8510044E-01  3.7195785E-01
   12.399990  3.9448563E-01  3.8092283E-01  4.7221898E-01  4.5598363E-01
   12.599990  5.2148394E-01  5.0342043E-01  5.5754006E-01  5.3822761E-01
   12.799990  6.4742666E-01  6.2483098E-01  6.3972854E-01  6.1740153E-01
   12.999991  7.6959300E-01  7.4252855E-01  7.1745375E-01  6.9222289E-01
   13.199991  8.8528844E-01  8.5391554E-01  7.8942745E-01  7.6145168E-01
   13.399991  9.9193777E-01  9.5651247E-01  8.5444460E-01  8.2392963E-01
   13.599992  1.0871674E+00  1.0480373E+00  9.1141786E-01  8.7861346E-01
   13.799992  1.1688806E+00  1.1264778E+00  9.5940882E-01  9.2460484E-01
   13.999993  1.2353268E+00  1.1901577E+00  9.9765679E-01  9.6117796E-01
   14.199993  1.2851515E+00  1.2377850E+00  1.0255977E+00  9.8779754E-01
   14.399993  1.3174390E+00  1.2684919E+00  1.0428800E+00  1.0041337E+00
   14.599994  1.3317342E+00  1.2818557E+00  1.0493706E+00  1.0100677E+00
   14.799994  1.3280517E+00  1.2779064E+00  1.0451555E+00  1.0056920E+00
   14.999995  1.3068677E+00  1.2571187E+00  1.0305326E+00  9.9130296E-01
   15.199995  1.2690967E+00  1.2203886E+00  1.0059987E+00  9.6738834E-01
   15.399995  1.2160532E+00  1.1689956E+00  9.7223017E-01  9.3460779E-01
   15.599996  1.1493996E+00  1.1045526E+00  9.3005847E-01  8.9376967E-01
   15.799996  1.0710859E+00  1.0289468E+00  8.8044361E-01  8.4580483E-01
   15.999997  9.8327541E-01  9.4426798E-01  8.2444194E-01  7.9173557E-01
   16.199997  8.8827090E-01  8.5273723E-01  7.6317623E-01  7.3264674E-01
   16.399997  7.8843123E-01  7.5662654E-01  6.9780160E-01  6.6965285E-01
   16.599998  6.8609255E-01  6.5818308E-01  6.2947502E-01  6.0386869E-01
   16.799998  5.8349325E-01  5.5955711E-01  5.5932701E-01  5.3638222E-01
   16.999999  4.8270005E-01  4.6273126E-01  4.8843280E-01  4.6822686E-01
   17.199999  3.8555093E-01  3.6946605E-01  4.1779214E-01  4.0036218E-01
   17.399999  2.9360218E-01  2.8124949E-01  3.4830806E-01  3.3365373E-01
   17.600000  2.0809400E-01  1.9926459E-01  2.8077365E-01  2.6886046E-01
   17.800000  1.2993050E-01  1.2437075E-01  2.1586343E-01  2.0662660E-01
   18.000001  5.9670943E-02  5.7095929E-02  1.5412597E-01  1.4747489E-01
   18.200001 -2.4578608E-03 -2.3508945E-03  9.5985841E-02  9.1808529E-02
   18.400002 -5.6540899E-02 -5.4059340E-02  4.1744514E-02  3.9912363E-02
   18.600002 -1.0293640E-01 -9.8380220E-02 -8.4103953E-03 -8.0381337E-03
   18.800002 -1.4223148E-01 -1.3588264E-01 -5.4397267E-02 -5.1969115E-02
   19.000003 -1.7518729E-01 -1.6730116E-01 -9.6227486E-02 -9.1895762E-02
   19.200003 -2.0268042E-01 -1.9347950E-01 -1.3399126E-01 -1.2790856E-01
   19.400004 -2.2564454E-01 -2.1531464E-01 -1.6784450E-01 -1.6016066E-01
   19.600004 -2.4501208E-01 -2.3370103E-01 -1.9799257E-01 -1.8885218E-01
   19.800004 -2.6166308E-01 -2.4948175E-01 -2.2467715E-01 -2.1421765E-01
   20.000005 -2.7638057E-01 -2.6340618E-01 -2.4816218E-01 -2.3651247E-01
   20.200005 -2.8981634E-01 -2.7609743E-01 -2.6872144E-01 -2.5600109E-01
   20.400006 -3.0246868E-01 -2.8803146E-01 -2.8662883E-01 -2.7294767E-01
   20.600006 -3.1467120E-01 -2.9952670E-01 -3.0214891E-01 -2.8760709E-01
   20.800006 -3.2659467E-01 -3.1074615E-01 -3.1553083E-01 -3.0021919E-01
   21.000007 -3.3825933E-01 -3.2170933E-01 -3.2700327E-01 -3.1100400E-01
   21.200007 -3.4955678E-01 -3.3231350E-01 -3.3677147E-01 -3.2015888E-01
   21.400008 -3.6027988E-01 -3.4236224E-01 -3.4501635E-01 -3.2785781E-01
   21.600008 -3.7015672E-01 -3.5159796E-01 -3.5189444E-01 -3.3425131E-01
   21.800008 -3.7888753E-01 -3.5973707E-01 -3.5753960E-01 -3.3946815E-01
   22.000009 -3.8618037E-01 -3.6650391E-01 -3.6206525E-01 -3.4361749E-01
   22.200009 -3.9178361E-01 -3.7166155E-01 -3.6556725E-01 -3.4679167E-01
   22.400010 -3.9551324E-01 -3.7503760E-01 -3.6812734E-01 -3.4906946E-01
   22.600010 -3.9727229E-01 -3.7654250E-01 -3.6981626E-01 -3.5051913E-01
   22.800010 -3.9706223E-01 -3.7618010E-01 -3.7069699E-01 -3.5120146E-01
   23.000011 -3.9498513E-01 -3.7404955E-01 -3.7082748E-01 -3.5117233E-01
   23.200011 -3.9123726E-01 -3.7033898E-01 -3.7026287E-01 -3.5048496E-01
   23.400012 -3.8609476E-01 -3.6531179E-01 -3.6905726E-01 -3.4919139E-01
   23.600012 -3.7989310E-01 -3.5928704E-01 -3.6726475E-01 -3.4734367E-01
   23.800012 -3.7300191E-01 -3.5261551E-01 -3.6493999E-01 -3.4499421E-01
   24.000013 -3.6579765E-01 -3.4565384E-01 -3.6213814E-01 -3.4219585E-01
   24.200013 -3.5863651E-01 -3.3873888E-01 -3.5891451E-01 -3.3900146E-01
   24.400014 -3.5182913E-01 -3.3216391E-01 -3.5532365E-01 -3.3546311E-01
   24.600014 -3.4562017E-01 -3.2615941E-01 -3.5141851E-01 -3.3163126E-01
   24.800014 -3.4017311E-01 -3.2087887E-01 -3.4724927E-01 -3.2755368E-01
   25.000015 -3.3556233E-01 -3.1639154E-01 -3.4286232E-01 -3.2327447E-01
   25.200015 -3.3177248E-01 -3.1268192E-01 -3.3829941E-01 -3.1883329E-01
   25.400016 -3.2870480E-01 -3.0965602E-01 -3.3359682E-01 -3.1426454E-01
   25.600016 -3.2619027E-01 -3.0715382E-01 -3.2878504E-01 -3.0959716E-01
   25.800017 -3.2400770E-01 -3.0496648E-01 -3.2388842E-01 -3.0485421E-01
   26.000017 -3.2190565E-01 -3.0285708E-01 -3.1892551E-01 -3.0005329E-01
   26.200017 -3.1962592E-01 -3.0058272E-01 -3.1390922E-01 -2.9520663E-01
   26.400018 -3.1692678E-01 -2.9791643E-01 -3.0884754E-01 -2.9032182E-01
   26.600018 -3.1360413E-01 -2.9466697E-01 -3.0374436E-01 -2.8540258E-01
   26.800019 -3.0950855E-01 -2.9069476E-01 -2.9860015E-01 -2.8044945E-01
   27.000019 -3.0455736E-01 -2.8592315E-01 -2.9341313E-01 -2.7546078E-01
   27.200019 -2.9874041E-01 -2.8034363E-01 -2.8817987E-01 -2.7043342E-01
   27.400020 -2.9211950E-01 -2.7401521E-01 -2.8289620E-01 -2.6536352E-01
   27.600020 -2.8482173E-01 -2.6705799E-01 -2.7755787E-01 -2.6024717E-01
   27.800021 -2.7702693E-01 -2.5964133E-01 -2.7216089E-01 -2.5508066E-01
   28.000021 -2.6895134E-01 -2.5196834E-01 -2.6670192E-01 -2.4986096E-01
   28.200021 -2.6082781E-01 -2.4425739E-01 -2.6117822E-01 -2.4458554E-01
   28.400022 -2.5288529E-01 -2.3672283E-01 -2.5558763E-01 -2.3925245E-01
   28.600022 -2.4532905E-01 -2.2955647E-01 -2.4992840E-01 -2.3386012E-01
   28.800023 -2.3832272E-01 -2.2291090E-01 -2.4419872E-01 -2.2840691E-01
   29.000023 -2.3197476E-01 -2.1688686E-01 -2.3839654E-01 -2.2289096E-01
   29.200023 -2.2632931E-01 -2.1152483E-01 -2.3251903E-01 -2.1730968E-01
   29.400024 -2.2136293E-01 -2.0680213E-01 -2.2656234E-01 -2.1165953E-01
   29.600024 -2.1698714E-01 -2.0263533E-01 -2.2052149E-01 -2.0593591E-01
   29.800025 -2.1305609E-01 -1.9888763E-01 -2.1439009E-01 -2.0013291E-01
   30.000025 -2.0937945E-01 -1.9538092E-01 -2.0816062E-01 -1.9424357E-01
   30.200025 -2.0573844E-01 -1.9191083E-01 -2.0182446E-01 -1.8825991E-01
   30.400026 -2.0190426E-01 -1.8826398E-01 -1.9537232E-01 -1.8217333E-01
   30.600026 -1.9765718E-01 -1.8423573E-01 -1.8879488E-01 -1.7597520E-01
   30.800027 -1.9280429E-01 -1.7964673E-01 -1.8208310E-01 -1.6965718E-01
   31.000027 -1.8719514E-01 -1.7435742E-01 -1.7522919E-01 -1.6321208E-01
   31.200027 -1.8073327E-01 -1.6827871E-01 -1.6822699E-01 -1.5663425E-01
   31.400028 -1.7338332E-01 -1.6137847E-01 -1.6107277E-01 -1.4992028E-01
   31.600028 -1.6517302E-01 -1.5368329E-01 -1.5376584E-01 -1.4306961E-01
   31.800029 -1.5618962E-01 -1.4527505E-01 -1.4630878E-01 -1.3608470E-01
   32.000029 -1.4657203E-01 -1.3628357E-01 -1.3870807E-01 -1.2897161E-01
   32.200029 -1.3649843E-01 -1.2687492E-01 -1.3097393E-01 -1.2173991E-01
   32.400030 -1.2617123E-01 -1.1723746E-01 -1.2312044E-01 -1.1440269E-01
   32.600030 -1.1580063E-01 -1.0756655E-01 -1.1516553E-01 -1.0697661E-01
   32.800031 -1.0558750E-01 -9.8048600E-02 -1.0713034E-01 -9.9481280E-02
   33.000031 -9.5708285E-02 -8.8847130E-02 -9.9039101E-02 -9.1939165E-02
   33.200032 -8.6301796E-02 -8.0090517E-02 -9.0918363E-02 -8.4374822E-02
   33.400032 -7.7460339E-02 -7.1863856E-02 -8.2796699E-02 -7.6814666E-02
   33.600032 -6.9224517E-02 -6.4204199E-02 -7.4703877E-02 -6.9286184E-02
   33.800033 -6.1583178E-02 -5.7100581E-02 -6.6670446E-02 -6.1817550E-02
   34.000033 -5.4477887E-02 -5.0498236E-02 -5.8727380E-02 -5.4437300E-02
   34.200034 -4.7811147E-02 -4.4306278E-02 -5.0905417E-02 -4.7173717E-02
   34.400034 -4.1458442E-02 -3.8408903E-02 -4.3235097E-02 -4.0054874E-02
   34.600034 -3.5281957E-02 -3.2678125E-02 -3.5746326E-02 -3.3108224E-02
   34.800035 -2.9145568E-02 -2.6987663E-02 -2.8468435E-02 -2.6360664E-02
   35.000035 -2.2929444E-02 -2.1226448E-02 -2.1430329E-02 -1.9838674E-02
   35.200036 -1.6542697E-02 -1.5310311E-02 -1.4660348E-02 -1.3568191E-02
   35.400036 -9.9337857E-03 -9.1915593E-03 -8.1867093E-03 -7.5750198E-03
   35.600036 -3.0968620E-03 -2.8648103E-03 -2.0374398E-03 -1.8847719E-03
   35.800037  3.9256414E-03  3.6306732E-03  3.7593577E-03  3.4768838E-03
   36.000037  1.1044643E-02  1.0212538E-02  9.1753195E-03  8.4840492E-03
   36.200038  1.8130423E-02  1.6760939E-02  1.4181991E-02  1.3110753E-02
   36.400038  2.5021564E-02  2.3126839E-02  1.8750683E-02  1.7330813E-02
   36.600038  3.1537048E-02  2.9143206E-02  2.2852836E-02  2.1118176E-02
   36.800039  3.7489555E-02  3.4637303E-02  2.6460238E-02  2.4447110E-02
   37.000039  4.2699186E-02  3.9443365E-02  2.9545394E-02  2.7292553E-02
   37.200040  4.7006698E-02  4.3414798E-02  3.2082171E-02  2.9630691E-02
   37.400040  5.0284465E-02  4.6434275E-02  3.4046264E-02  3.1439403E-02
   37.600040  5.2445036E-02  4.8421601E-02  3.5415949E-02  3.2698937E-02
   37.800041  5.3446038E-02  4.9338207E-02  3.6172704E-02  3.3392492E-02
   38.000041  5.3291437E-02  4.9188270E-02  3.6301878E-02  3.3506820E-02
   38.200042  5.2029066E-02  4.8016401E-02  3.5793328E-02  3.3032821E-02
   38.400042  4.9744725E-02  4.5902177E-02  3.4641967E-02  3.1966037E-02
   38.600042  4.6553442E-02  4.2952055E-02  3.2848205E-02  3.0307059E-02
   38.800043  4.2588813E-02  3.9289529E-02  3.0418274E-02  2.8061821E-02
   39.000043  3.7991467E-02  3.5044488E-02  2.7364482E-02  2.5241833E-02
   39.200044  3.2897408E-02  3.0342473E-02  2.3705184E-02  2.1864151E-02
   39.400044  2.7427811E-02  2.5295271E-02  1.9464826E-02  1.7951416E-02
   39.600044  2.1680496E-02  1.9993075E-02  1.4673624E-02  1.3531557E-02
   39.800045  1.5724369E-02  1.4499368E-02  9.3672831E-03  8.6375284E-03
   40.000045  9.5970463E-03  8.8487553E-03  3.5866606E-03  3.3070052E-03
   40.200046  3.3054884E-03  3.0475601E-03 -2.6229270E-03 -2.4182591E-03
   40.400046 -3.1697661E-03 -2.9222623E-03 -9.2120463E-03 -8.4927450E-03
   40.600047 -9.8681558E-03 -9.0971761E-03 -1.6128006E-02 -1.4867956E-02
   40.800047 -1.6840113E-02 -1.5523782E-02 -2.3315232E-02 -2.1492764E-02
   41.000047 -2.4137402E-02 -2.2249911E-02 -3.0716149E-02 -2.8314213E-02
   41.200048 -3.1802914E-02 -2.9315220E-02 -3.8271725E-02 -3.5278027E-02
   41.400048 -3.9861172E-02 -3.6742449E-02 -4.5921982E-02 -4.2329064E-02
   41.600049 -4.8310862E-02 -4.4530534E-02 -5.3606867E-02 -4.9412126E-02
   41.800049 -5.7119123E-02 -5.2649348E-02 -6.1266535E-02 -5.6472210E-02
   42.000049 -6.6219319E-02 -6.1037648E-02 -6.8842175E-02 -6.3455266E-02
   42.200050 -7.5511516E-02 -6.9603510E-02 -7.6276429E-02 -7.0308577E-02
   42.400050 -8.4866026E-02 -7.8227588E-02 -8.3513783E-02 -7.6981121E-02
   42.600051 -9.4130201E-02 -8.6769364E-02 -9.0501312E-02 -8.3424248E-02
   42.800051 -1.0313676E-01 -9.5074819E-02 -9.7188834E-02 -8.9591824E-02
   43.000051 -1.1171432E-01 -1.0298610E-01 -1.0352958E-01 -9.5440840E-02
   43.200052 -1.1969799E-01 -1.1035134E-01 -1.0948047E-01 -1.0093166E-01
   43.400052 -1.2693980E-01 -1.1703419E-01 -1.1500233E-01 -1.0602824E-01
   43.600053 -1.3331824E-01 -1.2292262E-01 -1.2006043E-01 -1.1069860E-01
   43.800053 -1.3874522E-01 -1.2793539E-01 -1.2462443E-01 -1.1491477E-01
   44.000053 -1.4317108E-01 -1.3202663E-01 -1.2866875E-01 -1.1865317E-01
   44.200054 -1.4658615E-01 -1.3518729E-01 -1.3217255E-01 -1.2189452E-01
   44.400054 -1.4901941E-01 -1.3744391E-01 -1.3511964E-01 -1.2462384E-01
   44.600055 -1.5053432E-01 -1.3885483E-01 -1.3749858E-01 -1.2683049E-01
   44.800055 -1.5122186E-01 -1.3950374E-01 -1.3930229E-01 -1.2850781E-01
   45.000055 -1.5119186E-01 -1.3949174E-01 -1.4052798E-01 -1.2965310E-01
   45.200056 -1.5056303E-01 -1.3892814E-01 -1.4117669E-01 -1.3026714E-01
   45.400056 -1.4945272E-01 -1.3792102E-01 -1.4125298E-01 -1.3035396E-01
   45.600057 -1.4796722E-01 -1.3656827E-01 -1.4076445E-01 -1.2992038E-01
   45.800057 -1.4619344E-01 -1.3494995E-01 -1.3972138E-01 -1.2897564E-01
   46.000057 -1.4419253E-01 -1.3312236E-01 -1.3813614E-01 -1.2753094E-01
   46.200058 -1.4199617E-01 -1.3111461E-01 -1.3602284E-01 -1.2559904E-01
   46.400058 -1.3960549E-01 -1.2892763E-01 -1.3339693E-01 -1.2319394E-01
   46.600059 -1.3699287E-01 -1.2653575E-01 -1.3027469E-01 -1.2033039E-01
   46.800059 -1.3410632E-01 -1.2389080E-01 -1.2667310E-01 -1.1702381E-01
   47.000059 -1.3087593E-01 -1.2092797E-01 -1.2260945E-01 -1.1328983E-01
   47.200060 -1.2722186E-01 -1.1757327E-01 -1.1810115E-01 -1.0914429E-01
   47.400060 -1.2306321E-01 -1.1375162E-01 -1.1316579E-01 -1.0460309E-01
   47.600061 -1.1832661E-01 -1.0939484E-01 -1.0782082E-01 -9.9682066E-02
   47.800061 -1.1295436E-01 -1.0444917E-01 -1.0208383E-01 -9.4397162E-02
   48.000062 -1.0691072E-01 -9.8881112E-02 -9.5972329E-02 -8.8764259E-02
   48.200062 -1.0018657E-01 -9.2681734E-02 -8.9504093E-02 -8.2799470E-02
   48.400062 -9.2801265E-02 -8.5868434E-02 -8.2697016E-02 -7.6519035E-02
   48.600063 -8.4802256E-02 -7.8484596E-02 -7.5569304E-02 -6.9939488E-02
   48.800063 -7.6262279E-02 -7.0597044E-02 -6.8139673E-02 -6.3077836E-02
   49.000064 -6.7274014E-02 -6.2291113E-02 -6.0427155E-02 -5.5951393E-02
   49.200064 -5.7943671E-02 -5.3664740E-02 -5.2451436E-02 -4.8578087E-02
   49.400064 -4.8382895E-02 -4.4820981E-02 -4.4232587E-02 -4.0976217E-02
   49.600065 -3.8700738E-02 -3.5860589E-02 -3.5791156E-02 -3.3164534E-02
   49.800065 -2.8996042E-02 -2.6874951E-02 -2.7148235E-02 -2.5162313E-02
   50.000066 -1.9350365E-02 -1.7939528E-02 -1.8325082E-02 -1.6988998E-02
   50.200063 -9.8234059E-03 -9.1095900E-03 -9.3435130E-03 -8.6645684E-03
   50.400060 -4.4916327E-04 -4.1663705E-04 -2.2508158E-04 -2.0878226E-04
   50.600058  8.7642625E-03  8.1318223E-03  9.0084866E-03  8.3584229E-03
   50.800055  1.7833158E-02  1.6550897E-02  1.8335371E-02  1.7016999E-02
   51.000053  2.6794854E-02  2.4875240E-02  2.7734045E-02  2.5747146E-02
   51.200050  3.5701912E-02  3.3153683E-02  3.7182946E-02  3.4529008E-02
   51.400048  4.4615754E-02  4.1443339E-02  4.6660855E-02  4.3343023E-02
   51.600045  5.3598915E-02  4.9802417E-02  5.6146512E-02  5.2169563E-02
   51.800042  6.2707941E-02  5.8283625E-02  6.5618892E-02  6.0989196E-02
   52.000040  7.1986495E-02  6.6927756E-02  7.5057010E-02  6.9782496E-02
   52.200037  8.1459668E-02  7.5758379E-02  8.4439699E-02  7.8529840E-02
   52.400035  9.1130446E-02  8.4778528E-02  9.3745860E-02  8.7211645E-02
   52.600032  1.0097747E-01  9.3968587E-02  1.0295403E-01  9.5807947E-02
   52.800030  1.1095570E-01  1.0328686E-01  1.1204267E-01  1.0429871E-01
   53.000027  1.2099834E-01  1.1267137E-01  1.2098982E-01  1.1266343E-01
   53.200024  1.3102142E-01  1.2204401E-01  1.2977339E-01  1.2088149E-01
   53.400022  1.4092921E-01  1.3131565E-01  1.3837108E-01  1.2893203E-01
   53.600019  1.5062068E-01  1.4039209E-01  1.4676034E-01  1.3679391E-01
   53.800017  1.5999675E-01  1.4918082E-01  1.5491880E-01  1.4444615E-01
   54.000014  1.6896655E-01  1.5759685E-01  1.6282411E-01  1.5186773E-01
   54.200011  1.7745365E-01  1.6556853E-01  1.7045440E-01  1.5903806E-01
   54.400009  1.8540039E-01  1.7304165E-01  1.7778840E-01  1.6593707E-01
   54.600006  1.9277067E-01  1.7998202E-01  1.8480553E-01  1.7254530E-01
   54.800004  1.9955124E-01  1.8637676E-01  1.9148641E-01  1.7884437E-01
   55.000001  2.0575044E-01  1.9223311E-01  1.9781278E-01  1.8481694E-01
   55.199999  2.1139578E-01  1.9757624E-01  2.0376800E-01  1.9044711E-01
   55.399996  2.1652946E-01  2.0244508E-01  2.0933690E-01  1.9572038E-01
   55.599993  2.2120326E-01  2.0688757E-01  2.1450621E-01  2.0062394E-01
   55.799991  2.2547251E-01  2.1095504E-01  2.1926449E-01  2.0514673E-01
   55.999988  2.2939008E-01  2.1469654E-01  2.2360216E-01  2.0927937E-01
   56.199986  2.3300095E-01  2.1815386E-01  2.2751167E-01  2.1301437E-01
   56.399983  2.3633759E-01  2.2135710E-01  2.3098729E-01  2.1634594E-01
   56.599981  2.3941683E-01  2.2432174E-01  2.3402524E-01  2.1927008E-01
   56.799978  2.4223816E-01  2.2704703E-01  2.3662344E-01  2.2178442E-01
   56.999975  2.4478394E-01  2.2951616E-01  2.3878156E-01  2.2388817E-01
   57.199973  2.4702118E-01  2.3169790E-01  2.4050083E-01  2.2558202E-01
   57.399970  2.4890472E-01  2.3354954E-01  2.4178391E-01  2.2686803E-01
   57.599968  2.5038183E-01  2.3502122E-01  2.4263487E-01  2.2774953E-01
   57.799965  2.5139729E-01  2.3606063E-01  2.4305899E-01  2.2823102E-01
   57.999963  2.5189889E-01  2.3661826E-01  2.4306272E-01  2.2831811E-01
   58.199960  2.5184265E-01  2.3665223E-01  2.4265357E-01  2.2801741E-01
   58.399957  2.5119736E-01  2.3613259E-01  2.4184007E-01  2.2733647E-01
   58.599955  2.4994800E-01  2.3504460E-01  2.4063163E-01  2.2628372E-01
   58.799952  2.4809781E-01  2.3339063E-01  2.3903856E-01  2.2486841E-01
   58.999950  2.4566869E-01  2.3119068E-01  2.3707193E-01  2.2310055E-01
   59.199947  2.4270020E-01  2.2848136E-01  2.3474358E-01  2.2099088E-01
   59.399945  2.3924685E-01  2.2531340E-01  2.3206597E-01  2.1855072E-01
   59.599942  2.3537436E-01  2.2174822E-01  2.2905219E-01  2.1579204E-01
   59.799939  2.3115486E-01  2.1785331E-01  2.2571578E-01  2.1272722E-01
   59.999937  2.2666169E-01  2.1369747E-01  2.2207068E-01  2.0936905E-01
   60.199934  2.2196431E-01  2.0934589E-01  2.1813117E-01  2.0573067E-01
   60.399932  2.1712332E-01  2.0485554E-01  2.1391163E-01  2.0182531E-01
   60.599929  2.1218676E-01  2.0027156E-01  2.0942659E-01  1.9766640E-01
   60.799927  2.0718710E-01  1.9562454E-01  2.0469044E-01  1.9326721E-01
   60.999924  2.0214011E-01  1.9092927E-01  1.9971749E-01  1.8864102E-01
   61.199921  1.9704476E-01  1.8618474E-01  1.9452173E-01  1.8380077E-01
   61.399919  1.9188487E-01  1.8137559E-01  1.8911680E-01  1.7875912E-01
   61.599916  1.8663201E-01  1.7647485E-01  1.8351602E-01  1.7352844E-01
   61.799914  1.8124917E-01  1.7144744E-01  1.7773212E-01  1.6812060E-01
   61.999911  1.7569549E-01  1.6625455E-01  1.7177751E-01  1.6254711E-01
   62.199908  1.6993082E-01  1.6085799E-01  1.6566400E-01  1.5681898E-01
   62.399906  1.6392036E-01  1.5522460E-01  1.5940293E-01  1.5094681E-01
   62.599903  1.5763876E-01  1.4933011E-01  1.5300531E-01  1.4494088E-01
   62.799901  1.5107303E-01  1.4316195E-01  1.4648162E-01  1.3881097E-01
   62.999898  1.4422464E-01  1.3672122E-01  1.3984214E-01  1.3256673E-01
   63.199896  1.3710989E-01  1.3002311E-01  1.3309672E-01  1.2621737E-01
   63.399893  1.2975941E-01  1.2309641E-01  1.2625511E-01  1.1977205E-01
   63.599890  1.2221586E-01  1.1598139E-01  1.1932674E-01  1.1323966E-01
   63.799888  1.1453095E-01  1.0872698E-01  1.1232091E-01  1.0662893E-01
   63.999885  1.0676172E-01  1.0138719E-01  1.0524687E-01  9.9948601E-02
   64.199883  9.8965924E-02  9.4016842E-02  9.8113612E-02  9.3207151E-02
   64.399880  9.1198032E-02  8.6667699E-02  9.0930124E-02  8.6413100E-02
   64.599878  8.3504948E-02  7.9384404E-02  8.3705129E-02  7.9574707E-02
   64.799875  7.5923014E-02  7.2201617E-02  7.6447331E-02  7.2700234E-02
   64.999872  6.8475423E-02  6.5141541E-02  6.9165147E-02  6.5797684E-02
   65.199870  6.1171182E-02  5.8212906E-02  6.1866796E-02  5.8874880E-02
   65.399867  5.4005303E-02  5.1411137E-02  5.4560385E-02  5.1939555E-02
   65.599865  4.6959870E-02  4.4719334E-02  4.7253651E-02  4.4999098E-02
   65.799862  4.0006723E-02  3.8110821E-02  3.9954249E-02  3.8060834E-02
   65.999860  3.3110449E-02  3.1551972E-02  3.2669477E-02  3.1131756E-02
   66.199857  2.6232495E-02  2.5006122E-02  2.5406592E-02  2.4218830E-02
   66.399854  1.9334989E-02  1.8437210E-02  1.8172595E-02  1.7328789E-02
   66.599852  1.2384772E-02  1.1813620E-02  1.0974392E-02  1.0468282E-02
   66.799849  5.3569593E-03  5.1115918E-03  3.8189577E-03  3.6440361E-03
   66.999847 -1.7626142E-03 -1.6824304E-03 -3.2868529E-03 -3.1373293E-03
   67.199844 -8.9754066E-03 -8.5698875E-03 -1.0335958E-02 -9.8689678E-03
   67.399842 -1.6269871E-02 -1.5539798E-02 -1.7321277E-02 -1.6544025E-02
   67.599839 -2.3621731E-02 -2.2569004E-02 -2.4235399E-02 -2.3155323E-02
   67.799836 -3.0995888E-02 -2.9623969E-02 -3.1070798E-02 -2.9695564E-02
   67.999834 -3.8348876E-02 -3.6663118E-02 -3.7819709E-02 -3.6157212E-02
   68.199831 -4.5631999E-02 -4.3639818E-02 -4.4474027E-02 -4.2532400E-02
   68.399829 -5.2795224E-02 -5.0506099E-02 -5.1025566E-02 -4.8813171E-02
   68.599826 -5.9790579E-02 -5.7215904E-02 -5.7465833E-02 -5.4991265E-02
   68.799824 -6.6575876E-02 -6.3728656E-02 -6.3786344E-02 -6.1058423E-02
   68.999821 -7.3117307E-02 -7.0011756E-02 -6.9978439E-02 -6.7006207E-02
   69.199818 -7.9391765E-02 -7.6042815E-02 -7.6033582E-02 -7.2826290E-02
   69.399816 -8.5387857E-02 -8.1810646E-02 -8.1943355E-02 -7.8510447E-02
   69.599813 -9.1105903E-02 -8.7315275E-02 -8.7699451E-02 -8.4050555E-02
   69.799811 -9.6557194E-02 -9.2567249E-02 -9.3293971E-02 -8.9438869E-02
   69.999808 -1.0176190E-01 -9.7585647E-02 -9.8719262E-02 -9.4667878E-02
   70.199805 -1.0674666E-01 -1.0239578E-01 -1.0396818E-01 -9.9730549E-02
   70.399803 -1.1154140E-01 -1.0702614E-01 -1.0903406E-01 -1.0462030E-01
   70.599800 -1.1617598E-01 -1.1150520E-01 -1.1391066E-01 -1.0933096E-01
   70.799798 -1.2067711E-01 -1.1585844E-01 -1.1859238E-01 -1.1385696E-01
   70.999795 -1.2506539E-01 -1.2010549E-01 -1.2307406E-01 -1.1819314E-01
   71.199793 -1.2935320E-01 -1.2425814E-01 -1.2735115E-01 -1.2233495E-01
   71.399790 -1.3354320E-01 -1.2831882E-01 -1.3141954E-01 -1.2627825E-01
   71.599787 -1.3762791E-01 -1.3228024E-01 -1.3527567E-01 -1.3001940E-01
   71.799785 -1.4159019E-01 -1.3612581E-01 -1.3891644E-01 -1.3355525E-01
   71.999782 -1.4540450E-01 -1.3983083E-01 -1.4233915E-01 -1.3688299E-01
   72.199780 -1.4903914E-01 -1.4336469E-01 -1.4554158E-01 -1.4000029E-01
   72.399777 -1.5245884E-01 -1.4669327E-01 -1.4852187E-01 -1.4290519E-01
   72.599775 -1.5562785E-01 -1.4978198E-01 -1.5127863E-01 -1.4559612E-01
   72.799772 -1.5851289E-01 -1.5259856E-01 -1.5381080E-01 -1.4807191E-01
   72.999769 -1.6108605E-01 -1.5511591E-01 -1.5611783E-01 -1.5033182E-01
   73.199767 -1.6332714E-01 -1.5731432E-01 -1.5819956E-01 -1.5237552E-01
   73.399764 -1.6522529E-01 -1.5918307E-01 -1.6005631E-01 -1.5420312E-01
   73.599762 -1.6677994E-01 -1.6072135E-01 -1.6168892E-01 -1.5581527E-01
   73.799759 -1.6800077E-01 -1.6193823E-01 -1.6309872E-01 -1.5721307E-01
   73.999757 -1.6890688E-01 -1.6285187E-01 -1.6428762E-01 -1.5839820E-01
   74.199754 -1.6952513E-01 -1.6348793E-01 -1.6525808E-01 -1.5937285E-01
   74.399751 -1.6988790E-01 -1.6387747E-01 -1.6601316E-01 -1.6013981E-01
   74.599749 -1.7003047E-01 -1.6405432E-01 -1.6655645E-01 -1.6070240E-01
   74.799746 -1.6998814E-01 -1.6405240E-01 -1.6689213E-01 -1.6106449E-01
   74.999744 -1.6979353E-01 -1.6390307E-01 -1.6702487E-01 -1.6123047E-01
   75.199741 -1.6947413E-01 -1.6363278E-01 -1.6695986E-01 -1.6120518E-01
   75.399739 -1.6905042E-01 -1.6326123E-01 -1.6670267E-01 -1.6099388E-01
   75.599736 -1.6853466E-01 -1.6280019E-01 -1.6625925E-01 -1.6060220E-01
   75.799733 -1.6793045E-01 -1.6225307E-01 -1.6563583E-01 -1.6003602E-01
   75.999731 -1.6723309E-01 -1.6161528E-01 -1.6483882E-01 -1.5930144E-01
   76.199728 -1.6643072E-01 -1.6087531E-01 -1.6387479E-01 -1.5840470E-01
   76.399726 -1.6550604E-01 -1.6001637E-01 -1.6275032E-01 -1.5735206E-01
   76.599723 -1.6443857E-01 -1.5901858E-01 -1.6147199E-01 -1.5614978E-01
   76.799721 -1.6320709E-01 -1.5786134E-01 -1.6004624E-01 -1.5480402E-01
   76.999718 -1.6179216E-01 -1.5652574E-01 -1.5847939E-01 -1.5332081E-01
   77.199715 -1.6017842E-01 -1.5499682E-01 -1.5677754E-01 -1.5170596E-01
   77.399713 -1.5835645E-01 -1.5326537E-01 -1.5494651E-01 -1.4996506E-01
   77.599710 -1.5632417E-01 -1.5132924E-01 -1.5299191E-01 -1.4810346E-01
   77.799708 -1.5408734E-01 -1.4919392E-01 -1.5091899E-01 -1.4612619E-01
   77.999705 -1.5165960E-01 -1.4687249E-01 -1.4873276E-01 -1.4403803E-01
   78.199703 -1.4906147E-01 -1.4438475E-01 -1.4643786E-01 -1.4184346E-01
   78.399700 -1.4631902E-01 -1.4175588E-01 -1.4403870E-01 -1.3954668E-01
   78.599697 -1.4346180E-01 -1.3901445E-01 -1.4153937E-01 -1.3715161E-01
   78.799695 -1.4052054E-01 -1.3619020E-01 -1.3894366E-01 -1.3466191E-01
   78.999692 -1.3752483E-01 -1.3331177E-01 -1.3625518E-01 -1.3208102E-01
   79.199690 -1.3450065E-01 -1.3040436E-01 -1.3347723E-01 -1.2941211E-01
   79.399687 -1.3146854E-01 -1.2748789E-01 -1.3061294E-01 -1.2665820E-01
   79.599684 -1.2844197E-01 -1.2457544E-01 -1.2766521E-01 -1.2382207E-01
   79.799682 -1.2542649E-01 -1.2167241E-01 -1.2463677E-01 -1.2090634E-01
   79.999679 -1.2241954E-01 -1.1877636E-01 -1.2153022E-01 -1.1791350E-01
   80.199677 -1.1941094E-01 -1.1587742E-01 -1.1834794E-01 -1.1484588E-01
   80.399674 -1.1638409E-01 -1.1295951E-01 -1.1509229E-01 -1.1170572E-01
   80.599672 -1.1331761E-01 -1.1000187E-01 -1.1176545E-01 -1.0849513E-01
   80.799669 -1.1018758E-01 -1.0698130E-01 -1.0836958E-01 -1.0521620E-01
   80.999666 -1.0696973E-01 -1.0387419E-01 -1.0490676E-01 -1.0187093E-01
   81.199664 -1.0364180E-01 -1.0065895E-01 -1.0137903E-01 -9.8461292E-02
   81.399661 -1.0018578E-01 -9.7317999E-02 -9.7788479E-02 -9.4989321E-02
   81.599659 -9.6589424E-02 -9.3839440E-02 -9.4137172E-02 -9.1457006E-02
   81.799656 -9.2847674E-02 -9.0218305E-02 -9.0427290E-02 -8.7866464E-02
   81.999654 -8.8963048E-02 -8.6457001E-02 -8.6661025E-02 -8.4219825E-02
   82.199651 -8.4945694E-02 -8.2565351E-02 -8.2840754E-02 -8.0519395E-02
   82.399648 -8.0812491E-02 -7.8559730E-02 -7.8968926E-02 -7.6767557E-02
   82.599646 -7.6585760E-02 -7.4461817E-02 -7.5048141E-02 -7.2966842E-02
   82.799643 -7.2291529E-02 -7.0296908E-02 -7.1081230E-02 -6.9120003E-02
   82.999641 -6.7957290E-02 -6.6091737E-02 -6.7071127E-02 -6.5229902E-02
   83.199638 -6.3609973E-02 -6.1872510E-02 -6.3021048E-02 -6.1299672E-02
   83.399636 -5.9273671E-02 -5.7662686E-02 -5.8934333E-02 -5.7332571E-02
   83.599633 -5.4967993E-02 -5.3481374E-02 -5.4814622E-02 -5.3332150E-02
   83.799630 -5.0706526E-02 -4.9341833E-02 -5.0665714E-02 -4.9302119E-02
   83.999628 -4.6496077E-02 -4.5250731E-02 -4.6491638E-02 -4.5246411E-02
   84.199625 -4.2336541E-02 -4.1208012E-02 -4.2296715E-02 -4.1169247E-02
   84.399623 -3.8221196E-02 -3.7207176E-02 -3.8085421E-02 -3.7075002E-02
   84.599620 -3.4137912E-02 -3.3236453E-02 -3.3862553E-02 -3.2968365E-02
   84.799618 -3.0070527E-02 -2.9280142E-02 -2.9633069E-02 -2.8854182E-02
   84.999615 -2.6000911E-02 -2.5320618E-02 -2.5402251E-02 -2.4737621E-02
   85.199612 -2.1910917E-02 -2.1340226E-02 -2.1175565E-02 -2.0624027E-02
   85.399610 -1.7784535E-02 -1.7323390E-02 -1.6958714E-02 -1.6518982E-02
   85.599607 -1.3609871E-02 -1.3258533E-02 -1.2757699E-02 -1.2428360E-02
   85.799605 -9.3805651E-03 -9.1394638E-03 -8.5786590E-03 -8.3581685E-03
   85.999602 -5.0970392E-03 -4.9665994E-03 -4.4280212E-03 -4.3147024E-03
   86.199600 -7.6682717E-04 -7.4728674E-04 -3.1231023E-04 -3.0435188E-04
   86.399597  3.5953734E-03  3.5041413E-03  3.7617164E-03  3.6662634E-03
   86.599594  7.9685799E-03  7.7672192E-03  7.7872511E-03  7.5904725E-03
   86.799592  1.2326730E-02  1.2016521E-02  1.1757418E-02  1.1461536E-02
   86.999589  1.6640318E-02  1.6223253E-02  1.5665267E-02  1.5272640E-02
   87.199587  2.0878529E-02  2.0357332E-02  1.9503967E-02  1.9017083E-02
   87.399584  2.5011162E-02  2.4389265E-02  2.3266707E-02  2.2688185E-02
   87.599581  2.9010801E-02  2.8292263E-02  2.6946897E-02  2.6279477E-02
   87.799579  3.2854538E-02  3.2043923E-02  3.0538166E-02  2.9784703E-02
   87.999576  3.6525307E-02  3.5627536E-02  3.4034370E-02  3.3197824E-02
   88.199574  4.0012911E-02  3.9033086E-02  3.7429762E-02  3.6513193E-02
   88.399571  4.3314185E-02  4.2257421E-02  4.0718908E-02  3.9725462E-02
   88.599569  4.6432869E-02  4.5304121E-02  4.3896848E-02  4.2829748E-02
   88.799566  4.9378631E-02  4.8182557E-02  4.6959002E-02  4.5821537E-02
   88.999563  5.2165871E-02  5.0906724E-02  4.9901291E-02  4.8696805E-02
   89.199561  5.4811992E-02  5.3493552E-02  5.2720099E-02  5.1451976E-02
   89.399558  5.7335491E-02  5.5961046E-02  5.5412227E-02  5.4083886E-02
   89.599556  5.9754124E-02  5.8326498E-02  5.7974983E-02  5.6589863E-02
   89.799553  6.2083013E-02  6.0604633E-02  6.0406054E-02  5.8967607E-02
   89.999551  6.4333234E-02  6.2806233E-02  6.2703592E-02  6.1215272E-02
   90.199548  6.6510623E-02  6.4936967E-02  6.4866093E-02  6.3331347E-02
   90.399545  6.8615255E-02  6.6996883E-02  6.6892458E-02  6.5314720E-02
   90.599543  7.0641357E-02  6.8980320E-02  6.8781939E-02  6.7164624E-02
   90.799540  7.2577777E-02  7.0876359E-02  7.0534105E-02  6.8880597E-02
   90.999538  7.4409039E-02  7.2669861E-02  7.2148896E-02  7.0462545E-02
   91.199535  7.6116661E-02  7.4342745E-02  7.3626561E-02  7.1910678E-02
   91.399533  7.7680900E-02  7.5875694E-02  7.4967731E-02  7.3225576E-02
   91.599530  7.9082480E-02  7.7249845E-02  7.6173380E-02  7.4408159E-02
   91.799527  8.0304429E-02  7.8448580E-02  7.7244895E-02  7.5459753E-02
   91.999525  8.1333632E-02  7.9459049E-02  7.8184088E-02  7.6382096E-02
   92.199522  8.2162099E-02  8.0273406E-02  7.8993209E-02  7.7177361E-02
   92.399520  8.2787846E-02  8.0889673E-02  7.9675014E-02  7.7848212E-02
   92.599517  8.3215224E-02  8.1312063E-02  8.0232752E-02  7.8397801E-02
   92.799515  8.3454785E-02  8.1550853E-02  8.0670217E-02  7.8829812E-02
   92.999512  8.3522619E-02  8.1621735E-02  8.0991733E-02  7.9148449E-02
   93.199509  8.3439280E-02  8.1544768E-02  8.1202171E-02  7.9358453E-02
   93.399507  8.3228372E-02  8.1342999E-02  8.1306925E-02  7.9465078E-02
   93.599504  8.2914937E-02  8.1040884E-02  8.1311882E-02  7.9474062E-02
   93.799502  8.2523766E-02  8.0662644E-02  8.1223386E-02  7.9391591E-02
   93.999499  8.2077819E-02  8.0230712E-02  8.1048176E-02  7.9224240E-02
   94.199497  8.1596830E-02  7.9764373E-02  8.0793312E-02  7.8978900E-02
   94.399494  8.1096272E-02  7.9278752E-02  8.0466110E-02  7.8662713E-02
   94.599491  8.0586714E-02  7.8784181E-02  8.0074034E-02  7.8282968E-02
   94.799489  8.0073639E-02  7.8286023E-02  7.9624614E-02  7.7847023E-02
   94.999486  7.9557738E-02  7.7784955E-02  7.9125356E-02  7.7362209E-02
   95.199484  7.9035590E-02  7.7277637E-02  7.8583630E-02  7.6835729E-02
   95.399481  7.8500731E-02  7.6757747E-02  7.8006600E-02  7.6274587E-02
   95.599478  7.7944918E-02  7.6217228E-02  7.7401122E-02  7.5685485E-02
   95.799476  7.7359542E-02  7.5647662E-02  7.6773679E-02  7.5074763E-02
   95.999473  7.6737020E-02  7.5041633E-02  7.6130322E-02  7.4448339E-02
   96.199471  7.6072018E-02  7.4393923E-02  7.5476601E-02  7.3811642E-02
   96.399468  7.5362452E-02  7.3702495E-02  7.4817546E-02  7.3169591E-02
   96.599466  7.4610097E-02  7.2969081E-02  7.4157611E-02  7.2526548E-02
   96.799463  7.3820835E-02  7.2199436E-02  7.3500687E-02  7.1886320E-02
   96.999460  7.3004440E-02  7.1403118E-02  7.2850068E-02  7.1252132E-02
   97.199458  7.2173984E-02  7.0592913E-02  7.2208461E-02  7.0626635E-02
   97.399455  7.1344906E-02  6.9783927E-02  7.1578004E-02  7.0011925E-02
   97.599453  7.0533780E-02  6.8992374E-02  7.0960257E-02  6.9409531E-02
   97.799450  6.9756993E-02  6.8234288E-02  7.0356242E-02  6.8820457E-02
   97.999448  6.9029338E-02  6.7524146E-02  6.9766439E-02  6.8245175E-02
   98.199445  6.8362768E-02  6.6873647E-02  6.9190826E-02  6.7683668E-02
   98.399442  6.7765309E-02  6.6290649E-02  6.8628883E-02  6.7135431E-02
   98.599440  6.7240321E-02  6.5778446E-02  6.8079619E-02  6.6599497E-02
   98.799437  6.6786128E-02  6.5335406E-02  6.7541600E-02  6.6074467E-02
   98.999435  6.6396041E-02  6.4954990E-02  6.7012951E-02  6.5558510E-02
   99.199432  6.6058811E-02  6.4626200E-02  6.6491400E-02  6.5049406E-02
   99.399430  6.5759429E-02  6.4334354E-02  6.5974277E-02  6.4544546E-02
   99.599427  6.5480234E-02  6.4062179E-02  6.5458565E-02  6.4040979E-02
   99.799424  6.5202202E-02  6.3791065E-02  6.4940901E-02  6.3535419E-02
   99.999422  6.4906334E-02  6.3502424E-02  6.4417626E-02  6.3024287E-02
  100.199425  6.4574983E-02  6.3178993E-02  6.3884804E-02  6.2503733E-02
  100.399423  6.4193080E-02  6.2806027E-02  6.3338310E-02  6.1969726E-02
  100.599420  6.3749012E-02  6.2372165E-02  6.2773804E-02  6.1418020E-02
  100.799417  6.3235252E-02  6.1870043E-02  6.2186819E-02  6.0844245E-02
  100.999415  6.2648569E-02  6.1296499E-02  6.1572806E-02  6.0243953E-02
  101.199412  6.1989866E-02  6.0652418E-02  6.0927199E-02  5.9612678E-02
  101.399410  6.1263620E-02  5.9942180E-02  6.0245450E-02  5.8945972E-02
  101.599407  6.0477044E-02  5.9172846E-02  5.9523112E-02  5.8239486E-02
  101.799405  5.9638980E-02  5.8353068E-02  5.8755867E-02  5.7488997E-02
  101.999402  5.8758712E-02  5.7491933E-02  5.7939611E-02  5.6690491E-02
  102.199399  5.7844711E-02  5.6597731E-02  5.7070481E-02  5.5840191E-02
  102.399397  5.6903522E-02  5.5676870E-02  5.6144911E-02  5.4934612E-02
  102.599394  5.5938860E-02  5.4732987E-02  5.5159697E-02  5.3970620E-02
  102.799392  5.4950946E-02  5.3766302E-02  5.4111997E-02  5.2945438E-02
  102.999389  5.3936266E-02  5.2773379E-02  5.2999406E-02  5.1856718E-02
  103.199387  5.2887626E-02  5.1747184E-02  5.1819943E-02  5.0702524E-02
  103.399384  5.1794660E-02  5.0677577E-02  5.0572116E-02  4.9481400E-02
  103.599381  5.0644579E-02  4.9552049E-02  4.9254896E-02  4.8192345E-02
  103.799379  4.9423236E-02  4.8356764E-02  4.7867742E-02  4.6834835E-02
  103.999376  4.8116358E-02  4.7077760E-02  4.6410631E-02  4.5408851E-02
  104.199374  4.6710765E-02  4.5702148E-02  4.4884001E-02  4.3914828E-02
  104.399371  4.5195634E-02  4.4219346E-02  4.3288807E-02  4.2353708E-02
  104.599369  4.3563485E-02  4.2622041E-02  4.1626448E-02  4.0726865E-02
  104.799366  4.1811027E-02  4.0907023E-02  3.9898813E-02  3.9036152E-02
  104.999363  3.9939559E-02  3.9075569E-02  3.8108204E-02  3.7283831E-02
  105.199361  3.7955077E-02  3.7133557E-02  3.6257338E-02  3.5472566E-02
  105.399358  3.5868014E-02  3.5091203E-02  3.4349347E-02  3.3605426E-02
  105.599356  3.3692527E-02  3.2962366E-02  3.2387680E-02  3.1685797E-02
  105.799353  3.1445631E-02  3.0763702E-02  3.0376152E-02  2.9717415E-02
  105.999351  2.9145957E-02  2.8513447E-02  2.8318824E-02  2.7704263E-02
  106.199348  2.6812564E-02  2.6230253E-02  2.6220052E-02  2.5650608E-02
  106.399345  2.4463576E-02  2.3931859E-02  2.4084370E-02  2.3560895E-02
  106.599343  2.2115042E-02  2.1633972E-02  2.1916487E-02  2.1439736E-02
  106.799340  1.9779996E-02  1.9349347E-02  1.9721276E-02  1.9291906E-02
  106.999338  1.7467688E-02  1.7087038E-02  1.7503659E-02  1.7122226E-02
  107.199335  1.5183331E-02  1.4852150E-02  1.5268658E-02  1.4935616E-02
  107.399333  1.2928033E-02  1.2645770E-02  1.3021266E-02  1.2736967E-02
  107.599330  1.0699268E-02  1.0465430E-02  1.0766503E-02  1.0531195E-02
  107.799327  8.4915019E-03  8.3057208E-03  8.5093028E-03  8.3231323E-03
  107.999325  6.2971870E-03  6.1592648E-03  6.2545181E-03  6.1175305E-03
  108.199322  4.1079188E-03  4.0178458E-03  4.0069251E-03  3.9190665E-03
  108.399320  1.9155486E-03  1.8734985E-03  1.7711210E-03  1.7322415E-03
  108.599317 -2.8658532E-04 -2.8028674E-04 -4.4840780E-04 -4.3855267E-04
  108.799314 -2.5027378E-03 -2.4476653E-03 -2.6473829E-03 -2.5891275E-03
  108.999312 -4.7339650E-03 -4.6296639E-03 -4.8217151E-03 -4.7154806E-03
  109.199309 -6.9776369E-03 -6.8237039E-03 -6.9674859E-03 -6.8137769E-03
  109.399307 -9.2274061E-03 -9.0235722E-03 -9.0810341E-03 -8.8804336E-03
  109.599304 -1.1473364E-02 -1.1219573E-02 -1.1158879E-02 -1.0912045E-02
  109.799302 -1.3702706E-02 -1.3399183E-02 -1.3197810E-02 -1.2905470E-02
  109.999299 -1.5900505E-02 -1.5547799E-02 -1.5194813E-02 -1.4857760E-02
  110.199296 -1.8050843E-02 -1.7649858E-02 -1.7147141E-02 -1.6766230E-02
  110.399294 -2.0137954E-02 -1.9689943E-02 -1.9052289E-02 -1.8628430E-02
  110.599291 -2.2147366E-02 -2.1653906E-02 -2.0907964E-02 -2.0442118E-02
  110.799289 -2.4067051E-02 -2.3529990E-02 -2.2712152E-02 -2.2205326E-02
  110.999286 -2.5888224E-02 -2.5309614E-02 -2.4463039E-02 -2.3916283E-02
  111.199284 -2.7606036E-02 -2.6988044E-02 -2.6159080E-02 -2.5573479E-02
  111.399281 -2.9219784E-02 -2.8564598E-02 -2.7798920E-02 -2.7175593E-02
  111.599278 -3.0732905E-02 -3.0042645E-02 -2.9381446E-02 -2.8721539E-02
  111.799276 -3.2152542E-02 -3.1429174E-02 -3.0905748E-02 -3.0210431E-02
  111.999273 -3.3488805E-02 -3.2734078E-02 -3.2371083E-02 -3.1641546E-02
  112.199271 -3.4753862E-02 -3.3969255E-02 -3.3776913E-02 -3.3014362E-02
  112.399268 -3.5960760E-02 -3.5147462E-02 -3.5122827E-02 -3.4328481E-02
  112.599266 -3.7122291E-02 -3.6281208E-02 -3.6408577E-02 -3.5583665E-02
  112.799263 -3.8249804E-02 -3.7381587E-02 -3.7634007E-02 -3.6779768E-02
  112.999260 -3.9352244E-02 -3.8457341E-02 -3.8799077E-02 -3.7916753E-02
  113.199258 -4.0435350E-02 -3.9514082E-02 -3.9903819E-02 -3.8994661E-02
  113.399255 -4.1501167E-02 -4.0553805E-02 -4.0948310E-02 -4.0013569E-02
  113.599253 -4.2547919E-02 -4.1574779E-02 -4.1932687E-02 -4.0973618E-02
  113.799250 -4.3570170E-02 -4.2571690E-02 -4.2857091E-02 -4.1874952E-02
  113.999248 -4.4559369E-02 -4.3536185E-02 -4.3721697E-02 -4.2717749E-02
  114.199245 -4.5504605E-02 -4.4457609E-02 -4.4526665E-02 -4.3502170E-02
  114.399242 -4.6393634E-02 -4.5324002E-02 -4.5272165E-02 -4.4228389E-02
  114.599240 -4.7213969E-02 -4.6123173E-02 -4.5958360E-02 -4.4896573E-02
  114.799237 -4.7953993E-02 -4.6843782E-02 -4.6585400E-02 -4.5506874E-02
  114.999235 -4.8604024E-02 -4.7476383E-02 -4.7153442E-02 -4.6059455E-02
  115.199232 -4.9157155E-02 -4.8014240E-02 -4.7662635E-02 -4.6554468E-02
  115.399230 -4.9609886E-02 -4.8453948E-02 -4.8113146E-02 -4.6992083E-02
  115.599227 -4.9962418E-02 -4.8795719E-02 -4.8505146E-02 -4.7372477E-02
  115.799224 -5.0218649E-02 -4.9043374E-02 -4.8838839E-02 -4.7695856E-02
  115.999222 -5.0385822E-02 -4.9204001E-02 -4.9114454E-02 -4.7962454E-02
  116.199219 -5.0473889E-02 -4.9287332E-02 -4.9332258E-02 -4.8172538E-02
  116.399217 -5.0494643E-02 -4.9304892E-02 -4.9492561E-02 -4.8326422E-02
  116.599214 -5.0460685E-02 -4.9268999E-02 -4.9595721E-02 -4.8424462E-02
  116.799212 -5.0384339E-02 -4.9191692E-02 -4.9642146E-02 -4.8467068E-02
  116.999209 -5.0276590E-02 -4.9083705E-02 -4.9632298E-02 -4.8454699E-02
  117.199206 -5.0146155E-02 -4.8953550E-02 -4.9566692E-02 -4.8387868E-02
  117.399204 -4.9998755E-02 -4.8806818E-02 -4.9445897E-02 -4.8267140E-02
  117.599201 -4.9836675E-02 -4.8645742E-02 -4.9270536E-02 -4.8093132E-02
  117.799199 -4.9658619E-02 -4.8469060E-02 -4.9041282E-02 -4.7866511E-02
  117.999196 -4.9459896E-02 -4.8272198E-02 -4.8758862E-02 -4.7587998E-02
  118.199193 -4.9232911E-02 -4.8047746E-02 -4.8424054E-02 -4.7258360E-02
  118.399191 -4.8967910E-02 -4.7786192E-02 -4.8037684E-02 -4.6878414E-02
  118.599188 -4.8653934E-02 -4.7476849E-02 -4.7600638E-02 -4.6449036E-02
  118.799186 -4.8279856E-02 -4.7108871E-02 -4.7113848E-02 -4.5971143E-02
  118.999183 -4.7835468E-02 -4.6672309E-02 -4.6578311E-02 -4.5445720E-02
  119.199181 -4.7312454E-02 -4.6159062E-02 -4.5995074E-02 -4.4873798E-02
  119.399178 -4.6705228E-02 -4.5563700E-02 -4.5365259E-02 -4.4256481E-02
  119.599175 -4.6011511E-02 -4.4884013E-02 -4.4690041E-02 -4.3594926E-02
  119.799173 -4.5232625E-02 -4.4121312E-02 -4.3970664E-02 -4.2890356E-02
  119.999170 -4.4373498E-02 -4.3280419E-02 -4.3208449E-02 -4.2144069E-02
  120.199168 -4.3442301E-02 -4.2369321E-02 -4.2404774E-02 -4.1357420E-02
  120.399165 -4.2449872E-02 -4.1398604E-02 -4.1561098E-02 -4.0531840E-02
  120.599163 -4.1408847E-02 -4.0380604E-02 -4.0678930E-02 -3.9668811E-02
  120.799160 -4.0332703E-02 -3.9328473E-02 -3.9759860E-02 -3.8769893E-02
  120.999157 -3.9234672E-02 -3.8255123E-02 -3.8805525E-02 -3.7836690E-02
  121.199155 -3.8126728E-02 -3.7172234E-02 -3.7817612E-02 -3.6870857E-02
  121.399152 -3.7018698E-02 -3.6089392E-02 -3.6797878E-02 -3.5874115E-02
  121.599150 -3.5917517E-02 -3.5013357E-02 -3.5748103E-02 -3.4848208E-02
  121.799147 -3.4826817E-02 -3.3947672E-02 -3.4670133E-02 -3.3794943E-02
  121.999145 -3.3746739E-02 -3.2892473E-02 -3.3565832E-02 -3.2716146E-02
  122.199142 -3.2674134E-02 -3.1844692E-02 -3.2437129E-02 -3.1613703E-02
  122.399139 -3.1602982E-02 -3.0798460E-02 -3.1285977E-02 -3.0489525E-02
  122.599137 -3.0525117E-02 -2.9745823E-02 -3.0114376E-02 -2.9345568E-02
  122.799134 -2.9431151E-02 -2.8677637E-02 -2.8924395E-02 -2.8183855E-02
  122.999132 -2.8311444E-02 -2.7584514E-02 -2.7718139E-02 -2.7006442E-02
  123.199129 -2.7157187E-02 -2.6457879E-02 -2.6497799E-02 -2.5815471E-02
  123.399127 -2.5961323E-02 -2.5290869E-02 -2.5265622E-02 -2.4613134E-02
  123.599124 -2.4719412E-02 -2.4079169E-02 -2.4023957E-02 -2.3401727E-02
  123.799121 -2.3430176E-02 -2.2821547E-02 -2.2775228E-02 -2.2183612E-02
  123.999119 -2.2095834E-02 -2.1520177E-02 -2.1521951E-02 -2.0961245E-02
  124.199116 -2.0722138E-02 -2.0180674E-02 -2.0266761E-02 -1.9737196E-02
  124.399114 -1.9318044E-02 -1.8811769E-02 -1.9012366E-02 -1.8514102E-02
  124.599111 -1.7895199E-02 -1.7424815E-02 -1.7761591E-02 -1.7294719E-02
  124.799109 -1.6467110E-02 -1.6032968E-02 -1.6517326E-02 -1.6081860E-02
  124.999106 -1.5048253E-02 -1.4650325E-02 -1.5282560E-02 -1.4878436E-02
  125.199103 -1.3653014E-02 -1.3290891E-02 -1.4060326E-02 -1.3687400E-02
  125.399101 -1.2294716E-02 -1.1967631E-02 -1.2853703E-02 -1.2511747E-02
  125.599098 -1.0984741E-02 -1.0691618E-02 -1.1665808E-02 -1.1354511E-02
  125.799096 -9.7317745E-03 -9.4712928E-03 -1.0499741E-02 -1.0218704E-02
  125.999093 -8.5413769E-03 -8.3120567E-03 -9.3586007E-03 -9.1073396E-03
  126.199090 -7.4157462E-03 -7.2160346E-03 -8.2454271E-03 -8.0233715E-03
  126.399088 -6.3538340E-03 -6.1821922E-03 -7.1631930E-03 -6.9696872E-03
  126.599085 -5.3517379E-03 -5.2067186E-03 -6.1148007E-03 -5.9491043E-03
  126.799083 -4.4032877E-03 -4.2835982E-03 -5.1030248E-03 -4.9643151E-03
  126.999080 -3.5008961E-03 -3.4054383E-03 -4.1305371E-03 -4.0179112E-03
  127.199078 -2.6364429E-03 -2.5643309E-03 -3.1998526E-03 -3.1123303E-03
  127.399075 -1.8022649E-03 -1.7528146E-03 -2.3133561E-03 -2.2498825E-03
  127.599072 -9.9202207E-04 -9.6471735E-04 -1.4732596E-03 -1.4327092E-03
  127.799070 -2.0147251E-04 -1.9590960E-04 -6.8160989E-04 -6.6278977E-04
  127.999067  5.7095787E-04  5.5514303E-04  5.9707626E-05  5.8053797E-05
  128.199065  1.3238972E-03  1.2871103E-03  7.4900170E-04  7.2818931E-04
  128.399062  2.0529706E-03  1.9957432E-03  1.3847519E-03  1.3461513E-03
  128.599060  2.7510845E-03  2.6741516E-03  1.9656429E-03  1.9106746E-03
  128.799057  3.4089106E-03  3.3132763E-03  2.4905477E-03  2.4206773E-03
  128.999054  4.0156364E-03  3.9026187E-03  2.9585577E-03  2.8752909E-03
  129.199052  4.5598270E-03  4.4310796E-03  3.3689855E-03  3.2738617E-03
  129.399049  5.0303633E-03  4.8878712E-03  3.7213726E-03  3.6159595E-03
  129.599047  5.4173951E-03  5.2634426E-03  4.0155187E-03  3.9014049E-03
  129.799044  5.7131643E-03  5.5502790E-03  4.2514834E-03  4.1302714E-03
  129.999042  5.9126970E-03  5.7435739E-03  4.4296145E-03  4.3029126E-03
  130.199039  6.0142465E-03  5.8416572E-03  4.5505541E-03  4.4199680E-03
  130.399036  6.0194953E-03  5.8461902E-03  4.6152598E-03  4.4823835E-03
  130.599034  5.9334685E-03  5.7620798E-03  4.6250129E-03  4.4914191E-03
  130.799031  5.7641895E-03  5.5971431E-03  4.5814273E-03  4.4486574E-03
  130.999029  5.5220963E-03  5.3615385E-03  4.4864533E-03  4.3560073E-03
  131.199026  5.2192872E-03  5.0670327E-03  4.3423782E-03  4.2157045E-03
  131.399024  4.8686387E-03  4.7261432E-03  4.1518164E-03  4.0303009E-03
  131.599021  4.4829097E-03  4.3512687E-03  3.9177025E-03  3.8026589E-03
  131.799018  4.0738675E-03  3.9538407E-03  3.6432681E-03  3.5359279E-03
  131.999016  3.6515497E-03  3.5436073E-03  3.3320204E-03  3.2335235E-03
  132.199013  3.2237106E-03  3.1280976E-03  2.9877203E-03  2.8991066E-03
  132.399011  2.7954761E-03  2.7122872E-03  2.6143400E-03  2.5365414E-03
  132.599008  2.3692849E-03  2.2985427E-03  2.2160420E-03  2.1498753E-03
  132.799006  1.9450533E-03  1.8867831E-03  1.7971280E-03  1.7432893E-03
  132.999003  1.5206112E-03  1.4749034E-03  1.3620180E-03  1.3210774E-03
  133.199000  1.0923005E-03  1.0593568E-03  9.1519882E-04  8.8759643E-04
  133.398998  6.5573239E-04  6.3588884E-04  4.6119419E-04  4.4723768E-04
  133.598995  2.0660946E-04  2.0033600E-04  4.5382459E-06  4.4004472E-06
  133.798993 -2.5848369E-04 -2.5060859E-04 -4.5027195E-04 -4.3655372E-04
  133.998990 -7.4134180E-04 -7.1867917E-04 -8.9878689E-04 -8.7131120E-04
  134.198987 -1.2415858E-03 -1.2035021E-03 -1.3366463E-03 -1.2956467E-03
  134.398985 -1.7562914E-03 -1.7022368E-03 -1.7595949E-03 -1.7054386E-03
  134.598982 -2.2798534E-03 -2.2094461E-03 -2.1634966E-03 -2.0966826E-03
  134.798980 -2.8041284E-03 -2.7172351E-03 -2.5443675E-03 -2.4655236E-03
  134.998977 -3.3187767E-03 -3.2155849E-03 -2.8983760E-03 -2.8082558E-03
  135.198975 -3.8118568E-03 -3.6929285E-03 -3.2218741E-03 -3.1213530E-03
  135.398972 -4.2705353E-03 -4.1368406E-03 -3.5113977E-03 -3.4014688E-03
  135.598969 -4.6819301E-03 -4.5348541E-03 -3.7636936E-03 -3.6454627E-03
  135.798967 -5.0339486E-03 -4.8752721E-03 -3.9757292E-03 -3.8504092E-03
  135.998964 -5.3160780E-03 -5.1479331E-03 -4.1447058E-03 -4.0136109E-03
  136.198962 -5.5200694E-03 -5.3448722E-03 -4.2680818E-03 -4.1326204E-03
  136.398959 -5.6404199E-03 -5.4607869E-03 -4.3435826E-03 -4.2052506E-03
  136.598957 -5.6746516E-03 -5.4933058E-03 -4.3692224E-03 -4.2295944E-03
  136.798954 -5.6233343E-03 -5.4430087E-03 -4.3433170E-03 -4.2040381E-03
  136.998951 -5.4898719E-03 -5.3132182E-03 -4.2645007E-03 -4.1272772E-03
  137.198949 -5.2800604E-03 -5.1095709E-03 -4.1317378E-03 -3.9983268E-03
  137.398946 -5.0014730E-03 -4.8394202E-03 -3.9443364E-03 -3.8165360E-03
  137.598944 -4.6627066E-03 -4.5111071E-03 -3.7019509E-03 -3.5815887E-03
  137.798941 -4.2725907E-03 -4.1331937E-03 -3.4045930E-03 -3.2935151E-03
  137.998939 -3.8393871E-03 -3.7136892E-03 -3.0526213E-03 -2.9526814E-03
  138.198936 -3.3701033E-03 -3.2593863E-03 -2.6467487E-03 -2.5597958E-03
  138.398933 -2.8699238E-03 -2.7753115E-03 -2.1880205E-03 -2.1158884E-03
  138.598931 -2.3418572E-03 -2.2643851E-03 -1.6778044E-03 -1.6223001E-03
  138.798928 -1.7866115E-03 -1.7273020E-03 -1.1177805E-03 -1.0806739E-03
  138.998926 -1.2026781E-03 -1.1626142E-03 -5.0990063E-04 -4.9291471E-04
  139.198923 -5.8668040E-04 -5.6706866E-04  1.4361504E-04  1.3881423E-04
  139.398921  6.6131507E-05  6.3913133E-05  8.4033054E-04  8.1214174E-04
  139.598918  7.6119600E-04  7.3557265E-04  1.5775977E-03  1.5244926E-03
  139.798915  1.5039215E-03  1.4531198E-03  2.3526105E-03  2.2731405E-03
  139.998913  2.2989265E-03  2.2209986E-03  3.1624264E-03  3.0552280E-03
  140.198910  3.1493338E-03  3.0422060E-03  4.0039829E-03  3.8677834E-03
  140.398908  4.0562312E-03  3.9177717E-03  4.8741552E-03  4.7077758E-03
  140.598905  5.0182459E-03  4.8463485E-03  5.7697486E-03  5.5721088E-03
  140.798903  6.0314046E-03  5.8240785E-03  6.6875580E-03  6.4576771E-03
  140.998900  7.0891504E-03  6.8446112E-03  7.6243542E-03  7.3613532E-03
  141.198897  8.1826636E-03  7.8994146E-03  8.5769342E-03  8.2800372E-03
  141.398895  9.3013375E-03  8.9782358E-03  9.5421255E-03  9.2106595E-03
  141.598892  1.0433414E-02  1.0069716E-02  1.0516785E-02  1.0150181E-02
  141.798890  1.1566784E-02  1.1162162E-02  1.1497847E-02  1.1095637E-02
  141.998887  1.2689737E-02  1.2244275E-02  1.2482292E-02  1.2044112E-02
  142.198884  1.3791773E-02  1.3305925E-02  1.3467193E-02  1.2992779E-02
  142.398882  1.4864250E-02  1.4338782E-02  1.4449710E-02  1.3938896E-02
  142.598879  1.5900878E-02  1.5336789E-02  1.5427078E-02  1.4879797E-02
  142.798877  1.6898067E-02  1.6296496E-02  1.6396654E-02  1.5812933E-02
  142.998874  1.7854962E-02  1.7217090E-02  1.7355882E-02  1.6735840E-02
  143.198872  1.8773326E-02  1.8100287E-02  1.8302338E-02  1.7646184E-02
  143.398869  1.9657124E-02  1.8949921E-02  1.9233694E-02  1.8541725E-02
  143.598866  2.0511991E-02  1.9771436E-02  2.0147765E-02  1.9420360E-02
  143.798864  2.1344518E-02  2.0571195E-02  2.1042488E-02  2.0280108E-02
  143.998861  2.2161467E-02  2.1355720E-02  2.1915919E-02  2.1119099E-02
  144.198859  2.2969023E-02  2.2130975E-02  2.2766262E-02  2.1935613E-02
  144.398856  2.3772050E-02  2.2901650E-02  2.3591839E-02  2.2728038E-02
  144.598854  2.4573546E-02  2.3670633E-02  2.4391114E-02  2.3494904E-02
  144.798851  2.5374206E-02  2.4438592E-02  2.5162664E-02  2.4234850E-02
  144.998848  2.6172268E-02  2.5203829E-02  2.5905198E-02  2.4946641E-02
  145.198846  2.6963549E-02  2.5962318E-02  2.6617534E-02  2.5629151E-02
  145.398843  2.7741706E-02  2.6707952E-02  2.7298586E-02  2.6281345E-02
  145.598841  2.8498739E-02  2.7433037E-02  2.7947371E-02  2.6902287E-02
  145.798838  2.9225598E-02  2.8128867E-02  2.8562974E-02  2.7491108E-02
  145.998836  2.9912939E-02  2.8786462E-02  2.9144557E-02  2.8047016E-02
  146.198833  3.0551866E-02  2.9397278E-02  2.9691325E-02  2.8569257E-02
  146.398830  3.1134685E-02  2.9953929E-02  3.0202532E-02  2.9057127E-02
  146.598828  3.1655516E-02  3.0450782E-02  3.0677460E-02  2.9509948E-02
  146.798825  3.2110756E-02  3.0884395E-02  3.1115402E-02  2.9927055E-02
  146.998823  3.2499357E-02  3.1253787E-02  3.1515671E-02  3.0307802E-02
  147.198820  3.2822848E-02  3.1560453E-02  3.1877577E-02  3.0651538E-02
  147.398818  3.3085149E-02  3.1808188E-02  3.2200438E-02  3.0957624E-02
  147.598815  3.3292155E-02  3.2002685E-02  3.2483565E-02  3.1225413E-02
  147.798812  3.3451157E-02  3.2150972E-02  3.2726281E-02  3.1454270E-02
  147.998810  3.3570123E-02  3.2260725E-02  3.2927915E-02  3.1643566E-02
  148.198807  3.3656923E-02  3.2339524E-02  3.3087812E-02  3.1792689E-02
  148.398805  3.3718571E-02  3.2394120E-02  3.3205348E-02  3.1901056E-02
  148.598802  3.3760532E-02  3.2429773E-02  3.3279936E-02  3.1968121E-02
  148.798800  3.3786176E-02  3.2449727E-02  3.3311045E-02  3.1993391E-02
  148.998797  3.3796422E-02  3.2454873E-02  3.3298207E-02  3.1976434E-02
  149.198794  3.3789605E-02  3.2443617E-02  3.3241035E-02  3.1916899E-02
  149.398792  3.3761582E-02  3.2411989E-02  3.3139234E-02  3.1814519E-02
  149.598789  3.3706062E-02  3.2353961E-02  3.2992609E-02  3.1669128E-02
  149.798787  3.3615148E-02  3.2261964E-02  3.2801075E-02  3.1480661E-02
  149.998784  3.3480021E-02  3.2127550E-02  3.2564666E-02  3.1249172E-02
  150.198781  3.3291726E-02  3.1942147E-02  3.2283532E-02  3.0974823E-02
  150.398779  3.3041980E-02  3.1697832E-02  3.1957939E-02  3.0657890E-02
  150.598776  3.2723938E-02  3.1388065E-02  3.1588274E-02  3.0298762E-02
  150.798774  3.2332829E-02  3.1008301E-02  3.1175026E-02  2.9897927E-02
  150.998771  3.1866443E-02  3.0556452E-02  3.0718790E-02  2.9455977E-02
  151.198769  3.1325372E-02  3.0033118E-02  3.0220242E-02  2.8973578E-02
  151.398766  3.0713042E-02  2.9441618E-02  2.9680146E-02  2.8451480E-02
  151.598763  3.0035470E-02  2.8787749E-02  2.9099318E-02  2.7890486E-02
  151.798761  2.9300817E-02  2.8079362E-02  2.8478628E-02  2.7291447E-02
  151.998758  2.8518762E-02  2.7325756E-02  2.7818990E-02  2.6655258E-02
  152.198756  2.7699704E-02  2.6536917E-02  2.7121334E-02  2.5982826E-02
  152.398753  2.6853962E-02  2.5722745E-02  2.6386621E-02  2.5275091E-02
  152.598751  2.5990912E-02  2.4892233E-02  2.5615809E-02  2.4532987E-02
  152.798748  2.5118280E-02  2.4052789E-02  2.4809879E-02  2.3757469E-02
  152.998745  2.4241513E-02  2.3209631E-02  2.3969805E-02  2.2949489E-02
  153.198743  2.3363393E-02  2.2365428E-02  2.3096571E-02  2.2110003E-02
  153.398740  2.2483890E-02  2.1520151E-02  2.2191189E-02  2.1239996E-02
  153.598738  2.1600215E-02  2.0671134E-02  2.1254672E-02  2.0340453E-02
  153.798735  2.0707192E-02  1.9813426E-02  2.0288082E-02  1.9412406E-02
  153.998733  1.9797764E-02  1.8940283E-02  1.9292504E-02  1.8456907E-02
  154.198730  1.8863747E-02  1.8043884E-02  1.8269093E-02  1.7475075E-02
  154.398727  1.7896618E-02  1.7116090E-02  1.7219052E-02  1.6468075E-02
  154.598725  1.6888383E-02  1.6149273E-02  1.6143655E-02  1.5437139E-02
  154.798722  1.5832409E-02  1.5137113E-02  1.5044274E-02  1.4383590E-02
  154.998720  1.4724094E-02  1.4075232E-02  1.3922343E-02  1.3308812E-02
  155.198717  1.3561441E-02  1.2961746E-02  1.2779408E-02  1.2214295E-02
  155.398715  1.2345322E-02  1.1797517E-02  1.1617084E-02  1.1101594E-02
  155.598712  1.1079597E-02  1.0586257E-02  1.0437095E-02  9.9723639E-03
  155.798709  9.7708763E-03  9.3343075E-03  9.2412266E-03  8.8283229E-03
  155.998707  8.4281207E-03  8.0502475E-03  8.0313396E-03  7.6712560E-03
  156.198704  7.0620339E-03  6.7443169E-03  6.8093733E-03  6.5030234E-03
  156.398702  5.6842454E-03  5.4276330E-03  5.5772921E-03  5.3255081E-03
  156.598699  4.3065162E-03  4.1114312E-03  4.3371205E-03  4.1406491E-03
  156.798697  2.9398285E-03  2.8061961E-03  3.0908792E-03  2.9503806E-03
  156.998694  1.5936551E-03  1.5209650E-03  1.8406204E-03  1.7566658E-03
  157.198691  2.7526253E-04  2.6266407E-04  5.8837113E-04  5.6144203E-04
  157.398689 -1.0107236E-03 -9.6430508E-04 -6.6386122E-04 -6.3337269E-04
  157.598686 -2.2625240E-03 -2.1582587E-03 -1.9140803E-03 -1.8258725E-03
  157.798684 -3.4812234E-03 -3.3202459E-03 -3.1603538E-03 -3.0142139E-03
  157.998681 -4.6704463E-03 -4.4537374E-03 -4.4007704E-03 -4.1965745E-03
  158.198678 -5.8359046E-03 -5.5641914E-03 -5.6334888E-03 -5.3711999E-03
  158.398676 -6.9847037E-03 -6.6583915E-03 -6.8567220E-03 -6.5363888E-03
  158.598673 -8.1245353E-03 -7.7436751E-03 -8.0687210E-03 -7.6904773E-03
  158.798671 -9.2628776E-03 -8.8271716E-03 -9.2678189E-03 -8.8318805E-03
  158.998668 -1.0406137E-02 -9.9149848E-03 -1.0452382E-02 -9.9590467E-03
  159.198666 -1.1558983E-02 -1.1011558E-02 -1.1620858E-02 -1.1070502E-02
  159.398663 -1.2723744E-02 -1.2119104E-02 -1.2771728E-02 -1.2164808E-02
  159.598660 -1.3900115E-02 -1.3237326E-02 -1.3903548E-02 -1.3240594E-02
  159.798658 -1.5085034E-02 -1.4363299E-02 -1.5014932E-02 -1.4296551E-02
  159.998655 -1.6272815E-02 -1.5491606E-02 -1.6104537E-02 -1.5331407E-02
  160.198653 -1.7455572E-02 -1.6614738E-02 -1.7171102E-02 -1.6343971E-02
  160.398650 -1.8623765E-02 -1.7723616E-02 -1.8213406E-02 -1.7333091E-02
  160.598648 -1.9766979E-02 -1.8808337E-02 -1.9230314E-02 -1.8297699E-02
  160.798645 -2.0874705E-02 -1.9858914E-02 -2.0220734E-02 -1.9236766E-02
  160.998642 -2.1937213E-02 -2.0866108E-02 -2.1183654E-02 -2.0149343E-02
  161.198640 -2.2946312E-02 -2.1822150E-02 -2.2118127E-02 -2.1034539E-02
  161.398637 -2.3895976E-02 -2.2721337E-02 -2.3023250E-02 -2.1891511E-02
  161.598635 -2.4782839E-02 -2.3560495E-02 -2.3898196E-02 -2.2719485E-02
  161.798632 -2.5606385E-02 -2.4339166E-02 -2.4742172E-02 -2.3517722E-02
  161.998630 -2.6368965E-02 -2.5059614E-02 -2.5554440E-02 -2.4285534E-02
  162.198627 -2.7075494E-02 -2.5726537E-02 -2.6334280E-02 -2.5022252E-02
  162.398624 -2.7732985E-02 -2.6346627E-02 -2.7081004E-02 -2.5727238E-02
  162.598622 -2.8349866E-02 -2.6927912E-02 -2.7793930E-02 -2.6399861E-02
  162.798619 -2.8935164E-02 -2.7478985E-02 -2.8472366E-02 -2.7039478E-02
  162.998617 -2.9497677E-02 -2.8008215E-02 -2.9115618E-02 -2.7645448E-02
  163.198614 -3.0045113E-02 -2.8522930E-02 -2.9722957E-02 -2.8217095E-02
  163.398612 -3.0583369E-02 -2.9028735E-02 -3.0293634E-02 -2.8753728E-02
  163.598609 -3.1115927E-02 -2.9528936E-02 -3.0826858E-02 -2.9254610E-02
  163.798606 -3.1643490E-02 -3.0024205E-02 -3.1321807E-02 -2.9718984E-02
  163.998604 -3.2163842E-02 -3.0512441E-02 -3.1777630E-02 -3.0146059E-02
  164.198601 -3.2671957E-02 -3.0988880E-02 -3.2193442E-02 -3.0535016E-02
  164.398599 -3.3160378E-02 -3.1446456E-02 -3.2568352E-02 -3.0885029E-02
  164.598596 -3.3619773E-02 -3.1876330E-02 -3.2901457E-02 -3.1195265E-02
  164.798594 -3.4039689E-02 -3.2268608E-02 -3.3191878E-02 -3.1464909E-02
  164.998591 -3.4409374E-02 -3.2613119E-02 -3.3438757E-02 -3.1693171E-02
  165.198588 -3.4718656E-02 -3.2900250E-02 -3.3641290E-02 -3.1879311E-02
  165.398586 -3.4958752E-02 -3.3121709E-02 -3.3798738E-02 -3.2022653E-02
  165.598583 -3.5122971E-02 -3.3271195E-02 -3.3910442E-02 -3.2122594E-02
  165.798581 -3.5207240E-02 -3.3344889E-02 -3.3975837E-02 -3.2178623E-02
  165.998578 -3.5210403E-02 -3.3341738E-02 -3.3994464E-02 -3.2190331E-02
  166.198575 -3.5134282E-02 -3.3263510E-02 -3.3965974E-02 -3.2157411E-02
  166.398573 -3.4983471E-02 -3.3114596E-02 -3.3890130E-02 -3.2079662E-02
  166.598570 -3.4764921E-02 -3.2901611E-02 -3.3766804E-02 -3.1956991E-02
  166.798568 -3.4487299E-02 -3.2632795E-02 -3.3595971E-02 -3.1789398E-02
  166.998565 -3.4160238E-02 -3.2317293E-02 -3.3377701E-02 -3.1576974E-02
  167.198563 -3.3793487E-02 -3.1964350E-02 -3.3112140E-02 -3.1319882E-02
  167.398560 -3.3396076E-02 -3.1582530E-02 -3.2799502E-02 -3.1018352E-02
  167.598557 -3.2975540E-02 -3.1178973E-02 -3.2440049E-02 -3.0672656E-02
  167.798555 -3.2537291E-02 -3.0758807E-02 -3.2034076E-02 -3.0283098E-02
  167.998552 -3.2084176E-02 -3.0324735E-02 -3.1581905E-02 -2.9850008E-02
  168.198550 -3.1616255E-02 -2.9876822E-02 -3.1083864E-02 -2.9373721E-02
  168.398547 -3.1130847E-02 -2.9412541E-02 -3.0540293E-02 -2.8854584E-02
  168.598545 -3.0622784E-02 -2.8927023E-02 -2.9951528E-02 -2.8292938E-02
  168.798542 -3.0084919E-02 -2.8413529E-02 -2.9317918E-02 -2.7689140E-02
  168.998539 -2.9508773E-02 -2.7864070E-02 -2.8639823E-02 -2.7043552E-02
  169.198537 -2.8885315E-02 -2.7270142E-02 -2.7917622E-02 -2.6356559E-02
  169.398534 -2.8205801E-02 -2.6623517E-02 -2.7151750E-02 -2.5628596E-02
  169.598532 -2.7462549E-02 -2.5916977E-02 -2.6342687E-02 -2.4860140E-02
  169.798529 -2.6649678E-02 -2.5145009E-02 -2.5491007E-02 -2.4051757E-02
  169.998527 -2.5763630E-02 -2.4304293E-02 -2.4597372E-02 -2.3204096E-02
  170.198524 -2.4803559E-02 -2.3394076E-02 -2.3662584E-02 -2.2317938E-02
  170.398521 -2.3771436E-02 -2.2416255E-02 -2.2687572E-02 -2.1394181E-02
  170.598519 -2.2671944E-02 -2.1375288E-02 -2.1673424E-02 -2.0433875E-02
  170.798516 -2.1512171E-02 -2.0277893E-02 -2.0621411E-02 -1.9438241E-02
  170.998514 -2.0301042E-02 -1.9132517E-02 -1.9532961E-02 -1.8408647E-02
  171.198511 -1.9048695E-02 -1.7948742E-02 -1.8409705E-02 -1.7346651E-02
  171.398509 -1.7765675E-02 -1.6736526E-02 -1.7253430E-02 -1.6253955E-02
  171.598506 -1.6462212E-02 -1.5505524E-02 -1.6066116E-02 -1.5132446E-02
  171.798503 -1.5147448E-02 -1.4264355E-02 -1.4849885E-02 -1.3984141E-02
  171.998501 -1.3828842E-02 -1.3020054E-02 -1.3607007E-02 -1.2811193E-02
  172.198498 -1.2511747E-02 -1.1777659E-02 -1.2339897E-02 -1.1615892E-02
  172.398496 -1.1199112E-02 -1.0539949E-02 -1.1051056E-02 -1.0400608E-02
  172.598493 -9.8915141E-03 -9.3074649E-03 -9.7431035E-03 -9.1678172E-03
  172.798491 -8.5872991E-03 -8.0786490E-03 -8.4187048E-03 -7.9200411E-03
  172.998488 -7.2830346E-03 -6.8502728E-03 -7.0806093E-03 -6.6598757E-03
  173.198485 -5.9740245E-03 -5.6179213E-03 -5.7315886E-03 -5.3899367E-03
  173.398483 -4.6550017E-03 -4.3766464E-03 -4.3744446E-03 -4.1128658E-03
  173.598480 -3.3208720E-03 -3.1216668E-03 -3.0120208E-03 -2.8313423E-03
  173.798478 -1.9673777E-03 -1.8489908E-03 -1.6471490E-03 -1.5480319E-03
  173.998475 -5.9178241E-04 -5.5605978E-04 -2.8270024E-04 -2.6563519E-04
  174.198472  8.0667870E-04  7.5783082E-04  1.0784648E-03  1.0131591E-03
  174.398470  2.2264591E-03  2.0912139E-03  2.4334745E-03  2.2856542E-03
  174.598467  3.6635651E-03  3.4403254E-03  3.7794256E-03  3.5491259E-03
  174.798465  5.1117068E-03  4.7992484E-03  5.1134290E-03  4.8008654E-03
  174.998462  6.5625463E-03  6.1601486E-03  6.4325562E-03  6.0381292E-03
  175.198460  8.0062394E-03  7.5137842E-03  7.7338931E-03  7.2581896E-03
  175.398457  9.4319946E-03  8.8500320E-03  9.0144902E-03  8.4582880E-03
  175.598454  1.0828820E-02  1.0158589E-02  1.0271413E-02  9.6356825E-03
  175.798452  1.2186215E-02  1.1429623E-02  1.1501731E-02  1.0787635E-02
  175.998449  1.3494816E-02  1.2654373E-02  1.2702504E-02  1.1911405E-02
  176.198447  1.4747010E-02  1.3825730E-02  1.3870841E-02  1.3004298E-02
  176.398444  1.5937292E-02  1.4938565E-02  1.5003864E-02  1.4063631E-02
  176.598442  1.7062538E-02  1.5989985E-02  1.6098765E-02  1.5086795E-02
  176.798439  1.8121974E-02  1.6979302E-02  1.7152777E-02  1.6071217E-02
  176.998436  1.9117030E-02  1.7907892E-02  1.8163228E-02  1.7014417E-02
  177.198434  2.0050945E-02  1.8778826E-02  1.9127532E-02  1.7913998E-02
  177.398431  2.0928225E-02  1.9596358E-02  2.0043191E-02  1.8767647E-02
  177.598429  2.1754049E-02  2.0365368E-02  2.0907838E-02  1.9573175E-02
  177.798426  2.2533551E-02  2.1090690E-02  2.1719206E-02  2.0328489E-02
  177.998424  2.3271189E-02  2.1776524E-02  2.2475171E-02  2.1031633E-02
  178.198421  2.3970131E-02  2.2425858E-02  2.3173728E-02  2.1680762E-02
  178.398418  2.4631812E-02  2.3040054E-02  2.3813015E-02  2.2274170E-02
  178.598416  2.5255631E-02  2.3618574E-02  2.4391313E-02  2.2810280E-02
  178.798413  2.5838840E-02  2.4158869E-02  2.4907033E-02  2.3287645E-02
  178.998411  2.6376668E-02  2.4656502E-02  2.5358748E-02  2.3704967E-02
  179.198408  2.6862591E-02  2.5105404E-02  2.5745172E-02  2.4061079E-02
  179.398406  2.7288819E-02  2.5498326E-02  2.6065182E-02  2.4354975E-02
  179.598403  2.7646863E-02  2.5827373E-02  2.6317819E-02  2.4585795E-02
  179.798400  2.7928213E-02  2.6084636E-02  2.6502301E-02  2.4752850E-02
  179.998398  2.8125012E-02  2.6262825E-02  2.6618034E-02  2.4855625E-02
  180.198395  2.8230688E-02  2.6355854E-02  2.6664619E-02  2.4893791E-02
  180.398393  2.8240499E-02  2.6359353E-02  2.6641876E-02  2.4867217E-02
  180.598390  2.8151923E-02  2.6271026E-02  2.6549848E-02  2.4775989E-02
  180.798388  2.7964875E-02  2.6090852E-02  2.6388820E-02  2.4620414E-02
  180.998385  2.7681731E-02  2.5821107E-02  2.6159334E-02  2.4401037E-02
  181.198382  2.7307147E-02  2.5466192E-02  2.5862190E-02  2.4118649E-02
  181.398380  2.6847713E-02  2.5032306E-02  2.5498461E-02  2.3774289E-02
  181.598377  2.6311460E-02  2.4526990E-02  2.5069497E-02  2.3369258E-02
  181.798375  2.5707251E-02  2.3958548E-02  2.4576918E-02  2.2905104E-02
  181.998372  2.5044154E-02  2.3335473E-02  2.4022620E-02  2.2383634E-02
  182.198370  2.4330785E-02  2.2665827E-02  2.3408750E-02  2.1806887E-02
  182.398367  2.3574769E-02  2.1956745E-02  2.2737714E-02  2.1177140E-02
  182.598364  2.2782260E-02  2.1213982E-02  2.2012138E-02  2.0496873E-02
  182.798362  2.1957653E-02  2.0441653E-02  2.1234853E-02  1.9768757E-02
  182.998359  2.1103470E-02  1.9642127E-02  2.0408890E-02  1.8995644E-02
  183.198357  2.0220400E-02  1.8816064E-02  1.9537418E-02  1.8180515E-02
  183.398354  1.9307570E-02  1.7962669E-02  1.8623756E-02  1.7326487E-02
  183.598351  1.8362905E-02  1.7080033E-02  1.7671318E-02  1.6436761E-02
  183.798349  1.7383649E-02  1.6165611E-02  1.6683592E-02  1.5514606E-02
  183.998346  1.6366952E-02  1.5216779E-02  1.5664142E-02  1.4563357E-02
  184.198344  1.5310423E-02  1.4231335E-02  1.4616541E-02  1.3586359E-02
  184.398341  1.4212710E-02  1.3208051E-02  1.3544404E-02  1.2586986E-02
  184.598339  1.3073914E-02  1.2147047E-02  1.2451321E-02  1.1568592E-02
  184.798336  1.1895950E-02  1.1050127E-02  1.1340895E-02  1.0534538E-02
  184.998333  1.0682659E-02  9.9208855E-03  1.0216690E-02  9.4881445E-03
  185.198331  9.4398097E-03  8.7646997E-03  9.0822448E-03  8.4327069E-03
  185.398328  8.1749135E-03  7.5885631E-03  7.9410810E-03  7.3715023E-03
  185.598326  6.8968305E-03  6.4007131E-03  6.7966639E-03  6.3077518E-03
  185.798323  5.6153375E-03  5.2102303E-03  5.6524444E-03  5.2446603E-03
  185.998321  4.3405137E-03  4.0264683E-03  4.5118112E-03  4.1853721E-03
  186.198318  3.0821967E-03  2.8585477E-03  3.3781333E-03  3.1330108E-03
  186.398315  1.8493632E-03  1.7147827E-03  2.2547166E-03  2.0906380E-03
  186.598313  6.4964646E-04  6.0223443E-04  1.1448148E-03  1.0612647E-03
  186.798310 -5.1103145E-04 -4.7362824E-04  5.1638514E-05  4.7859008E-05
  186.998308 -1.6287364E-03 -1.5091836E-03 -1.0216932E-03 -9.4669866E-04
  187.198305 -2.7015405E-03 -2.5026717E-03 -2.0721210E-03 -1.9195858E-03
  187.398303 -3.7294558E-03 -3.4541315E-03 -3.0967021E-03 -2.8680904E-03
  187.598300 -4.7141180E-03 -4.3651049E-03 -4.0925829E-03 -3.7895856E-03
  187.798297 -5.6584107E-03 -5.2382880E-03 -5.0570517E-03 -4.6815784E-03
  187.998295 -6.5659386E-03 -6.0770421E-03 -5.9875390E-03 -5.5417099E-03
  188.198292 -7.4404524E-03 -6.8848604E-03 -6.8816209E-03 -6.3677579E-03
  188.398290 -8.2853181E-03 -7.6648771E-03 -7.7370666E-03 -7.1576811E-03
  188.598287 -9.1029724E-03 -8.4193641E-03 -8.5518168E-03 -7.9095988E-03
  188.798285 -9.8945458E-03 -9.1493835E-03 -9.3240310E-03 -8.6218344E-03
  188.998282 -1.0659557E-02 -9.8545065E-03 -1.0052064E-02 -9.2928938E-03
  189.198279 -1.1395831E-02 -1.0532739E-02 -1.0734503E-02 -9.9214979E-03
  189.398277 -1.2099548E-02 -1.1180569E-02 -1.1370155E-02 -1.0506575E-02
  189.598274 -1.2765468E-02 -1.1793176E-02 -1.1958048E-02 -1.1047254E-02
  189.798272 -1.3387330E-02 -1.2364802E-02 -1.2497442E-02 -1.1542884E-02
  189.998269 -1.3958324E-02 -1.2889185E-02 -1.2987810E-02 -1.1993008E-02
  190.198267 -1.4471673E-02 -1.3360102E-02 -1.3428848E-02 -1.2397377E-02
  190.398264 -1.4921196E-02 -1.3771884E-02 -1.3820447E-02 -1.2755921E-02
  190.598261 -1.5301871E-02 -1.4119939E-02 -1.4162703E-02 -1.3068761E-02
  190.798259 -1.5610291E-02 -1.4401166E-02 -1.4455890E-02 -1.3336182E-02
  190.998256 -1.5844996E-02 -1.4614268E-02 -1.4700451E-02 -1.3558623E-02
  191.198254 -1.6006663E-02 -1.4759914E-02 -1.4896988E-02 -1.3736671E-02
  191.398251 -1.6098098E-02 -1.4840740E-02 -1.5046240E-02 -1.3871038E-02
  191.598248 -1.6124069E-02 -1.4861185E-02 -1.5149076E-02 -1.3962556E-02
  191.798246 -1.6090965E-02 -1.4827179E-02 -1.5206475E-02 -1.4012157E-02
  191.998243 -1.6006326E-02 -1.4745708E-02 -1.5219515E-02 -1.4020864E-02
  192.198241 -1.5878273E-02 -1.4624284E-02 -1.5189359E-02 -1.3989777E-02
  192.398238 -1.5714904E-02 -1.4470392E-02 -1.5117243E-02 -1.3920062E-02
  192.598236 -1.5523681E-02 -1.4290925E-02 -1.5004464E-02 -1.3812940E-02
  192.798233 -1.5310898E-02 -1.4091695E-02 -1.4852370E-02 -1.3669680E-02
  192.998230 -1.5081237E-02 -1.3877024E-02 -1.4662351E-02 -1.3491585E-02
  193.198228 -1.4837486E-02 -1.3649488E-02 -1.4435831E-02 -1.3279992E-02
  193.398225 -1.4580422E-02 -1.3409811E-02 -1.4174265E-02 -1.3036263E-02
  193.598223 -1.4308867E-02 -1.3156918E-02 -1.3879130E-02 -1.2761777E-02
  193.798220 -1.4019934E-02 -1.2888166E-02 -1.3551925E-02 -1.2457938E-02
  193.998218 -1.3709410E-02 -1.2599694E-02 -1.3194166E-02 -1.2126157E-02
  194.198215 -1.3372276E-02 -1.2286906E-02 -1.2807389E-02 -1.1767868E-02
  194.398212 -1.3003277E-02 -1.1944992E-02 -1.2393146E-02 -1.1384516E-02
  194.598210 -1.2597535E-02 -1.1569492E-02 -1.1953005E-02 -1.0977560E-02
  194.798207 -1.2151123E-02 -1.1156826E-02 -1.1488564E-02 -1.0548483E-02
  194.998205 -1.1661539E-02 -1.0704725E-02 -1.1001431E-02 -1.0098778E-02
  195.198202 -1.1128094E-02 -1.0212586E-02 -1.0493250E-02 -9.6299698E-03
  195.398200 -1.0552093E-02 -9.6816336E-03 -9.9656764E-03 -9.1435918E-03
  195.598197 -9.9368858E-03 -9.1149722E-03 -9.4204046E-03 -8.6412108E-03
  195.798194 -9.2877051E-03 -8.5174252E-03 -8.8591439E-03 -8.1244069E-03
  195.998192 -8.6113560E-03 -7.8952555E-03 -8.2836262E-03 -7.5947789E-03
  196.198189 -7.9157805E-03 -7.2557612E-03 -7.6956113E-03 -7.0539498E-03
  196.398187 -7.2094853E-03 -6.6067514E-03 -7.0968607E-03 -6.5035425E-03
  196.598184 -6.5009745E-03 -5.9560248E-03 -6.4891550E-03 -5.9451961E-03
  196.798182 -5.7981285E-03 -5.3108016E-03 -5.8742607E-03 -5.3805350E-03
  196.998179 -5.1076955E-03 -4.6772578E-03 -5.2539451E-03 -4.8111826E-03
  197.198176 -4.4348313E-03 -4.0601059E-03 -4.6299432E-03 -4.2387316E-03
  197.398174 -3.7828149E-03 -3.4623356E-03 -4.0039550E-03 -3.6647407E-03
  197.598171 -3.1529262E-03 -2.8851046E-03 -3.3776424E-03 -3.0907324E-03
  197.798169 -2.5444672E-03 -2.3277598E-03 -2.7525950E-03 -2.5181617E-03
  197.998166 -1.9549994E-03 -1.7880570E-03 -2.1303430E-03 -1.9484276E-03
  198.198164 -1.3806813E-03 -1.2624711E-03 -1.5123218E-03 -1.3828410E-03
  198.398161 -8.1676855E-04 -7.4665541E-04 -8.9988684E-04 -8.2263865E-04
  198.598158 -2.5814309E-04 -2.3592543E-04 -2.9428494E-04 -2.6895665E-04
  198.798156  3.0010780E-04  2.7421075E-04  3.0334168E-04  2.7716556E-04
  198.998153  8.6214156E-04  7.8755077E-04  8.9194938E-04  8.1477968E-04
  199.198151  1.4309164E-03  1.3067933E-03  1.4706142E-03  1.3430476E-03
  199.398148  2.0078244E-03  1.8332046E-03  2.0385058E-03  1.8612177E-03
  199.598145  2.5925166E-03  2.3664601E-03  2.5949037E-03  2.3686391E-03
  199.798143  3.1828663E-03  2.9046135E-03  3.1391807E-03  2.8647470E-03
  199.998140  3.7750995E-03  3.4442173E-03  3.6707869E-03  3.3490476E-03
