 # k       S(k)       S(k)_form^2       S(k)_Lorch          S(k)_Lorch_form^2
       0.200 -3.8681612E+00 -3.7646426E+00 -5.0835801E-01 -4.9475348E-01
       0.400 -3.5919348E+00 -3.4957885E+00 -4.5343332E-01 -4.4129614E-01
       0.600 -3.1559237E+00 -3.0714189E+00 -3.6656247E-01 -3.5674718E-01
       0.800 -2.5942020E+00 -2.5247044E+00 -2.5433974E-01 -2.4752609E-01
       1.000 -1.9498031E+00 -1.8975360E+00 -1.2521486E-01 -1.2185831E-01
       1.200 -1.2706695E+00 -1.2365815E+00  1.1200376E-02  1.0899906E-02
       1.400 -6.0524793E-01 -5.8899639E-01  1.4490675E-01  1.4101585E-01
       1.600  1.8055935E-03  1.7570609E-03  2.6630310E-01  2.5914514E-01
       1.800  5.1336822E-01  4.9955312E-01  3.6691288E-01  3.5703899E-01
       2.000  9.0267633E-01  8.7835265E-01  4.3998960E-01  4.2813356E-01
       2.200  1.1549840E+00  1.1238163E+00  4.8095275E-01  4.6797404E-01
       2.400  1.2679439E+00  1.2336733E+00  4.8762352E-01  4.7444382E-01
       2.600  1.2507468E+00  1.2168824E+00  4.6024987E-01  4.4778848E-01
       2.800  1.1221926E+00  1.0917521E+00  4.0133086E-01  3.9044440E-01
       3.000  9.0797405E-01  8.8329500E-01  3.1526838E-01  3.0669927E-01
       3.200  6.3752329E-01  6.2015803E-01  2.0788905E-01  2.0222644E-01
       3.400  3.4079847E-01  3.3149441E-01  8.5888213E-02  8.3543400E-02
       3.600  4.5362525E-02  4.4121100E-02 -4.3748166E-02 -4.2550921E-02
       3.800 -2.2595359E-01 -2.1975418E-01 -1.7429034E-01 -1.6950840E-01
       4.000 -4.5660490E-01 -4.4404351E-01 -2.9973427E-01 -2.9148846E-01
       4.200 -6.3701441E-01 -6.1944039E-01 -4.1515927E-01 -4.0370581E-01
       4.400 -7.6440523E-01 -7.4325432E-01 -5.1695314E-01 -5.0264918E-01
       4.600 -8.4190418E-01 -8.1853685E-01 -6.0289912E-01 -5.8616545E-01
       4.800 -8.7711319E-01 -8.5269005E-01 -6.7213292E-01 -6.5341745E-01
       5.000 -8.8038781E-01 -8.5579113E-01 -7.2498989E-01 -7.0473479E-01
       5.200 -8.6307155E-01 -8.3887444E-01 -7.6277089E-01 -7.4138582E-01
       5.400 -8.3590974E-01 -8.1238920E-01 -7.8746010E-01 -7.6530283E-01
       5.600 -8.0781754E-01 -7.8500209E-01 -8.0142793E-01 -7.7879295E-01
       5.800 -7.8510541E-01 -7.6284527E-01 -8.0715135E-01 -7.8426613E-01
       6.000 -7.7119591E-01 -7.4924235E-01 -8.0697405E-01 -7.8400200E-01
       6.200 -7.6679051E-01 -7.4487190E-01 -8.0292536E-01 -7.7997384E-01
       6.400 -7.7039147E-01 -7.4827586E-01 -7.9660525E-01 -7.7373712E-01
       6.600 -7.7904655E-01 -7.5658411E-01 -7.8913562E-01 -7.6638228E-01
       6.800 -7.8917077E-01 -7.6631346E-01 -7.8117093E-01 -7.5854533E-01
       7.000 -7.9730941E-01 -7.7410903E-01 -7.7295519E-01 -7.5046346E-01
       7.200 -8.0073457E-01 -7.7732330E-01 -7.6441007E-01 -7.4206083E-01
       7.400 -7.9780745E-01 -7.7436758E-01 -7.5523806E-01 -7.3304890E-01
       7.600 -7.8808657E-01 -7.6481615E-01 -7.4502491E-01 -7.2302600E-01
       7.800 -7.7220290E-01 -7.4928437E-01 -7.3332920E-01 -7.1156442E-01
       8.000 -7.5156023E-01 -7.2913714E-01 -7.1975118E-01 -6.9827712E-01
       8.200 -7.2793779E-01 -7.0610280E-01 -7.0397533E-01 -6.8285911E-01
       8.400 -7.0307916E-01 -6.8187408E-01 -6.8578676E-01 -6.6510322E-01
       8.600 -6.7834415E-01 -6.5777045E-01 -6.6506507E-01 -6.4489412E-01
       8.800 -6.5447613E-01 -6.3451288E-01 -6.4175969E-01 -6.2218433E-01
       9.000 -6.3151328E-01 -6.1213821E-01 -6.1585383E-01 -5.9695920E-01
       9.200 -6.0884262E-01 -5.9005220E-01 -5.8732522E-01 -5.6919889E-01
       9.400 -5.8536713E-01 -5.6719203E-01 -5.5610818E-01 -5.3884155E-01
       9.600 -5.5974103E-01 -5.4225471E-01 -5.2206283E-01 -5.0575357E-01
       9.800 -5.3062042E-01 -5.1394014E-01 -4.8495706E-01 -4.6971223E-01
      10.000 -4.9687605E-01 -4.8115724E-01 -4.4446061E-01 -4.3039998E-01
      10.200 -4.5772986E-01 -4.4315595E-01 -4.0015288E-01 -3.8741219E-01
      10.400 -4.1279688E-01 -3.9956744E-01 -3.5154618E-01 -3.4027973E-01
      10.600 -3.6203031E-01 -3.5035067E-01 -2.9811924E-01 -2.8850147E-01
      10.800 -3.0559188E-01 -2.9566651E-01 -2.3935995E-01 -2.3158574E-01
      11.000 -2.4368639E-01 -2.3571753E-01 -1.7481802E-01 -1.6910125E-01
      11.200 -1.7639690E-01 -1.7058852E-01 -1.0415722E-01 -1.0072754E-01
      11.400 -1.0357095E-01 -1.0013665E-01 -2.7212786E-02 -2.6310439E-02
      11.600 -2.4782851E-02 -2.3955241E-02  5.5957086E-02  5.4088429E-02
      11.800  6.0608968E-02  5.8570420E-02  1.4502700E-01  1.4014910E-01
      12.000  1.5330777E-01  1.4811388E-01  2.3936657E-01  2.3125711E-01
      12.200  2.5385594E-01  2.4519242E-01  3.3802035E-01  3.2648449E-01
      12.400  3.6237775E-01  3.4991885E-01  4.3970546E-01  4.2458795E-01
      12.600  4.7832778E-01  4.6175914E-01  5.4282450E-01  5.2402177E-01
      12.800  6.0030120E-01  5.7935023E-01  6.4550458E-01  6.2297598E-01
      13.000  7.2593909E-01  7.0040982E-01  7.4565569E-01  7.1943304E-01
      13.200  8.5195396E-01  8.2176237E-01  8.4104650E-01  8.1124144E-01
      13.400  9.7429221E-01  9.3949709E-01  9.2940129E-01  8.9620937E-01
      13.600  1.0884093E+00  1.0492345E+00  1.0085030E+00  9.7220424E-01
      13.800  1.1896332E+00  1.1464775E+00  1.0763011E+00  1.0372566E+00
      14.000  1.2735775E+00  1.2270098E+00  1.1310197E+00  1.0896645E+00
      14.200  1.3365386E+00  1.2872781E+00  1.1712496E+00  1.1280812E+00
      14.400  1.3758421E+00  1.3247251E+00  1.1960265E+00  1.1515903E+00
      14.600  1.3900830E+00  1.3380191E+00  1.2048811E+00  1.1597538E+00
      14.800  1.3792383E+00  1.3271603E+00  1.1978625E+00  1.1526330E+00
      15.000  1.3446376E+00  1.2934508E+00  1.1755301E+00  1.1307808E+00
      15.200  1.2888013E+00  1.2393369E+00  1.1389166E+00  1.0952048E+00
      15.400  1.2151690E+00  1.1681456E+00  1.0894624E+00  1.0473035E+00
      15.600  1.1277578E+00  1.0837552E+00  1.0289295E+00  9.8878301E-01
      15.800  1.0307952E+00  9.9024125E-01  9.5930282E-01  9.2156152E-01
      16.000  9.2836646E-01  8.9153732E-01  8.8268063E-01  8.4766389E-01
      16.200  8.2412484E-01  7.9115721E-01  8.0117288E-01  7.6912341E-01
      16.400  7.2108042E-01  6.9199262E-01  7.1680272E-01  6.8788748E-01
      16.600  6.2149277E-01  5.9621115E-01  6.3142759E-01  6.0574184E-01
      16.800  5.2686210E-01  5.0524909E-01  5.4668013E-01  5.2425414E-01
      17.000  4.3800051E-01  4.1988089E-01  4.6392677E-01  4.4473461E-01
      17.200  3.5517182E-01  3.4035433E-01  3.8425461E-01  3.6822381E-01
      17.400  2.7825697E-01  2.6654989E-01  3.0847196E-01  2.9549365E-01
      17.600  2.0692731E-01  1.9814741E-01  2.3712968E-01  2.2706830E-01
      17.800  1.4079531E-01  1.3477066E-01  1.7055423E-01  1.6325620E-01
      18.000  7.9521653E-02  7.6090011E-02  1.0888435E-01  1.0418560E-01
      18.200  2.2878619E-02  2.1882940E-02  5.2115309E-02  4.9847247E-02
      18.400 -2.9240098E-02 -2.7956761E-02  1.3633900E-04  1.3035514E-04
      18.600 -7.6844513E-02 -7.3443215E-02 -4.7231976E-02 -4.5141391E-02
      18.800 -1.1990324E-01 -1.1455107E-01 -9.0211146E-02 -8.6184355E-02
      19.000 -1.5840474E-01 -1.5127408E-01 -1.2904289E-01 -1.2323397E-01
      19.200 -1.9241238E-01 -1.8367759E-01 -1.6397480E-01 -1.5653097E-01
      19.400 -2.2210266E-01 -2.1193491E-01 -1.9525383E-01 -1.8631521E-01
      19.600 -2.4777522E-01 -2.3633661E-01 -2.2312160E-01 -2.1282112E-01
      19.800 -2.6983896E-01 -2.5727703E-01 -2.4781497E-01 -2.3627833E-01
      20.000 -2.8877463E-01 -2.7521842E-01 -2.6956624E-01 -2.5691174E-01
      20.200 -3.0508450E-01 -2.9064285E-01 -2.8860342E-01 -2.7494193E-01
      20.400 -3.1924004E-01 -3.0400230E-01 -3.0515082E-01 -2.9058558E-01
      20.600 -3.3163583E-01 -3.1567486E-01 -3.1942688E-01 -3.0405350E-01
      20.800 -3.4256015E-01 -3.2593687E-01 -3.3164244E-01 -3.1554896E-01
      21.000 -3.5218500E-01 -3.3495366E-01 -3.4199746E-01 -3.2526457E-01
      21.200 -3.6057667E-01 -3.4278979E-01 -3.5067799E-01 -3.3337940E-01
      21.400 -3.6772370E-01 -3.4943586E-01 -3.5785405E-01 -3.4005705E-01
      21.600 -3.7357464E-01 -3.5484452E-01 -3.6367793E-01 -3.4544400E-01
      21.800 -3.7807888E-01 -3.5896929E-01 -3.6828427E-01 -3.4966974E-01
      22.000 -3.8122166E-01 -3.6179786E-01 -3.7179102E-01 -3.5284771E-01
      22.200 -3.8304762E-01 -3.6337424E-01 -3.7430145E-01 -3.5507727E-01
      22.400 -3.8366910E-01 -3.6380663E-01 -3.7590696E-01 -3.5644634E-01
      22.600 -3.8325869E-01 -3.6326013E-01 -3.7668980E-01 -3.5703401E-01
      22.800 -3.8202886E-01 -3.6193736E-01 -3.7672561E-01 -3.5691302E-01
      23.000 -3.8020339E-01 -3.6005129E-01 -3.7608532E-01 -3.5615149E-01
      23.200 -3.7798691E-01 -3.5779641E-01 -3.7483619E-01 -3.5481399E-01
      23.400 -3.7553862E-01 -3.5532387E-01 -3.7304211E-01 -3.5296175E-01
      23.600 -3.7295517E-01 -3.5272543E-01 -3.7076315E-01 -3.5065231E-01
      23.800 -3.7026548E-01 -3.5002864E-01 -3.6805473E-01 -3.4793871E-01
      24.000 -3.6743795E-01 -3.4720381E-01 -3.6496673E-01 -3.4486867E-01
      24.200 -3.6439810E-01 -3.4418081E-01 -3.6154293E-01 -3.4148405E-01
      24.400 -3.6105244E-01 -3.4087169E-01 -3.5782066E-01 -3.3782055E-01
      24.600 -3.5731423E-01 -3.3719501E-01 -3.5383140E-01 -3.3390829E-01
      24.800 -3.5312560E-01 -3.3309671E-01 -3.4960157E-01 -3.2977256E-01
      25.000 -3.4847251E-01 -3.2856415E-01 -3.4515406E-01 -3.2543528E-01
      25.200 -3.4339014E-01 -3.2363109E-01 -3.4050989E-01 -3.2091657E-01
      25.400 -3.3795806E-01 -3.1837305E-01 -3.3568960E-01 -3.1623605E-01
      25.600 -3.3228730E-01 -3.1289503E-01 -3.3071472E-01 -3.1141422E-01
      25.800 -3.2650167E-01 -3.0731389E-01 -3.2560820E-01 -3.0647292E-01
      26.000 -3.2071810E-01 -3.0173981E-01 -3.2039470E-01 -3.0143554E-01
      26.200 -3.1502904E-01 -2.9625973E-01 -3.1509984E-01 -2.9632631E-01
      26.400 -3.0949069E-01 -2.9092639E-01 -3.0974909E-01 -2.9116928E-01
      26.600 -3.0411882E-01 -2.8575444E-01 -3.0436642E-01 -2.8598708E-01
      26.800 -2.9889202E-01 -2.8072357E-01 -2.9897254E-01 -2.8079920E-01
      27.000 -2.9376185E-01 -2.7578816E-01 -2.9358370E-01 -2.7562091E-01
      27.200 -2.8866662E-01 -2.7089019E-01 -2.8821042E-01 -2.7046209E-01
      27.400 -2.8354630E-01 -2.6597333E-01 -2.8285707E-01 -2.6532682E-01
      27.600 -2.7835536E-01 -2.6099492E-01 -2.7752191E-01 -2.6021345E-01
      27.800 -2.7307065E-01 -2.5593333E-01 -2.7219752E-01 -2.5511500E-01
      28.000 -2.6769375E-01 -2.5079016E-01 -2.6687196E-01 -2.5002026E-01
      28.200 -2.6224698E-01 -2.4558640E-01 -2.6152985E-01 -2.4491483E-01
      28.400 -2.5676479E-01 -2.4035438E-01 -2.5615378E-01 -2.3978242E-01
      28.600 -2.5128259E-01 -2.3512724E-01 -2.5072562E-01 -2.3460609E-01
      28.800 -2.4582515E-01 -2.2992816E-01 -2.4522742E-01 -2.2936908E-01
      29.000 -2.4039790E-01 -2.2476215E-01 -2.3964229E-01 -2.2405569E-01
      29.200 -2.3498213E-01 -2.1961167E-01 -2.3395473E-01 -2.1865147E-01
      29.400 -2.2953569E-01 -2.1443730E-01 -2.2815080E-01 -2.1314350E-01
      29.600 -2.2399878E-01 -2.0918321E-01 -2.2221826E-01 -2.0752045E-01
      29.800 -2.1830330E-01 -2.0378588E-01 -2.1614625E-01 -2.0177228E-01
      30.000 -2.1238441E-01 -1.9818497E-01 -2.0992548E-01 -1.9589044E-01
      30.200 -2.0619130E-01 -1.9233326E-01 -2.0354805E-01 -1.8986766E-01
      30.400 -1.9969547E-01 -1.8620441E-01 -1.9700768E-01 -1.8369820E-01
      30.600 -1.9289493E-01 -1.7979685E-01 -1.9030010E-01 -1.7737821E-01
      30.800 -1.8581316E-01 -1.7313268E-01 -1.8342318E-01 -1.7090581E-01
      31.000 -1.7849391E-01 -1.6625291E-01 -1.7637755E-01 -1.6428169E-01
      31.200 -1.7099223E-01 -1.5920893E-01 -1.6916663E-01 -1.5750914E-01
      31.400 -1.6336423E-01 -1.5205308E-01 -1.6179689E-01 -1.5059426E-01
      31.600 -1.5565746E-01 -1.4482965E-01 -1.5427787E-01 -1.4354602E-01
      31.800 -1.4790338E-01 -1.3756786E-01 -1.4662168E-01 -1.3637573E-01
      32.000 -1.4011419E-01 -1.3027903E-01 -1.3884285E-01 -1.2909694E-01
      32.200 -1.3228348E-01 -1.2295713E-01 -1.3095751E-01 -1.2172465E-01
      32.400 -1.2439120E-01 -1.1558347E-01 -1.2298288E-01 -1.1427487E-01
      32.600 -1.1641153E-01 -1.0813401E-01 -1.1493691E-01 -1.0676425E-01
      32.800 -1.0832145E-01 -1.0058735E-01 -1.0683757E-01 -9.9209414E-02
      33.000 -1.0010922E-01 -9.2932566E-02 -9.8702989E-02 -9.1627148E-02
      33.200 -9.1779867E-02 -8.5174322E-02 -9.0551203E-02 -8.4034087E-02
      33.400 -8.3357842E-02 -7.7335267E-02 -8.2400694E-02 -7.6447272E-02
      33.600 -7.4885195E-02 -6.9454352E-02 -7.4270540E-02 -6.8884274E-02
      33.800 -6.6416794E-02 -6.1582361E-02 -6.6181042E-02 -6.1363769E-02
      34.000 -5.8013264E-02 -5.3775351E-02 -5.8154349E-02 -5.3906130E-02
      34.200 -4.9732799E-02 -4.6087060E-02 -5.0214604E-02 -4.6533546E-02
      34.400 -4.1624581E-02 -3.8562822E-02 -4.2388520E-02 -3.9270568E-02
      34.600 -3.3723986E-02 -3.1235134E-02 -3.4705166E-02 -3.2143902E-02
      34.800 -2.6051515E-02 -2.4122690E-02 -2.7195928E-02 -2.5182372E-02
      35.000 -1.8615203E-02 -1.7232631E-02 -1.9894267E-02 -1.8416698E-02
      35.200 -1.1415600E-02 -1.0565168E-02 -1.2834957E-02 -1.1878788E-02
      35.400 -4.4530947E-03 -4.1203711E-03 -6.0537920E-03 -5.6014686E-03
      35.600  2.2650640E-03  2.0953400E-03  4.1326019E-04  3.8229408E-04
      35.800  8.7187082E-03  8.0635943E-03  6.5304794E-03  6.0397865E-03
      36.000  1.4871329E-02  1.3750921E-02  1.2262743E-02  1.1338866E-02
      36.200  2.0670340E-02  1.9109003E-02  1.7576038E-02  1.6248430E-02
      36.400  2.6050285E-02  2.4077662E-02  2.2437409E-02  2.0738367E-02
      36.600  3.0939267E-02  2.8590800E-02  2.6815224E-02  2.4779795E-02
      36.800  3.5266601E-02  3.2583474E-02  3.0679105E-02  2.8345001E-02
      37.000  3.8970526E-02  3.5999016E-02  3.3999916E-02  3.1407416E-02
      37.200  4.2004576E-02  3.8794900E-02  3.6749975E-02  3.3941817E-02
      37.400  4.4340906E-02  4.0945803E-02  3.8903136E-02  3.5924393E-02
      37.600  4.5970488E-02  4.2443762E-02  4.0435235E-02  3.7333158E-02
      37.800  4.6899762E-02  4.3295075E-02  4.1324548E-02  3.8148368E-02
      38.000  4.7144746E-02  4.3514842E-02  4.1552445E-02  3.8353121E-02
      38.200  4.6723824E-02  4.3120318E-02  4.1104178E-02  3.7934079E-02
      38.400  4.5650757E-02  4.2124449E-02  3.9969697E-02  3.6882225E-02
      38.600  4.3929470E-02  4.0531074E-02  3.8144473E-02  3.5193606E-02
      38.800  4.1551820E-02  3.8332870E-02  3.5630251E-02  3.2870034E-02
      39.000  3.8499020E-02  3.5512670E-02  3.2435742E-02  2.9919718E-02
      39.200  3.4746388E-02  3.2047854E-02  2.8576993E-02  2.6357598E-02
      39.400  3.0270978E-02  2.7917379E-02  2.4077756E-02  2.2205687E-02
      39.600  2.5060237E-02  2.3109767E-02  1.8969378E-02  1.7492967E-02
      39.800  1.9120433E-02  1.7630863E-02  1.3290606E-02  1.2255206E-02
      40.000  1.2483094E-02  1.1509776E-02  7.0872197E-03  6.5346223E-03
      40.200  5.2077823E-03  4.8014173E-03  4.1114447E-04  3.7906273E-04
      40.400 -2.6187200E-03 -2.4142433E-03 -6.6801646E-03 -6.1585595E-03
      40.600 -1.0887796E-02 -1.0037154E-02 -1.4124985E-02 -1.3021428E-02
      40.800 -1.9477041E-02 -1.7954590E-02 -2.1858135E-02 -2.0149563E-02
      41.000 -2.8260788E-02 -2.6050857E-02 -2.9812350E-02 -2.7481090E-02
      41.200 -3.7120399E-02 -3.4216760E-02 -3.7919302E-02 -3.4953171E-02
      41.400 -4.5952964E-02 -4.2357622E-02 -4.6110522E-02 -4.2502853E-02
      41.600 -5.4677436E-02 -5.0398923E-02 -5.4318653E-02 -5.0068215E-02
      41.800 -6.3236200E-02 -5.8287742E-02 -6.2477947E-02 -5.7588825E-02
      42.000 -7.1593230E-02 -6.5991050E-02 -7.0525237E-02 -6.5006628E-02
      42.200 -7.9728308E-02 -7.3490381E-02 -7.8400329E-02 -7.2266303E-02
      42.400 -8.7628959E-02 -8.0774397E-02 -8.6046252E-02 -7.9315494E-02
      42.600 -9.5282083E-02 -8.7831171E-02 -9.3409765E-02 -8.6105265E-02
      42.800 -1.0266594E-01 -9.4640799E-02 -1.0044118E-01 -9.2589940E-02
      43.000 -1.0974517E-01 -1.0117080E-01 -1.0709467E-01 -9.8727386E-02
      43.200 -1.1646875E-01 -1.0737426E-01 -1.1332819E-01 -1.0447893E-01
      43.400 -1.2277180E-01 -1.1319143E-01 -1.1910343E-01 -1.0980932E-01
      43.600 -1.2858086E-01 -1.1855464E-01 -1.2438608E-01 -1.1468695E-01
      43.800 -1.3382111E-01 -1.2339492E-01 -1.2914571E-01 -1.1908379E-01
      44.000 -1.3842488E-01 -1.2764988E-01 -1.3335616E-01 -1.2297571E-01
      44.200 -1.4233921E-01 -1.3127060E-01 -1.3699568E-01 -1.2634259E-01
      44.400 -1.4553141E-01 -1.3422685E-01 -1.4004703E-01 -1.2916848E-01
      44.600 -1.4799171E-01 -1.3650949E-01 -1.4249788E-01 -1.3144191E-01
      44.800 -1.4973233E-01 -1.3812963E-01 -1.4434080E-01 -1.3315589E-01
      45.000 -1.5078348E-01 -1.3911497E-01 -1.4557332E-01 -1.3430800E-01
      45.200 -1.5118701E-01 -1.3950391E-01 -1.4619784E-01 -1.3490027E-01
      45.400 -1.5098889E-01 -1.3933866E-01 -1.4622125E-01 -1.3493889E-01
      45.600 -1.5023200E-01 -1.3865858E-01 -1.4565457E-01 -1.3443378E-01
      45.800 -1.4895051E-01 -1.3749498E-01 -1.4451231E-01 -1.3339811E-01
      46.000 -1.4716667E-01 -1.3586816E-01 -1.4281173E-01 -1.3184757E-01
      46.200 -1.4489051E-01 -1.3378716E-01 -1.4057206E-01 -1.2979964E-01
      46.400 -1.4212232E-01 -1.3125196E-01 -1.3781376E-01 -1.2727294E-01
      46.600 -1.3885705E-01 -1.2825764E-01 -1.3455768E-01 -1.2428645E-01
      46.800 -1.3508983E-01 -1.2479939E-01 -1.3082451E-01 -1.2085898E-01
      47.000 -1.3082111E-01 -1.2087732E-01 -1.2663421E-01 -1.1700867E-01
      47.200 -1.2606058E-01 -1.1650007E-01 -1.2200566E-01 -1.1275267E-01
      47.400 -1.2082904E-01 -1.1168650E-01 -1.1695665E-01 -1.0810711E-01
      47.600 -1.1515744E-01 -1.0646489E-01 -1.1150370E-01 -1.0308695E-01
      47.800 -1.0908415E-01 -1.0087037E-01 -1.0566246E-01 -9.7706329E-02
      48.000 -1.0265006E-01 -9.4940452E-02 -9.9447729E-02 -9.1978635E-02
      48.200 -9.5893582E-02 -8.8710332E-02 -9.2874085E-02 -8.5917021E-02
      48.400 -8.8845606E-02 -8.2208287E-02 -8.5956016E-02 -7.9534568E-02
      48.600 -8.1526265E-02 -7.5452663E-02 -7.8708374E-02 -7.2844701E-02
      48.800 -7.3943936E-02 -6.8450922E-02 -7.1146812E-02 -6.5861585E-02
      49.000 -6.6096308E-02 -6.1200638E-02 -6.3287772E-02 -5.8600127E-02
      49.200 -5.7974259E-02 -5.3693069E-02 -5.5148964E-02 -5.1076413E-02
      49.400 -4.9566721E-02 -4.5917655E-02 -4.6749190E-02 -4.3307549E-02
      49.600 -4.0866507E-02 -3.7867418E-02 -3.8108477E-02 -3.5311793E-02
      49.800 -3.1875641E-02 -2.9543904E-02 -2.9248176E-02 -2.7108641E-02
      50.000 -2.2608715E-02 -2.0960310E-02 -2.0190565E-02 -1.8718468E-02
      50.200 -1.3094825E-02 -1.2143292E-02 -1.0959207E-02 -1.0162858E-02
      50.400 -3.3757405E-03 -3.1312857E-03 -1.5780563E-03 -1.4637811E-03
      50.600  6.4969540E-03  6.0281256E-03  7.9281928E-03  7.3560844E-03
      50.800  1.6466924E-02  1.5282899E-02  1.7534314E-02  1.6273541E-02
      51.000  2.6479260E-02  2.4582255E-02  2.7215120E-02  2.5265397E-02
      51.200  3.6485566E-02  3.3881403E-02  3.6945323E-02  3.4308346E-02
      51.400  4.6448517E-02  4.3145784E-02  4.6700177E-02  4.3379549E-02
      51.600  5.6343577E-02  5.2352670E-02  5.6455324E-02  5.2456502E-02
      51.800  6.6159072E-02  6.1491264E-02  6.6187345E-02  6.1517542E-02
      52.000  7.5893542E-02  7.0560241E-02  7.5873772E-02  7.0541861E-02
      52.200  8.5551388E-02  7.9563724E-02  8.5493025E-02  7.9509446E-02
      52.400  9.5138176E-02  8.8506914E-02  9.5024747E-02  8.8401391E-02
      52.600  1.0465535E-01  9.7391179E-02  1.0444931E-01  9.7199440E-02
      52.800  1.1409676E-01  1.0621082E-01  1.1374797E-01  1.0588614E-01
      53.000  1.2344620E-01  1.1495076E-01  1.2290221E-01  1.1444421E-01
      53.200  1.3267766E-01  1.2358677E-01  1.3189367E-01  1.2285649E-01
      53.400  1.4175708E-01  1.3208704E-01  1.4070360E-01  1.3110543E-01
      53.600  1.5064550E-01  1.4041523E-01  1.4931231E-01  1.3917258E-01
      53.800  1.5930344E-01  1.4853438E-01  1.5769917E-01  1.4703856E-01
      54.000  1.6769432E-01  1.5641023E-01  1.6584202E-01  1.5468256E-01
      54.200  1.7578760E-01  1.6401406E-01  1.7371738E-01  1.6208250E-01
      54.400  1.8355986E-01  1.7132380E-01  1.8130049E-01  1.6921505E-01
      54.600  1.9099418E-01  1.7832339E-01  1.8856550E-01  1.7605583E-01
      54.800  1.9807828E-01  1.8500105E-01  1.9548623E-01  1.8258013E-01
      55.000  2.0480103E-01  1.9134607E-01  2.0203665E-01  1.8876331E-01
      55.200  2.1114927E-01  1.9734584E-01  2.0819192E-01  1.9458183E-01
      55.400  2.1710470E-01  2.0298291E-01  2.1392903E-01  2.0001380E-01
      55.600  2.2264263E-01  2.0823379E-01  2.1922788E-01  2.0504003E-01
      55.800  2.2773224E-01  2.1306926E-01  2.2407194E-01  2.0964464E-01
      56.000  2.3233881E-01  2.1745639E-01  2.2844879E-01  2.1381554E-01
      56.200  2.3642798E-01  2.2136252E-01  2.3235060E-01  2.1754496E-01
      56.400  2.3997048E-01  2.2475972E-01  2.3577408E-01  2.2082931E-01
      56.600  2.4294737E-01  2.2762968E-01  2.3872039E-01  2.2366920E-01
      56.800  2.4535399E-01  2.2996746E-01  2.4119453E-01  2.2606884E-01
      57.000  2.4720225E-01  2.3178364E-01  2.4320476E-01  2.2803548E-01
      57.200  2.4852044E-01  2.3310416E-01  2.4476167E-01  2.2957855E-01
      57.400  2.4935031E-01  2.3396765E-01  2.4587718E-01  2.3070878E-01
      57.600  2.4974208E-01  2.3442072E-01  2.4656374E-01  2.3143736E-01
      57.800  2.4974769E-01  2.3451168E-01  2.4683340E-01  2.3177517E-01
      58.000  2.4941371E-01  2.3428384E-01  2.4669725E-01  2.3173217E-01
      58.200  2.4877490E-01  2.3376952E-01  2.4616503E-01  2.3131707E-01
      58.400  2.4784968E-01  2.3298567E-01  2.4524501E-01  2.3053721E-01
      58.600  2.4663815E-01  2.3193210E-01  2.4394417E-01  2.2939875E-01
      58.800  2.4512338E-01  2.3059252E-01  2.4226865E-01  2.2790702E-01
      59.000  2.4327535E-01  2.2893839E-01  2.4022426E-01  2.2606711E-01
      59.200  2.4105753E-01  2.2693492E-01  2.3781724E-01  2.2388447E-01
      59.400  2.3843438E-01  2.2454825E-01  2.3505489E-01  2.2136557E-01
      59.600  2.3537918E-01  2.2175275E-01  2.3194617E-01  2.1851848E-01
      59.800  2.3188022E-01  2.1853694E-01  2.2850209E-01  2.1535320E-01
      60.000  2.2794494E-01  2.1490733E-01  2.2473590E-01  2.1188183E-01
      60.200  2.2360085E-01  2.1088940E-01  2.2066303E-01  2.0811860E-01
      60.400  2.1889321E-01  2.0652542E-01  2.1630069E-01  2.0407939E-01
      60.600  2.1388005E-01  2.0186977E-01  2.1166742E-01  1.9978139E-01
      60.800  2.0862489E-01  1.9698209E-01  2.0678224E-01  1.9524228E-01
      61.000  2.0318901E-01  1.9192000E-01  2.0166410E-01  1.9047966E-01
      61.200  1.9762379E-01  1.8673185E-01  1.9633093E-01  1.8551025E-01
      61.400  1.9196499E-01  1.8145131E-01  1.9079918E-01  1.8034936E-01
      61.600  1.8622964E-01  1.7609438E-01  1.8508345E-01  1.7501057E-01
      61.800  1.8041569E-01  1.7065904E-01  1.7919615E-01  1.6950545E-01
      62.000  1.7450509E-01  1.6512812E-01  1.7314784E-01  1.6384379E-01
      62.200  1.6846892E-01  1.5947415E-01  1.6694731E-01  1.5803378E-01
      62.400  1.6227432E-01  1.5366588E-01  1.6060227E-01  1.5208253E-01
      62.600  1.5589182E-01  1.4767525E-01  1.5411998E-01  1.4599680E-01
      62.800  1.4930157E-01  1.4148325E-01  1.4750778E-01  1.3978340E-01
      63.000  1.4249816E-01  1.3508456E-01  1.4077386E-01  1.3344997E-01
      63.200  1.3549248E-01  1.2848930E-01  1.3392745E-01  1.2700516E-01
      63.400  1.2831132E-01  1.2172269E-01  1.2697929E-01  1.2045905E-01
      63.600  1.2099397E-01  1.1482184E-01  1.1994142E-01  1.1382298E-01
      63.800  1.1358721E-01  1.0783106E-01  1.1282691E-01  1.0710929E-01
      64.000  1.0613935E-01  1.0079614E-01  1.0564961E-01  1.0033106E-01
      64.200  9.8693883E-02  9.3758404E-02  9.8423206E-02  9.3501264E-02
      64.400  9.1284734E-02  8.6750094E-02  9.1160878E-02  8.6632390E-02
      64.600  8.3932582E-02  7.9790937E-02  8.3874380E-02  7.9735607E-02
      64.800  7.6644013E-02  7.2887276E-02  7.6573827E-02  7.2820530E-02
      65.000  6.9412301E-02  6.6032805E-02  6.9267120E-02  6.5894692E-02
      65.200  6.2220479E-02  5.9211459E-02  6.1959991E-02  5.8963568E-02
      65.400  5.5045698E-02  5.2401556E-02  5.4656281E-02  5.2030845E-02
      65.600  4.7863767E-02  4.5580104E-02  4.7358095E-02  4.5098558E-02
      65.800  4.0653965E-02  3.8727390E-02  4.0066676E-02  3.8167932E-02
      66.000  3.3402336E-02  3.1830120E-02  3.2782811E-02  3.1239755E-02
      66.200  2.6104145E-02  2.4883773E-02  2.5507842E-02  2.4315346E-02
      66.400  1.8764182E-02  1.7892906E-02  1.8244066E-02  1.7396941E-02
      66.600  1.1395915E-02  1.0870365E-02  1.0995370E-02  1.0488293E-02
      66.800  4.0194755E-03  3.8353694E-03  3.7676681E-03  3.5950957E-03
      67.000 -3.3414077E-03 -3.1894022E-03 -3.4312433E-03 -3.2751511E-03
      67.200 -1.0662045E-02 -1.0180322E-02 -1.0591511E-02 -1.0112974E-02
      67.400 -1.7919624E-02 -1.7115523E-02 -1.7701823E-02 -1.6907495E-02
      67.600 -2.5094693E-02 -2.3976322E-02 -2.4749585E-02 -2.3646593E-02
      67.800 -3.2172252E-02 -3.0748265E-02 -3.1721708E-02 -3.0317663E-02
      68.000 -3.9141523E-02 -3.7420922E-02 -3.8605067E-02 -3.6908047E-02
      68.200 -4.5994994E-02 -4.3986966E-02 -4.5386909E-02 -4.3405428E-02
      68.400 -5.2727348E-02 -5.0441166E-02 -5.2055500E-02 -4.9798448E-02
      68.600 -5.9333793E-02 -5.6778788E-02 -5.8600127E-02 -5.6076715E-02
      68.800 -6.5809158E-02 -6.2994728E-02 -6.5011487E-02 -6.2231171E-02
      69.000 -7.2146922E-02 -6.9082587E-02 -7.1281393E-02 -6.8253820E-02
      69.200 -7.8339294E-02 -7.5034740E-02 -7.7402861E-02 -7.4137808E-02
      69.400 -8.4377478E-02 -8.0842596E-02 -8.3369772E-02 -7.9877106E-02
      69.600 -9.0252329E-02 -8.6497215E-02 -8.9176519E-02 -8.5466167E-02
      69.800 -9.5955430E-02 -9.1990351E-02 -9.4817943E-02 -9.0899867E-02
      70.000 -1.0147963E-01 -9.7314958E-02 -1.0028886E-01 -9.6173061E-02
      70.200 -1.0681968E-01 -1.0246583E-01 -1.0558410E-01 -1.0128061E-01
      70.400 -1.1197223E-01 -1.0743953E-01 -1.1069832E-01 -1.0621719E-01
      70.600 -1.1693526E-01 -1.1223395E-01 -1.1562589E-01 -1.1097723E-01
      70.800 -1.2170757E-01 -1.1684775E-01 -1.2036116E-01 -1.1555510E-01
      71.000 -1.2628761E-01 -1.2127924E-01 -1.2489829E-01 -1.1994502E-01
      71.200 -1.3067277E-01 -1.2552573E-01 -1.2923161E-01 -1.2414134E-01
      71.400 -1.3485857E-01 -1.2958273E-01 -1.3335553E-01 -1.2813850E-01
      71.600 -1.3883854E-01 -1.3344383E-01 -1.3726483E-01 -1.3193127E-01
      71.800 -1.4260440E-01 -1.3710088E-01 -1.4095467E-01 -1.3551481E-01
      72.000 -1.4614659E-01 -1.4054448E-01 -1.4442063E-01 -1.3888468E-01
      72.200 -1.4945541E-01 -1.4376511E-01 -1.4765894E-01 -1.4203704E-01
      72.400 -1.5252197E-01 -1.4675401E-01 -1.5066635E-01 -1.4496857E-01
      72.600 -1.5533931E-01 -1.4950428E-01 -1.5344037E-01 -1.4767667E-01
      72.800 -1.5790309E-01 -1.5201152E-01 -1.5597922E-01 -1.5015942E-01
      73.000 -1.6021204E-01 -1.5427429E-01 -1.5828198E-01 -1.5241576E-01
      73.200 -1.6226786E-01 -1.5629404E-01 -1.6034866E-01 -1.5444550E-01
      73.400 -1.6407479E-01 -1.5807465E-01 -1.6218023E-01 -1.5624938E-01
      73.600 -1.6563897E-01 -1.5962183E-01 -1.6377874E-01 -1.5782917E-01
      73.800 -1.6696752E-01 -1.6094227E-01 -1.6514723E-01 -1.5918766E-01
      74.000 -1.6806789E-01 -1.6204295E-01 -1.6628980E-01 -1.6032860E-01
      74.200 -1.6894719E-01 -1.6293058E-01 -1.6721139E-01 -1.6125659E-01
      74.400 -1.6961204E-01 -1.6361137E-01 -1.6791772E-01 -1.6197699E-01
      74.600 -1.7006849E-01 -1.6409100E-01 -1.6841500E-01 -1.6249563E-01
      74.800 -1.7032226E-01 -1.6437486E-01 -1.6870974E-01 -1.6281864E-01
      75.000 -1.7037917E-01 -1.6446840E-01 -1.6880846E-01 -1.6295218E-01
      75.200 -1.7024537E-01 -1.6437744E-01 -1.6871750E-01 -1.6290224E-01
      75.400 -1.6992753E-01 -1.6410831E-01 -1.6844280E-01 -1.6267442E-01
      75.600 -1.6943280E-01 -1.6366776E-01 -1.6798984E-01 -1.6227390E-01
      75.800 -1.6876842E-01 -1.6306270E-01 -1.6736355E-01 -1.6170533E-01
      76.000 -1.6794123E-01 -1.6229963E-01 -1.6656840E-01 -1.6097292E-01
      76.200 -1.6695714E-01 -1.6138415E-01 -1.6560851E-01 -1.6008054E-01
      76.400 -1.6582052E-01 -1.6032042E-01 -1.6448782E-01 -1.5903192E-01
      76.600 -1.6453409E-01 -1.5911095E-01 -1.6321032E-01 -1.5783081E-01
      76.800 -1.6309887E-01 -1.5775666E-01 -1.6178018E-01 -1.5648117E-01
      77.000 -1.6151483E-01 -1.5625743E-01 -1.6020200E-01 -1.5498734E-01
      77.200 -1.5978158E-01 -1.5461282E-01 -1.5848079E-01 -1.5335412E-01
      77.400 -1.5789950E-01 -1.5282311E-01 -1.5662208E-01 -1.5158676E-01
      77.600 -1.5587079E-01 -1.5089035E-01 -1.5463181E-01 -1.4969095E-01
      77.800 -1.5370025E-01 -1.4881912E-01 -1.5251618E-01 -1.4767265E-01
      78.000 -1.5139577E-01 -1.4661698E-01 -1.5028155E-01 -1.4553794E-01
      78.200 -1.4896808E-01 -1.4429430E-01 -1.4793411E-01 -1.4329276E-01
      78.400 -1.4643017E-01 -1.4186356E-01 -1.4547979E-01 -1.4094282E-01
      78.600 -1.4379587E-01 -1.3933816E-01 -1.4292401E-01 -1.3849333E-01
      78.800 -1.4107843E-01 -1.3673089E-01 -1.4027165E-01 -1.3594897E-01
      79.000 -1.3828889E-01 -1.3405243E-01 -1.3752699E-01 -1.3331387E-01
      79.200 -1.3543470E-01 -1.3130997E-01 -1.3469374E-01 -1.3059157E-01
      79.400 -1.3251898E-01 -1.2850653E-01 -1.3177521E-01 -1.2778528E-01
      79.600 -1.2954038E-01 -1.2564078E-01 -1.2877438E-01 -1.2489785E-01
      79.800 -1.2649381E-01 -1.2270779E-01 -1.2569413E-01 -1.2193204E-01
      80.000 -1.2337193E-01 -1.1970041E-01 -1.2253740E-01 -1.1889071E-01
      80.200 -1.2016692E-01 -1.1661103E-01 -1.1930725E-01 -1.1577680E-01
      80.400 -1.1687263E-01 -1.1343367E-01 -1.1600701E-01 -1.1259352E-01
      80.600 -1.1348633E-01 -1.1016566E-01 -1.1264014E-01 -1.0934423E-01
      80.800 -1.1001006E-01 -1.0680894E-01 -1.0921028E-01 -1.0603243E-01
      81.000 -1.0645089E-01 -1.0337037E-01 -1.0572097E-01 -1.0266158E-01
      81.200 -1.0282048E-01 -9.9861260E-02 -1.0217556E-01 -9.9234901E-02
      81.400 -9.9133626E-02 -9.6295963E-02 -9.8577042E-02 -9.5755311E-02
      81.600 -9.5406002E-02 -9.2689711E-02 -9.4927782E-02 -9.2225107E-02
      81.800 -9.1651857E-02 -8.9056353E-02 -9.1229562E-02 -8.8646017E-02
      82.000 -8.7881515E-02 -8.5405934E-02 -8.7483390E-02 -8.5019024E-02
      82.200 -8.4099732E-02 -8.1743094E-02 -8.3689702E-02 -8.1344554E-02
      82.400 -8.0304672E-02 -7.8066067E-02 -7.9848363E-02 -7.7622479E-02
      82.600 -7.6488171E-02 -7.4366935E-02 -7.5958922E-02 -7.3852364E-02
      82.800 -7.2637111E-02 -7.0632956E-02 -7.2020929E-02 -7.0033775E-02
      83.000 -6.8735528E-02 -6.6848612E-02 -6.8034078E-02 -6.6166417E-02
      83.200 -6.4767565E-02 -6.2998483E-02 -6.3998633E-02 -6.2250554E-02
      83.400 -6.0720216E-02 -5.9069915E-02 -5.9915520E-02 -5.8287090E-02
      83.600 -5.6585995E-02 -5.5055616E-02 -5.5786671E-02 -5.4277910E-02
      83.800 -5.2364475E-02 -5.0955160E-02 -5.1615006E-02 -5.0225862E-02
      84.000 -4.8062922E-02 -4.6775610E-02 -4.7404534E-02 -4.6134856E-02
      84.200 -4.3695714E-02 -4.2530955E-02 -4.3160390E-02 -4.2009900E-02
      84.400 -3.9282468E-02 -3.8240292E-02 -3.8888590E-02 -3.7856863E-02
      84.600 -3.4845690E-02 -3.3925541E-02 -3.4596054E-02 -3.3682497E-02
      84.800 -3.0407747E-02 -2.9608499E-02 -3.0290252E-02 -2.9494092E-02
      85.000 -2.5988348E-02 -2.5308383E-02 -2.5979169E-02 -2.5299444E-02
      85.200 -2.1602317E-02 -2.1039664E-02 -2.1670947E-02 -2.1106507E-02
      85.400 -1.7258558E-02 -1.6811052E-02 -1.7373750E-02 -1.6923257E-02
      85.600 -1.2960151E-02 -1.2625585E-02 -1.3095637E-02 -1.2757573E-02
      85.800 -8.7052975E-03 -8.4815521E-03 -8.8442534E-03 -8.6169365E-03
      86.000 -4.4894292E-03 -4.3745389E-03 -4.6268704E-03 -4.5084628E-03
      86.200 -3.0738773E-04 -2.9955482E-04 -4.5011356E-04 -4.3864369E-04
      86.400  3.8441033E-03  3.7465597E-03  3.6799255E-03  3.5865479E-03
      86.600  7.9647903E-03  7.7635254E-03  7.7578491E-03  7.5618135E-03
      86.800  1.2049885E-02  1.1746643E-02  1.1778853E-02  1.1482432E-02
      87.000  1.6090090E-02  1.5686815E-02  1.5738576E-02  1.5344111E-02
      87.200  2.0072814E-02  1.9571731E-02  1.9633095E-02  1.9142988E-02
      87.400  2.3983833E-02  2.3387480E-02  2.3458574E-02  2.2875282E-02
      87.600  2.7809600E-02  2.7120813E-02  2.7211171E-02  2.6537206E-02
      87.800  3.1539234E-02  3.0761071E-02  3.0886729E-02  3.0124665E-02
      88.000  3.5165934E-02  3.4301575E-02  3.4480483E-02  3.3632972E-02
      88.200  3.8687644E-02  3.7740272E-02  3.7986983E-02  3.7056768E-02
      88.400  4.2106361E-02  4.1079065E-02  4.1399810E-02  4.0389752E-02
      88.600  4.5426701E-02  4.4322412E-02  4.4711679E-02  4.3624772E-02
      88.800  4.8653429E-02  4.7474921E-02  4.7914373E-02  4.6753767E-02
      89.000  5.1788964E-02  5.0538914E-02  5.0999059E-02  4.9768075E-02
      89.200  5.4830950E-02  5.3512053E-02  5.3956558E-02  5.2658694E-02
      89.400  5.7770617E-02  5.6385741E-02  5.6777721E-02  5.5416647E-02
      89.600  6.0592469E-02  5.9144814E-02  5.9454021E-02  5.8033565E-02
      89.800  6.3275137E-02  6.1768369E-02  6.1977945E-02  6.0502067E-02
      90.000  6.5793788E-02  6.4232119E-02  6.4343578E-02  6.2816331E-02
      90.200  6.8123339E-02  6.6511526E-02  6.6546891E-02  6.4972377E-02
      90.400  7.0242358E-02  6.8585609E-02  6.8586089E-02  6.6968405E-02
      90.600  7.2136672E-02  7.0440474E-02  7.0461657E-02  6.8804845E-02
      90.800  7.3802169E-02  7.2072048E-02  7.2176256E-02  7.0484251E-02
      91.000  7.5246306E-02  7.3487558E-02  7.3734512E-02  7.2011100E-02
      91.200  7.6487772E-02  7.4705207E-02  7.5142540E-02  7.3391326E-02
      91.400  7.7554498E-02  7.5752229E-02  7.6407471E-02  7.4631858E-02
      91.600  7.8480043E-02  7.6661368E-02  7.7536828E-02  7.5740011E-02
      91.800  7.9299074E-02  7.7466459E-02  7.8538005E-02  7.6722979E-02
      92.000  8.0042518E-02  7.8197693E-02  7.9417757E-02  7.7587331E-02
      92.200  8.0733235E-02  7.8877388E-02  8.0181823E-02  7.8338651E-02
      92.400  8.1382963E-02  7.9517001E-02  8.0834758E-02  7.8981365E-02
      92.600  8.1990978E-02  8.0115816E-02  8.1379875E-02  7.9518689E-02
      92.800  8.2544820E-02  8.0661648E-02  8.1819419E-02  7.9952796E-02
      93.000  8.3022889E-02  8.1133378E-02  8.2154837E-02  8.0285082E-02
      93.200  8.3398583E-02  8.1504995E-02  8.2387182E-02  8.0516558E-02
      93.400  8.3645236E-02  8.1750419E-02  8.2517544E-02  8.0648273E-02
      93.600  8.3741071E-02  8.1848346E-02  8.2547480E-02  8.0681732E-02
      93.800  8.3673351E-02  8.1786303E-02  8.2479376E-02  8.0619255E-02
      93.999  8.3441020E-02  8.1563235E-02  8.2316716E-02  8.0464233E-02
      94.199  8.3055414E-02  8.1190201E-02  8.2064212E-02  8.0221259E-02
      94.399  8.2538966E-02  8.0689112E-02  8.1727811E-02  7.9896137E-02
      94.599  8.1922108E-02  8.0089705E-02  8.1314572E-02  7.9495758E-02
      94.799  8.1238963E-02  7.9425331E-02  8.0832447E-02  7.9027891E-02
      94.999  8.0522576E-02  7.8728294E-02  8.0290019E-02  7.8500919E-02
      95.199  7.9800469E-02  7.8025502E-02  7.9696179E-02  7.7923532E-02
      95.399  7.9091354E-02  7.7335256E-02  7.9059863E-02  7.7304464E-02
      95.599  7.8403464E-02  7.6665610E-02  7.8389795E-02  7.6652244E-02
      95.799  7.7734818E-02  7.6014634E-02  7.7694306E-02  7.5975018E-02
      95.999  7.7075314E-02  7.5372452E-02  7.6981230E-02  7.5280447E-02
      96.199  7.6410167E-02  7.4724614E-02  7.6257820E-02  7.4575627E-02
      96.399  7.5724149E-02  7.4056226E-02  7.5530754E-02  7.3867090E-02
      96.599  7.5005706E-02  7.3355989E-02  7.4806104E-02  7.3160778E-02
      96.799  7.4250308E-02  7.2619476E-02  7.4089364E-02  7.2462067E-02
      96.999  7.3462310E-02  7.1850944E-02  7.3385395E-02  7.1775717E-02
      97.199  7.2655051E-02  7.1063442E-02  7.2698386E-02  7.1105828E-02
      97.399  7.1849151E-02  7.0277140E-02  7.2031777E-02  7.0455769E-02
      97.599  7.1069269E-02  6.9516161E-02  7.1388131E-02  6.9828055E-02
      97.799  7.0340001E-02  6.8804570E-02  7.0769058E-02  6.9224262E-02
      97.999  6.9681557E-02  6.8162143E-02  7.0175096E-02  6.8644921E-02
      98.199  6.9106118E-02  6.7600805E-02  6.9605693E-02  6.8089498E-02
      98.399  6.8615428E-02  6.7122268E-02  6.9059198E-02  6.7556381E-02
      98.599  6.8200156E-02  6.6717413E-02  6.8532947E-02  6.7042969E-02
      98.799  6.7841119E-02  6.6367481E-02  6.8023423E-02  6.6545825E-02
      98.999  6.7512142E-02  6.6046868E-02  6.7526438E-02  6.6060853E-02
      99.199  6.7184111E-02  6.5727095E-02  6.7037390E-02  6.5583556E-02
      99.399  6.6829449E-02  6.5381186E-02  6.6551496E-02  6.5109256E-02
      99.599  6.6426295E-02  6.4987752E-02  6.6064031E-02  6.4633333E-02
      99.799  6.5961589E-02  6.4534017E-02  6.5570496E-02  6.4151387E-02
      99.999  6.5432589E-02  6.4017296E-02  6.5066734E-02  6.3659354E-02
     100.199  6.4846525E-02  6.3444664E-02  6.4548957E-02  6.3153529E-02
     100.399  6.4218557E-02  6.2830953E-02  6.4013751E-02  6.2630572E-02
     100.599  6.3568209E-02  6.2195267E-02  6.3457895E-02  6.2087336E-02
     100.799  6.2915196E-02  6.1556896E-02  6.2878263E-02  6.1520761E-02
     100.999  6.2275203E-02  6.0931190E-02  6.2271652E-02  6.0927716E-02
     101.199  6.1656439E-02  6.0326184E-02  6.1634650E-02  6.0304865E-02
     101.399  6.1057523E-02  5.9740529E-02  6.0963511E-02  5.9648544E-02
     101.599  6.0467142E-02  5.9163157E-02  6.0254140E-02  5.8954750E-02
     101.799  5.9865421E-02  5.8574627E-02  5.9502097E-02  5.8219136E-02
     101.999  5.9226852E-02  5.7949980E-02  5.8702714E-02  5.7437142E-02
     102.199  5.8524147E-02  5.7262520E-02  5.7851234E-02  5.6604113E-02
     102.399  5.7732392E-02  5.6487872E-02  5.6942998E-02  5.5715495E-02
     102.599  5.6832753E-02  5.5607610E-02  5.5973667E-02  5.4767044E-02
     102.799  5.5815037E-02  5.4611764E-02  5.4939369E-02  5.3754974E-02
     102.999  5.4678787E-02  5.3499891E-02  5.3836881E-02  5.2676136E-02
     103.199  5.3432600E-02  5.2280406E-02  5.2663684E-02  5.1528071E-02
     103.399  5.2092003E-02  5.0968507E-02  5.1418039E-02  5.0309079E-02
     103.599  5.0676120E-02  4.9582910E-02  5.0098921E-02  4.9018163E-02
     103.799  4.9203899E-02  4.8142160E-02  4.8705970E-02  4.7654975E-02
     103.999  4.7690545E-02  4.6661138E-02  4.7239415E-02  4.6219746E-02
     104.199  4.6144719E-02  4.5148325E-02  4.5699929E-02  4.4713139E-02
     104.399  4.4567180E-02  4.3604466E-02  4.4088600E-02  4.3136225E-02
     104.599  4.2950860E-02  4.2022655E-02  4.2406816E-02  4.1490368E-02
     104.799  4.1282587E-02  4.0390008E-02  4.0656313E-02  3.9777275E-02
     104.999  3.9545867E-02  3.8690394E-02  3.8839151E-02  3.7998966E-02
     105.199  3.7724395E-02  3.6907869E-02  3.6957790E-02  3.6157856E-02
     105.399  3.5805587E-02  3.5030128E-02  3.5015206E-02  3.4256864E-02
     105.599  3.3783383E-02  3.3051253E-02  3.3014900E-02  3.2299424E-02
     105.799  3.1660056E-02  3.0973477E-02  3.0961043E-02  3.0289622E-02
     105.999  2.9446421E-02  2.8807390E-02  2.8858414E-02  2.8232143E-02
     106.199  2.7160739E-02  2.6570866E-02  2.6712462E-02  2.6132324E-02
     106.399  2.4826219E-02  2.4286620E-02  2.4529148E-02  2.3996005E-02
     106.599  2.2467837E-02  2.1979092E-02  2.2314843E-02  2.1829426E-02
     106.799  2.0108946E-02  1.9671135E-02  2.0076185E-02  1.9639087E-02
     106.999  1.7768172E-02  1.7380975E-02  1.7819797E-02  1.7431474E-02
     107.199  1.5457395E-02  1.5120236E-02  1.5552163E-02  1.5212937E-02
     107.399  1.3180803E-02  1.2893021E-02  1.3279350E-02  1.2989416E-02
     107.599  1.0935499E-02  1.0696497E-02  1.1006928E-02  1.0766366E-02
     107.799  8.7131432E-03  8.5225130E-03  8.7397881E-03  8.5485749E-03
     107.999  6.5025757E-03  6.3601551E-03  6.4821172E-03  6.3401447E-03
     108.199  4.2927729E-03  4.1986467E-03  4.2374422E-03  4.1445292E-03
     108.399  2.0754953E-03  2.0299341E-03  2.0086133E-03  1.9645203E-03
     108.599 -1.5260713E-04 -1.4925313E-04 -2.0199887E-04 -1.9755933E-04
     108.799 -2.3891086E-03 -2.3365366E-03 -2.3924431E-03 -2.3397976E-03
     108.999 -4.6260057E-03 -4.5240832E-03 -4.5610013E-03 -4.4605109E-03
     109.199 -6.8510186E-03 -6.6998790E-03 -6.7060061E-03 -6.5580655E-03
     109.399 -9.0498102E-03 -8.8498994E-03 -8.8257821E-03 -8.6308200E-03
     109.599 -1.1208399E-02 -1.0960470E-02 -1.0918452E-02 -1.0676936E-02
     109.799 -1.3315607E-02 -1.3020658E-02 -1.2981947E-02 -1.2694389E-02
     109.999 -1.5364722E-02 -1.5023901E-02 -1.5013883E-02 -1.4680845E-02
     110.199 -1.7354383E-02 -1.6968869E-02 -1.7011631E-02 -1.6633731E-02
     110.399 -1.9288256E-02 -1.8859147E-02 -1.8972308E-02 -1.8550228E-02
     110.599 -2.1173698E-02 -2.0701932E-02 -2.0892800E-02 -2.0427292E-02
     110.799 -2.3019761E-02 -2.2506071E-02 -2.2769900E-02 -2.2261786E-02
     110.999 -2.4834704E-02 -2.4279641E-02 -2.4600310E-02 -2.4050486E-02
     111.199 -2.6623809E-02 -2.6027805E-02 -2.6380799E-02 -2.5790235E-02
     111.399 -2.8387627E-02 -2.7751100E-02 -2.8108216E-02 -2.7477954E-02
     111.599 -3.0121300E-02 -2.9444776E-02 -2.9779633E-02 -2.9110784E-02
     111.799 -3.1814872E-02 -3.1099101E-02 -3.1392384E-02 -3.0686119E-02
     111.999 -3.3454632E-02 -3.2700675E-02 -3.2944099E-02 -3.2201647E-02
     112.199 -3.5025326E-02 -3.4234590E-02 -3.4432803E-02 -3.3655444E-02
     112.399 -3.6512617E-02 -3.5686839E-02 -3.5856881E-02 -3.5045933E-02
     112.599 -3.7905568E-02 -3.7046738E-02 -3.7215136E-02 -3.6371950E-02
     112.799 -3.9198446E-02 -3.8308696E-02 -3.8506729E-02 -3.7632680E-02
     112.999 -4.0391711E-02 -3.9473170E-02 -3.9731188E-02 -3.8827668E-02
     113.199 -4.1491832E-02 -4.0546493E-02 -4.0888351E-02 -3.9956762E-02
     113.399 -4.2510023E-02 -4.1539632E-02 -4.1978288E-02 -4.1020035E-02
     113.599 -4.3460188E-02 -4.2466182E-02 -4.3001284E-02 -4.2017775E-02
     113.799 -4.4356311E-02 -4.3339815E-02 -4.3957739E-02 -4.2950377E-02
     113.999 -4.5209939E-02 -4.4171817E-02 -4.4848152E-02 -4.3818338E-02
     114.199 -4.6028072E-02 -4.4969032E-02 -4.5673046E-02 -4.4622174E-02
     114.399 -4.6811984E-02 -4.5732707E-02 -4.6432974E-02 -4.5362435E-02
     114.599 -4.7557092E-02 -4.6458369E-02 -4.7128492E-02 -4.6039671E-02
     114.799 -4.8253935E-02 -4.7136781E-02 -4.7760161E-02 -4.6654438E-02
     114.999 -4.8890108E-02 -4.7755830E-02 -4.8328582E-02 -4.7207331E-02
     115.199 -4.9452701E-02 -4.8302914E-02 -4.8834402E-02 -4.7698990E-02
     115.399 -4.9930889E-02 -4.8767472E-02 -4.9278352E-02 -4.8130139E-02
     115.599 -5.0318094E-02 -4.9143090E-02 -4.9661257E-02 -4.8501591E-02
     115.799 -5.0613391E-02 -4.9428879E-02 -4.9984050E-02 -4.8814266E-02
     115.999 -5.0821843E-02 -4.9629795E-02 -5.0247767E-02 -4.9069184E-02
     116.199 -5.0953727E-02 -4.9755889E-02 -5.0453519E-02 -4.9267440E-02
     116.399 -5.1022804E-02 -4.9820609E-02 -5.0602465E-02 -4.9410174E-02
     116.599 -5.1043936E-02 -4.9838476E-02 -5.0695762E-02 -4.9498525E-02
     116.799 -5.1030505E-02 -4.9822563E-02 -5.0734520E-02 -4.9533584E-02
     116.999 -5.0992116E-02 -4.9782254E-02 -5.0719746E-02 -4.9516346E-02
     117.199 -5.0933002E-02 -4.9721684E-02 -5.0652309E-02 -4.9447666E-02
     117.399 -5.0851412E-02 -4.9639148E-02 -5.0532905E-02 -4.9328234E-02
     117.599 -5.0740116E-02 -4.9527594E-02 -5.0362046E-02 -4.9158558E-02
     117.799 -5.0587885E-02 -4.9376066E-02 -5.0140060E-02 -4.8938969E-02
     117.999 -5.0381705E-02 -4.9171871E-02 -4.9867116E-02 -4.8669639E-02
     118.199 -5.0109262E-02 -4.8903000E-02 -4.9543251E-02 -4.8350615E-02
     118.399 -4.9761265E-02 -4.8560402E-02 -4.9168418E-02 -4.7981861E-02
     118.599 -4.9333178E-02 -4.8139660E-02 -4.8742545E-02 -4.7563317E-02
     118.799 -4.8825997E-02 -4.7641766E-02 -4.8265580E-02 -4.7094941E-02
     118.999 -4.8246022E-02 -4.7072880E-02 -4.7737561E-02 -4.6576782E-02
     119.199 -4.7603587E-02 -4.6443098E-02 -4.7158652E-02 -4.6009010E-02
     119.399 -4.6911098E-02 -4.5764538E-02 -4.6529216E-02 -4.5391989E-02
     119.599 -4.6180679E-02 -4.5049036E-02 -4.5849831E-02 -4.4726296E-02
     119.799 -4.5421956E-02 -4.4305991E-02 -4.5121339E-02 -4.4012760E-02
     119.999 -4.4640375E-02 -4.3540722E-02 -4.4344878E-02 -4.3252504E-02
     120.199 -4.3836358E-02 -4.2753645E-02 -4.3521870E-02 -4.2446925E-02
     120.399 -4.3005528E-02 -4.1940498E-02 -4.2654049E-02 -4.1597724E-02
     120.599 -4.2139867E-02 -4.1093471E-02 -4.1743412E-02 -4.0706860E-02
     120.799 -4.1229692E-02 -4.0203127E-02 -4.0792215E-02 -3.9776544E-02
     120.999 -4.0265935E-02 -3.9260639E-02 -3.9802893E-02 -3.8809158E-02
     121.199 -3.9242406E-02 -3.8259982E-02 -3.8777998E-02 -3.7807201E-02
     121.399 -3.8157520E-02 -3.7199625E-02 -3.7720136E-02 -3.6773221E-02
     121.599 -3.7015119E-02 -3.6083330E-02 -3.6631840E-02 -3.5709699E-02
     121.799 -3.5824317E-02 -3.4919992E-02 -3.5515536E-02 -3.4619006E-02
     121.999 -3.4598218E-02 -3.3722398E-02 -3.4373420E-02 -3.3503291E-02
     122.199 -3.3351920E-02 -3.2505271E-02 -3.3207462E-02 -3.2364480E-02
     122.399 -3.2099972E-02 -3.1282798E-02 -3.2019346E-02 -3.1204224E-02
     122.599 -3.0853936E-02 -3.0066247E-02 -3.0810509E-02 -3.0023929E-02
     122.799 -2.9620435E-02 -2.8862075E-02 -2.9582220E-02 -2.8824838E-02
     122.999 -2.8400036E-02 -2.7670831E-02 -2.8335625E-02 -2.7608074E-02
     123.199 -2.7187332E-02 -2.6487248E-02 -2.7071918E-02 -2.6374806E-02
     123.399 -2.5972068E-02 -2.5301337E-02 -2.5792419E-02 -2.5126327E-02
     123.599 -2.4741309E-02 -2.4100499E-02 -2.4498752E-02 -2.3864224E-02
     123.799 -2.3482095E-02 -2.2872118E-02 -2.3192908E-02 -2.2590442E-02
     123.999 -2.2184251E-02 -2.1606291E-02 -2.1877338E-02 -2.1307373E-02
     124.199 -2.0842780E-02 -2.0298163E-02 -2.0555006E-02 -2.0017909E-02
     124.399 -1.9459334E-02 -1.8949356E-02 -1.9229324E-02 -1.8725375E-02
     124.599 -1.8042637E-02 -1.7568377E-02 -1.7904144E-02 -1.7433525E-02
     124.799 -1.6607560E-02 -1.6169715E-02 -1.6583604E-02 -1.6146391E-02
     124.999 -1.5173215E-02 -1.4771983E-02 -1.5272055E-02 -1.4868209E-02
     125.199 -1.3760179E-02 -1.3395214E-02 -1.3973880E-02 -1.3603247E-02
     125.399 -1.2387521E-02 -1.2057968E-02 -1.2693398E-02 -1.2355707E-02
     125.599 -1.1070089E-02 -1.0774688E-02 -1.1434775E-02 -1.1129643E-02
     125.799 -9.8164741E-03 -9.5537253E-03 -1.0201924E-02 -9.9288580E-03
     125.999 -8.6282006E-03 -8.3965493E-03 -8.9985267E-03 -8.7569328E-03
     126.199 -7.5000880E-03 -7.2981050E-03 -7.8280075E-03 -7.6171934E-03
     126.399 -6.4218848E-03 -6.2484046E-03 -6.6935907E-03 -6.5127707E-03
     126.599 -5.3808106E-03 -5.2350035E-03 -5.5983716E-03 -5.4466691E-03
     126.799 -4.3645017E-03 -4.2458664E-03 -4.5453274E-03 -4.4217770E-03
     126.999 -3.3639437E-03 -3.2722202E-03 -3.5373921E-03 -3.4409393E-03
     127.199 -2.3756953E-03 -2.3107153E-03 -2.5774129E-03 -2.5069155E-03
     127.399 -1.4031421E-03 -1.3646429E-03 -1.6681522E-03 -1.6223816E-03
     127.599 -4.5638784E-04 -4.4382608E-04 -8.1217865E-04 -7.8982400E-04
     127.799  4.4909780E-04  4.3669763E-04 -1.1782336E-05 -1.1457011E-05
     127.999  1.2948944E-03  1.2590274E-03  7.3112563E-04  7.1087434E-04
     128.199  2.0627246E-03  2.0054080E-03  1.4151412E-03  1.3758189E-03
     128.399  2.7375694E-03  2.6612585E-03  2.0394076E-03  1.9825583E-03
     128.599  3.3103613E-03  3.2177885E-03  2.6036652E-03  2.5308549E-03
     128.799  3.7796426E-03  3.6736077E-03  3.1081887E-03  3.0209909E-03
     128.999  4.1519708E-03  4.0351161E-03  3.5537103E-03  3.4536932E-03
     129.199  4.4408964E-03  4.3155070E-03  3.9412597E-03  3.8299777E-03
     129.399  4.6647059E-03  4.5325716E-03  4.2719766E-03  4.1509669E-03
     129.599  4.8433122E-03  4.7056741E-03  4.5469322E-03  4.4177166E-03
     129.799  4.9947951E-03  4.8523909E-03  4.7669479E-03  4.6310397E-03
     129.999  5.1322303E-03  4.9854313E-03  4.9324887E-03  4.7914029E-03
     130.199  5.2613393E-03  5.1103560E-03  5.0436134E-03  4.8988781E-03
     130.399  5.3794063E-03  5.2245297E-03  5.1000291E-03  4.9531959E-03
     130.599  5.4756571E-03  5.3174923E-03  5.1012267E-03  4.9538774E-03
     130.799  5.5330638E-03  5.3727155E-03  5.0467023E-03  4.9004487E-03
     130.999  5.5312936E-03  5.3704685E-03  4.9362300E-03  4.7927066E-03
     131.199  5.4503062E-03  5.2913126E-03  4.7701602E-03  4.6310074E-03
     131.399  5.2740084E-03  5.1196485E-03  4.5496918E-03  4.4165313E-03
     131.599  4.9933555E-03  4.8467252E-03  4.2770972E-03  4.1515000E-03
     131.799  4.6083689E-03  4.4725942E-03  3.9558427E-03  3.8392932E-03
     131.999  4.1287439E-03  4.0066954E-03  3.5906042E-03  3.4844634E-03
     132.199  3.5729505E-03  3.4669793E-03  3.1871647E-03  3.0926356E-03
     132.399  2.9659411E-03  2.8776794E-03  2.7521788E-03  2.6702783E-03
     132.599  2.3359096E-03  2.2661640E-03  2.2928751E-03  2.2244143E-03
     132.799  1.7105527E-03  1.6593077E-03  1.8166698E-03  1.7622456E-03
     132.999  1.1135306E-03  1.0800592E-03  1.3308044E-03  1.2908020E-03
     133.199  5.6160344E-04  5.4466549E-04  8.4198093E-04  8.1658679E-04
     133.399  6.2960909E-05  6.1055607E-05  3.5609418E-04  3.4531818E-04
     133.599 -3.8305120E-04 -3.7142029E-04 -1.2193181E-04 -1.1822949E-04
     133.799 -7.8482421E-04 -7.6091333E-04 -5.8821072E-04 -5.7028998E-04
     133.999 -1.1561697E-03 -1.1208259E-03 -1.0398035E-03 -1.0080169E-03
     134.199 -1.5132757E-03 -1.4668583E-03 -1.4745565E-03 -1.4293268E-03
     134.399 -1.8714105E-03 -1.8138128E-03 -1.8908385E-03 -1.8326429E-03
     134.599 -2.2419439E-03 -2.1727073E-03 -2.2872378E-03 -2.2166024E-03
     134.799 -2.6301775E-03 -2.5486746E-03 -2.6622809E-03 -2.5797832E-03
     134.999 -3.0342643E-03 -2.9399189E-03 -3.0141616E-03 -2.9204412E-03
     135.199 -3.4453997E-03 -3.3379047E-03 -3.3405733E-03 -3.2363488E-03
     135.399 -3.8491332E-03 -3.7286311E-03 -3.6386065E-03 -3.5246952E-03
     135.599 -4.2275848E-03 -4.0947814E-03 -3.9047731E-03 -3.7821104E-03
     135.799 -4.5620985E-03 -4.4182954E-03 -4.1351083E-03 -4.0047645E-03
     135.999 -4.8358870E-03 -4.6829303E-03 -4.3253521E-03 -4.1885434E-03
     136.199 -5.0362313E-03 -4.8763902E-03 -4.4711904E-03 -4.3292828E-03
     136.399 -5.1558563E-03 -4.9916554E-03 -4.5684981E-03 -4.4230030E-03
     136.599 -5.1933331E-03 -5.0273689E-03 -4.6135810E-03 -4.4661440E-03
     136.799 -5.1524729E-03 -4.9872466E-03 -4.6033673E-03 -4.4557494E-03
     136.999 -5.0409016E-03 -4.8786949E-03 -4.5355435E-03 -4.3895983E-03
     137.199 -4.8681116E-03 -4.7109237E-03 -4.4086158E-03 -4.2662646E-03
     137.399 -4.6433844E-03 -4.4929341E-03 -4.2219070E-03 -4.0851130E-03
     137.599 -4.3739519E-03 -4.2317408E-03 -3.9754854E-03 -3.8462297E-03
     137.799 -4.0637459E-03 -3.9311627E-03 -3.6700618E-03 -3.5503229E-03
     137.999 -3.7128986E-03 -3.5913419E-03 -3.3068463E-03 -3.1985833E-03
     138.199 -3.3180855E-03 -3.2090775E-03 -2.8874234E-03 -2.7925637E-03
     138.399 -2.8735567E-03 -2.7788246E-03 -2.4136169E-03 -2.3340476E-03
     138.599 -2.3726621E-03 -2.2941709E-03 -1.8873983E-03 -1.8249604E-03
     138.799 -1.8095450E-03 -1.7494742E-03 -1.3108324E-03 -1.2673172E-03
     138.999 -1.1806397E-03 -1.1413100E-03 -6.8602847E-04 -6.6317534E-04
     139.199 -4.8575339E-04 -4.6951547E-04 -1.5162107E-05 -1.4655263E-05
     139.399  2.7155001E-04  2.6244089E-04  6.9953116E-04  6.7606547E-04
     139.599  1.0842239E-03  1.0477268E-03  1.4557004E-03  1.4066987E-03
     139.799  1.9427051E-03  1.8770815E-03  2.2508745E-03  2.1748411E-03
     139.999  2.8362869E-03  2.7401438E-03  3.0824294E-03  2.9779427E-03
     140.199  3.7546604E-03  3.6269418E-03  3.9475633E-03  3.8132829E-03
     140.399  4.6893725E-03  4.5293007E-03  4.8433264E-03  4.6779994E-03
     140.599  5.6348183E-03  5.4418006E-03  5.7665960E-03  5.5690643E-03
     140.799  6.5887230E-03  6.3622394E-03  6.7141301E-03  6.4833358E-03
     140.999  7.5518860E-03  7.2913848E-03  7.6825496E-03  7.4175413E-03
     141.199  8.5273892E-03  8.2322072E-03  8.6683909E-03  8.3683281E-03
     141.399  9.5193128E-03  9.1886392E-03  9.6681101E-03  9.3322678E-03
     141.599  1.0531254E-02  1.0164145E-02  1.0678084E-02  1.0305857E-02
     141.799  1.1564981E-02  1.1160423E-02  1.1694666E-02  1.1285571E-02
     141.999  1.2619358E-02  1.2176366E-02  1.2714167E-02  1.2267847E-02
     142.199  1.3689888E-02  1.3207629E-02  1.3732927E-02  1.3249152E-02
     142.399  1.4768852E-02  1.4246756E-02  1.4747346E-02  1.4226011E-02
     142.599  1.5846048E-02  1.5283904E-02  1.5753925E-02  1.5195049E-02
     142.799  1.6910075E-02  1.6308076E-02  1.6749372E-02  1.6153094E-02
     142.999  1.7949785E-02  1.7308526E-02  1.7730631E-02  1.7097201E-02
     143.199  1.8955817E-02  1.8276235E-02  1.8694994E-02  1.8024763E-02
     143.399  1.9921767E-02  1.9205043E-02  1.9640112E-02  1.8933521E-02
     143.599  2.0844957E-02  2.0092381E-02  2.0564065E-02  1.9821631E-02
     143.799  2.1726535E-02  2.0939372E-02  2.1465351E-02  2.0687650E-02
     143.999  2.2570964E-02  2.1750328E-02  2.2342837E-02  2.1530495E-02
     144.199  2.3385009E-02  2.2531784E-02  2.3195729E-02  2.2349411E-02
     144.399  2.4176324E-02  2.3291122E-02  2.4023447E-02  2.3143842E-02
     144.599  2.4951994E-02  2.4035175E-02  2.4825538E-02  2.3913366E-02
     144.799  2.5717157E-02  2.4768896E-02  2.5601534E-02  2.4657537E-02
     144.999  2.6474059E-02  2.5494453E-02  2.6350864E-02  2.5375816E-02
     145.199  2.7221590E-02  2.6210777E-02  2.7072752E-02  2.6067466E-02
     145.399  2.7955395E-02  2.6913679E-02  2.7766155E-02  2.6731490E-02
     145.599  2.8668562E-02  2.7596509E-02  2.8429762E-02  2.7366639E-02
     145.799  2.9352652E-02  2.8251153E-02  2.9061998E-02  2.7971406E-02
     145.999  2.9999000E-02  2.8869282E-02  2.9661107E-02  2.8544114E-02
     146.199  3.0599931E-02  2.9443527E-02  3.0225222E-02  2.9082978E-02
     146.399  3.1149807E-02  2.9968477E-02  3.0752486E-02  2.9586225E-02
     146.599  3.1645636E-02  3.0441278E-02  3.1241161E-02  3.0052197E-02
     146.799  3.2087221E-02  3.0861759E-02  3.1689712E-02  3.0479432E-02
     146.999  3.2476854E-02  3.1232146E-02  3.2096900E-02  3.0866754E-02
     147.199  3.2818578E-02  3.1556347E-02  3.2461804E-02  3.1213295E-02
     147.399  3.3117250E-02  3.1839051E-02  3.2783845E-02  3.1518514E-02
     147.599  3.3377515E-02  3.2084738E-02  3.3062744E-02  3.1782159E-02
     147.799  3.3602920E-02  3.2296836E-02  3.3298471E-02  3.2004220E-02
     147.999  3.3795303E-02  3.2477122E-02  3.3491170E-02  3.2184851E-02
     148.199  3.3954535E-02  3.2625487E-02  3.3641068E-02  3.2324290E-02
     148.399  3.4078669E-02  3.2740074E-02  3.3748408E-02  3.2422785E-02
     148.599  3.4164411E-02  3.2817732E-02  3.3813371E-02  3.2480530E-02
     148.799  3.4207824E-02  3.2854697E-02  3.3836040E-02  3.2497620E-02
     148.999  3.4205103E-02  3.2847331E-02  3.3816374E-02  3.2474033E-02
     149.199  3.4153290E-02  3.2792815E-02  3.3754216E-02  3.2409638E-02
     149.399  3.4050771E-02  3.2689619E-02  3.3649314E-02  3.2304210E-02
     149.599  3.3897503E-02  3.2537722E-02  3.3501368E-02  3.2157478E-02
     149.799  3.3694903E-02  3.2338509E-02  3.3310070E-02  3.1969167E-02
     149.999  3.3445488E-02  3.2094413E-02  3.3075163E-02  3.1739048E-02
     150.199  3.3152296E-02  3.1808369E-02  3.2796477E-02  3.1466975E-02
     150.399  3.2818250E-02  3.1483204E-02  3.2473963E-02  3.1152922E-02
     150.599  3.2445595E-02  3.1121085E-02  3.2107720E-02  3.0797002E-02
     150.799  3.2035471E-02  3.0723124E-02  3.1697991E-02  3.0399469E-02
     150.999  3.1587779E-02  3.0289243E-02  3.1245172E-02  2.9960720E-02
     151.199  3.1101279E-02  2.9818270E-02  3.0749781E-02  2.9481272E-02
     151.399  3.0573970E-02  2.9308303E-02  3.0212454E-02  2.8961753E-02
     151.599  3.0003600E-02  2.8757203E-02  2.9633902E-02  2.8402863E-02
     151.799  2.9388255E-02  2.8163155E-02  2.9014894E-02  2.7805358E-02
     151.999  2.8726902E-02  2.7525190E-02  2.8356238E-02  2.7170032E-02
     152.199  2.8019722E-02  2.6843501E-02  2.7658739E-02  2.6497672E-02
     152.399  2.7268260E-02  2.6119591E-02  2.6923204E-02  2.5789071E-02
     152.599  2.6475260E-02  2.5356107E-02  2.6150400E-02  2.5044979E-02
     152.799  2.5644314E-02  2.4556509E-02  2.5341070E-02  2.4266128E-02
     152.999  2.4779290E-02  2.3724517E-02  2.4495912E-02  2.3453201E-02
     153.199  2.3883735E-02  2.2863543E-02  2.3615587E-02  2.2606850E-02
     153.399  2.2960330E-02  2.1976169E-02  2.2700756E-02  2.1727722E-02
     153.599  2.2010465E-02  2.1063737E-02  2.1752071E-02  2.0816458E-02
     153.799  2.1034115E-02  2.0126238E-02  2.0770249E-02  1.9873762E-02
     153.999  2.0029925E-02  1.9162388E-02  1.9756082E-02  1.8900406E-02
     154.199  1.8995627E-02  1.8170032E-02  1.8710522E-02  1.7897319E-02
     154.399  1.7928588E-02  1.7146666E-02  1.7634698E-02  1.6865594E-02
     154.599  1.6826506E-02  1.6090105E-02  1.6529974E-02  1.5806550E-02
     154.799  1.5688101E-02  1.4999143E-02  1.5397992E-02  1.4721774E-02
     154.999  1.4513612E-02  1.3874025E-02  1.4240649E-02  1.3613091E-02
     155.199  1.3305151E-02  1.2716790E-02  1.3060124E-02  1.2482598E-02
     155.399  1.2066688E-02  1.1531247E-02  1.1858800E-02  1.1332584E-02
     155.599  1.0803823E-02  1.0322763E-02  1.0639250E-02  1.0165517E-02
     155.799  9.5232176E-03  9.0977144E-03  9.4041143E-03  8.9839326E-03
     155.999  8.2319083E-03  7.8628322E-03  8.1560387E-03  7.7903642E-03
     156.199  6.9365548E-03  6.6244831E-03  6.8976047E-03  6.5872853E-03
     156.399  5.6426807E-03  5.3879447E-03  5.6312162E-03  5.3769978E-03
     156.599  4.3541794E-03  4.1569353E-03  4.3591006E-03  4.1616335E-03
     156.799  3.0729738E-03  2.9332892E-03  3.0832401E-03  2.9430888E-03
     156.999  1.7990798E-03  1.7170199E-03  1.8054389E-03  1.7230889E-03
     157.199  5.3087583E-04  5.0657823E-04  5.2732602E-04  5.0319088E-04
     157.399 -7.3431082E-04 -7.0058681E-04 -7.4955069E-04 -7.1512678E-04
     157.599 -1.9994511E-03 -1.9073091E-03 -2.0236169E-03 -1.9303613E-03
     157.799 -3.2670706E-03 -3.1159959E-03 -3.2932263E-03 -3.1409421E-03
     157.999 -4.5384770E-03 -4.3278915E-03 -4.5565344E-03 -4.3451110E-03
     158.199 -5.8132594E-03 -5.5426006E-03 -5.8114961E-03 -5.5409194E-03
     158.399 -7.0889837E-03 -6.7577997E-03 -7.0558383E-03 -6.7262027E-03
     158.599 -8.3611952E-03 -7.9692409E-03 -8.2870787E-03 -7.8985988E-03
     158.799 -9.6237904E-03 -9.1711079E-03 -9.5026500E-03 -9.0556657E-03
     158.999 -1.0869558E-02 -1.0356533E-02 -1.0699968E-02 -1.0194947E-02
     159.199 -1.2091002E-02 -1.1518381E-02 -1.1876619E-02 -1.1314151E-02
     159.399 -1.3281143E-02 -1.2650015E-02 -1.3030461E-02 -1.2411246E-02
     159.599 -1.4434362E-02 -1.3746098E-02 -1.4159791E-02 -1.3484619E-02
     159.799 -1.5547039E-02 -1.4803200E-02 -1.5263428E-02 -1.4533157E-02
     159.999 -1.6617943E-02 -1.5820165E-02 -1.6340744E-02 -1.5556274E-02
     160.199 -1.7648368E-02 -1.6798246E-02 -1.7391693E-02 -1.6553935E-02
     160.399 -1.8641879E-02 -1.7740855E-02 -1.8416694E-02 -1.7526553E-02
     160.599 -1.9603840E-02 -1.8653110E-02 -1.9416548E-02 -1.8474901E-02
     160.799 -2.0540629E-02 -1.9541095E-02 -2.0392228E-02 -1.9399915E-02
     160.999 -2.1458796E-02 -2.0411050E-02 -2.1344714E-02 -2.0302538E-02
     161.199 -2.2364144E-02 -2.1268504E-02 -2.2274785E-02 -2.1183522E-02
     161.399 -2.3260907E-02 -2.2117486E-02 -2.3182829E-02 -2.2043246E-02
     161.599 -2.4151165E-02 -2.2959977E-02 -2.4068738E-02 -2.2881615E-02
     161.799 -2.5034463E-02 -2.3795548E-02 -2.4931790E-02 -2.3697955E-02
     161.999 -2.5907820E-02 -2.4621367E-02 -2.5770671E-02 -2.4491028E-02
     162.199 -2.6765977E-02 -2.5432441E-02 -2.6583490E-02 -2.5259046E-02
     162.399 -2.7601990E-02 -2.6222181E-02 -2.7367915E-02 -2.5999807E-02
     162.599 -2.8407978E-02 -2.6983110E-02 -2.8121309E-02 -2.6710820E-02
     162.799 -2.9175970E-02 -2.7707673E-02 -2.8840900E-02 -2.7389465E-02
     162.999 -2.9898781E-02 -2.8389066E-02 -2.9523983E-02 -2.8033193E-02
     163.199 -3.0570699E-02 -2.9021888E-02 -3.0168065E-02 -2.8639653E-02
     163.399 -3.1188023E-02 -2.9602652E-02 -3.0771022E-02 -2.9206848E-02
     163.599 -3.1749265E-02 -3.0129973E-02 -3.1331168E-02 -2.9733199E-02
     163.799 -3.2255105E-02 -3.0604523E-02 -3.1847315E-02 -3.0217600E-02
     163.999 -3.2708035E-02 -3.1028694E-02 -3.2318756E-02 -3.0659401E-02
     164.199 -3.3111789E-02 -3.1406054E-02 -3.2745208E-02 -3.1058357E-02
     164.399 -3.3470662E-02 -3.1740703E-02 -3.3126742E-02 -3.1414558E-02
     164.599 -3.3788779E-02 -3.2036572E-02 -3.3463660E-02 -3.1728312E-02
     164.799 -3.4069462E-02 -3.2296832E-02 -3.3756399E-02 -3.2000058E-02
     164.999 -3.4314755E-02 -3.2523440E-02 -3.4005411E-02 -3.2230244E-02
     165.199 -3.4525195E-02 -3.2716922E-02 -3.4211081E-02 -3.2419259E-02
     165.399 -3.4699826E-02 -3.2876389E-02 -3.4373653E-02 -3.2567357E-02
     165.599 -3.4836454E-02 -3.2999784E-02 -3.4493184E-02 -3.2674612E-02
     165.799 -3.4932091E-02 -3.3084294E-02 -3.4569527E-02 -3.2740908E-02
     165.999 -3.4983484E-02 -3.3126862E-02 -3.4602326E-02 -3.2765933E-02
     166.199 -3.4987655E-02 -3.3124691E-02 -3.4591042E-02 -3.2749195E-02
     166.399 -3.4942339E-02 -3.3075660E-02 -3.4534975E-02 -3.2690059E-02
     166.599 -3.4846253E-02 -3.2978584E-02 -3.4433314E-02 -3.2587778E-02
     166.799 -3.4699158E-02 -3.2833263E-02 -3.4285174E-02 -3.2441540E-02
     166.999 -3.4501705E-02 -3.2640338E-02 -3.4089655E-02 -3.2250518E-02
     167.199 -3.4255099E-02 -3.2400977E-02 -3.3845891E-02 -3.2013918E-02
     167.399 -3.3960678E-02 -3.2116471E-02 -3.3553110E-02 -3.1731036E-02
     167.599 -3.3619460E-02 -3.1787811E-02 -3.3210690E-02 -3.1401311E-02
     167.799 -3.3231796E-02 -3.1415351E-02 -3.2818215E-02 -3.1024376E-02
     167.999 -3.2797184E-02 -3.0998643E-02 -3.2375529E-02 -3.0600111E-02
     168.199 -3.2314291E-02 -3.0536453E-02 -3.1882772E-02 -3.0128675E-02
     168.399 -3.1781219E-02 -3.0027015E-02 -3.1340411E-02 -2.9610538E-02
     168.599 -3.1195931E-02 -2.9468432E-02 -3.0749231E-02 -2.9046468E-02
     168.799 -3.0556816E-02 -2.8859209E-02 -3.0110332E-02 -2.8437530E-02
     168.999 -2.9863217E-02 -2.8198759E-02 -2.9425056E-02 -2.7785019E-02
     169.199 -2.9115878E-02 -2.7487813E-02 -2.8694918E-02 -2.7090391E-02
     169.399 -2.8317172E-02 -2.6728640E-02 -2.7921523E-02 -2.6355186E-02
     169.599 -2.7471018E-02 -2.5924969E-02 -2.7106430E-02 -2.5580900E-02
     169.799 -2.6582548E-02 -2.5081668E-02 -2.6251072E-02 -2.4768907E-02
     169.999 -2.5657451E-02 -2.4204129E-02 -2.5356631E-02 -2.3920349E-02
     170.199 -2.4701206E-02 -2.3297539E-02 -2.4424011E-02 -2.3036096E-02
     170.399 -2.3718206E-02 -2.2366060E-02 -2.3453773E-02 -2.2116702E-02
     170.599 -2.2711035E-02 -2.1412143E-02 -2.2446178E-02 -2.1162434E-02
     170.799 -2.1679989E-02 -2.0436083E-02 -2.1401268E-02 -2.0173353E-02
     170.999 -2.0622905E-02 -1.9435854E-02 -2.0318948E-02 -1.9149393E-02
     171.199 -1.9535486E-02 -1.8407424E-02 -1.9199179E-02 -1.8090537E-02
     171.399 -1.8411933E-02 -1.7345347E-02 -1.8042099E-02 -1.6996938E-02
     171.599 -1.7245991E-02 -1.6243754E-02 -1.6848235E-02 -1.5869113E-02
     171.799 -1.6032087E-02 -1.5097420E-02 -1.5618607E-02 -1.4708046E-02
     171.999 -1.4766511E-02 -1.3902883E-02 -1.4354847E-02 -1.3515295E-02
     172.198 -1.3448418E-02 -1.2659374E-02 -1.3059269E-02 -1.2293057E-02
     172.398 -1.2080384E-02 -1.1369351E-02 -1.1734809E-02 -1.1044115E-02
     172.598 -1.0668587E-02 -1.0038655E-02 -1.0385002E-02 -9.7718148E-03
     172.798 -9.2223419E-03 -8.6760765E-03 -9.0138001E-03 -8.4798872E-03
     172.998 -7.7532693E-03 -7.2925659E-03 -7.6254535E-03 -7.1723449E-03
     173.198 -6.2739813E-03 -5.8999981E-03 -6.2242791E-03 -5.8532585E-03
     173.398 -4.7966657E-03 -4.5098393E-03 -4.8144967E-03 -4.5266041E-03
     173.598 -3.3317101E-03 -3.1318548E-03 -3.4000944E-03 -3.1961369E-03
     173.798 -1.8865172E-03 -1.7729961E-03 -1.9846694E-03 -1.8652420E-03
     173.998 -4.6487742E-04 -4.3681534E-04 -5.7143345E-04 -5.3693918E-04
     174.198  9.3320159E-04  8.7669220E-04  8.3682543E-04  7.8615204E-04
     174.398  2.3109988E-03  2.1706183E-03  2.2376503E-03  2.1017252E-03
     174.598  3.6740606E-03  3.4501813E-03  3.6287757E-03  3.4076559E-03
     174.798  5.0288766E-03  4.7214814E-03  5.0080294E-03  4.7019085E-03
     174.998  6.3812987E-03  5.9900146E-03  6.3731213E-03  5.9823387E-03
     175.198  7.7351549E-03  7.2593738E-03  7.7215594E-03  7.2466146E-03
     175.398  9.0910768E-03  8.5301491E-03  9.0504923E-03  8.4920688E-03
     175.598  1.0445929E-02  9.7993963E-03  1.0356704E-02  9.7156941E-03
     175.798  1.1792772E-02  1.1060607E-02  1.1636600E-02  1.0914131E-02
     175.998  1.3121440E-02  1.2304250E-02  1.2886255E-02  1.2083712E-02
     176.198  1.4419683E-02  1.3518852E-02  1.4101573E-02  1.3220615E-02
     176.398  1.5674562E-02  1.4692299E-02  1.5278391E-02  1.4320955E-02
     176.598  1.6874041E-02  1.5813337E-02  1.6412700E-02  1.5380996E-02
     176.798  1.8008340E-02  1.6872833E-02  1.7500755E-02  1.6397254E-02
     176.998  1.9071019E-02  1.7864791E-02  1.8539266E-02  1.7366671E-02
     177.198  2.0059479E-02  1.8786819E-02  1.9525469E-02  1.8286689E-02
     177.398  2.0974876E-02  1.9640040E-02  2.0457169E-02  1.9155280E-02
     177.598  2.1821515E-02  2.0428527E-02  2.1332759E-02  1.9970971E-02
     177.798  2.2605729E-02  2.1158247E-02  2.2151123E-02  2.0732750E-02
     177.998  2.3334567E-02  2.1835831E-02  2.2911569E-02  2.1440002E-02
     178.198  2.4014382E-02  2.2467258E-02  2.3613660E-02  2.2092352E-02
     178.398  2.4649677E-02  2.3056765E-02  2.4257095E-02  2.2689552E-02
     178.598  2.5242281E-02  2.3606089E-02  2.4841557E-02  2.3231340E-02
     178.798  2.5791027E-02  2.4114165E-02  2.5366584E-02  2.3717317E-02
     178.998  2.6291980E-02  2.4577337E-02  2.5831495E-02  2.4146883E-02
     179.198  2.6739075E-02  2.4989968E-02  2.6235326E-02  2.4519171E-02
     179.398  2.7125125E-02  2.5345373E-02  2.6576837E-02  2.4833059E-02
     179.598  2.7442915E-02  2.5636846E-02  2.6854531E-02  2.5087185E-02
     179.798  2.7686259E-02  2.5858653E-02  2.7066738E-02  2.5280028E-02
     179.998  2.7850788E-02  2.6006758E-02  2.7211700E-02  2.5409984E-02
     180.198  2.7934362E-02  2.6079208E-02  2.7287690E-02  2.5475483E-02
     180.398  2.7937060E-02  2.6076127E-02  2.7293136E-02  2.5475096E-02
     180.598  2.7860772E-02  2.5999327E-02  2.7226741E-02  2.5407657E-02
     180.798  2.7708501E-02  2.5851658E-02  2.7087595E-02  2.5272361E-02
     180.998  2.7483541E-02  2.5636238E-02  2.6875282E-02  2.5068863E-02
     181.198  2.7188705E-02  2.5355734E-02  2.6589949E-02  2.4797345E-02
     181.398  2.6825763E-02  2.5011841E-02  2.6232366E-02  2.4458568E-02
     181.598  2.6395240E-02  2.4605088E-02  2.5803957E-02  2.4053906E-02
     181.798  2.5896568E-02  2.4134987E-02  2.5306786E-02  2.3585324E-02
     181.998  2.5328625E-02  2.3600535E-02  2.4743539E-02  2.3055368E-02
     182.198  2.4690490E-02  2.3000918E-02  2.4117433E-02  2.2467075E-02
     182.398  2.3982327E-02  2.2336331E-02  2.3432145E-02  2.1823910E-02
     182.598  2.3206124E-02  2.1608668E-02  2.2691661E-02  2.1129619E-02
     182.798  2.2366189E-02  2.0821984E-02  2.1900137E-02  2.0388109E-02
     182.998  2.1469255E-02  1.9982583E-02  2.1061763E-02  1.9603308E-02
     183.198  2.0524075E-02  1.9098648E-02  2.0180570E-02  1.8779000E-02
     183.398  1.9540666E-02  1.8179528E-02  1.9260336E-02  1.7918725E-02
     183.598  1.8529164E-02  1.7234677E-02  1.8304443E-02  1.7025655E-02
     183.798  1.7498597E-02  1.6272506E-02  1.7315832E-02  1.6102546E-02
     183.998  1.6455745E-02  1.5299332E-02  1.6297008E-02  1.5151750E-02
     184.198  1.5404252E-02  1.4318552E-02  1.5250060E-02  1.4175227E-02
     184.398  1.4344290E-02  1.3330330E-02  1.4176807E-02  1.3174686E-02
     184.598  1.3272709E-02  1.2331749E-02  1.3078912E-02  1.2151690E-02
     184.798  1.2183863E-02  1.1317569E-02  1.1958112E-02  1.1107870E-02
     184.998  1.1070818E-02  1.0281365E-02  1.0816380E-02  1.0045071E-02
     185.198  9.9269314E-03  9.2169838E-03  9.6561210E-03  8.9655410E-03
     185.398  8.7474726E-03  8.1200550E-03  8.4803419E-03  7.8720845E-03
     185.598  7.5309874E-03  6.9892524E-03  7.2926979E-03  6.7681040E-03
     185.798  6.2803002E-03  5.8272206E-03  6.0975569E-03  5.6576610E-03
     185.998  5.0028006E-03  4.6408374E-03  4.8998897E-03  4.5453723E-03
     186.198  3.7101326E-03  3.4409196E-03  3.7051788E-03  3.4363253E-03
     186.398  2.4171239E-03  2.2412267E-03  2.5191752E-03  2.3358516E-03
     186.598  1.1402570E-03  1.0570396E-03  1.3476722E-03  1.2493173E-03
     186.798 -1.0415417E-04 -9.6530956E-05  1.9626481E-04  1.8189987E-04
     186.998 -1.3018666E-03 -1.2063067E-03 -9.2993466E-04 -8.6167541E-04
     187.198 -2.4422447E-03 -2.2624635E-03 -2.0264515E-03 -1.8772781E-03
     187.398 -3.5193773E-03 -3.2595618E-03 -3.0896278E-03 -2.8615383E-03
     187.598 -4.5324177E-03 -4.1968568E-03 -4.1166331E-03 -3.8118552E-03
     187.798 -5.4852652E-03 -5.0779982E-03 -5.1054706E-03 -4.7264024E-03
     187.998 -6.3855061E-03 -5.9100446E-03 -6.0548514E-03 -5.6040103E-03
     188.198 -7.2428400E-03 -6.7020041E-03 -6.9640102E-03 -6.4439950E-03
     188.398 -8.0672773E-03 -7.4631641E-03 -7.8325303E-03 -7.2459960E-03
     188.598 -8.8672860E-03 -8.2013771E-03 -8.6600909E-03 -8.0097418E-03
     188.798 -9.6483042E-03 -8.9216865E-03 -9.4463067E-03 -8.7349015E-03
     188.998 -1.0411717E-02 -9.6253846E-03 -1.0190545E-02 -9.4209163E-03
     189.198 -1.1154571E-02 -1.0309751E-02 -1.0891871E-02 -1.0066947E-02
     189.398 -1.1869954E-02 -1.0968413E-02 -1.1549017E-02 -1.0671852E-02
     189.598 -1.2548023E-02 -1.1592294E-02 -1.2160442E-02 -1.1234233E-02
     189.798 -1.3177513E-02 -1.2171011E-02 -1.2724463E-02 -1.1752565E-02
     189.998 -1.3747412E-02 -1.2694429E-02 -1.3239392E-02 -1.2225320E-02
     190.198 -1.4248624E-02 -1.3154185E-02 -1.3703730E-02 -1.2651145E-02
     190.398 -1.4675260E-02 -1.3544891E-02 -1.4116306E-02 -1.3028992E-02
     190.598 -1.5025452E-02 -1.3864870E-02 -1.4476420E-02 -1.3358247E-02
     190.798 -1.5301498E-02 -1.4116292E-02 -1.4783906E-02 -1.3638790E-02
     190.998 -1.5509373E-02 -1.4304714E-02 -1.5039144E-02 -1.3871008E-02
     191.198 -1.5657704E-02 -1.4438135E-02 -1.5243025E-02 -1.4055755E-02
     191.398 -1.5756358E-02 -1.4525692E-02 -1.5396842E-02 -1.4194256E-02
     191.598 -1.5814921E-02 -1.4576250E-02 -1.5502169E-02 -1.4287993E-02
     191.798 -1.5841278E-02 -1.4597103E-02 -1.5560712E-02 -1.4338572E-02
     191.998 -1.5840553E-02 -1.4592990E-02 -1.5574177E-02 -1.4347594E-02
     192.198 -1.5814542E-02 -1.4565586E-02 -1.5544166E-02 -1.4316562E-02
     192.398 -1.5761735E-02 -1.4513514E-02 -1.5472107E-02 -1.4246822E-02
     192.598 -1.5677891E-02 -1.4432889E-02 -1.5359241E-02 -1.4139544E-02
     192.798 -1.5557061E-02 -1.4318256E-02 -1.5206651E-02 -1.3995750E-02
     192.998 -1.5392874E-02 -1.4163777E-02 -1.5015324E-02 -1.3816374E-02
     193.198 -1.5179861E-02 -1.3964450E-02 -1.4786237E-02 -1.3602343E-02
     193.398 -1.4914613E-02 -1.3717170E-02 -1.4520460E-02 -1.3354663E-02
     193.598 -1.4596546E-02 -1.3421437E-02 -1.4219214E-02 -1.3074483E-02
     193.798 -1.4228216E-02 -1.3079635E-02 -1.3883942E-02 -1.2763152E-02
     193.998 -1.3815071E-02 -1.2696803E-02 -1.3516302E-02 -1.2422217E-02
     194.198 -1.3364758E-02 -1.2279998E-02 -1.3118156E-02 -1.2053412E-02
     194.398 -1.2886055E-02 -1.1837310E-02 -1.2691501E-02 -1.1658590E-02
     194.598 -1.2387653E-02 -1.1376738E-02 -1.2238384E-02 -1.1239650E-02
     194.798 -1.1876974E-02 -1.0905110E-02 -1.1760821E-02 -1.0798461E-02
     194.998 -1.1359197E-02 -1.0427190E-02 -1.1260697E-02 -1.0336772E-02
     195.198 -1.0836707E-02 -9.9451704E-03 -1.0739730E-02 -9.8561722E-03
     195.398 -1.0308974E-02 -9.4585705E-03 -1.0199421E-02 -9.3580545E-03
     195.598 -9.7729574E-03 -8.9646029E-03 -9.6410977E-03 -8.8436497E-03
     195.798 -9.2238743E-03 -8.4588883E-03 -9.0659485E-03 -8.3140601E-03
     195.998 -8.6562814E-03 -7.9364449E-03 -8.4751172E-03 -7.7703459E-03
     196.198 -8.0652519E-03 -7.3927696E-03 -7.8698142E-03 -7.2136276E-03
     196.398 -7.4474374E-03 -6.8248100E-03 -7.2513978E-03 -6.6451599E-03
     196.598 -6.8019122E-03 -6.2317362E-03 -6.6214823E-03 -6.0664310E-03
     196.798 -6.1305817E-03 -5.6153124E-03 -5.9819644E-03 -5.4791863E-03
     196.998 -5.4381901E-03 -4.9799008E-03 -5.3350566E-03 -4.8854587E-03
     197.198 -4.7318387E-03 -4.3320173E-03 -4.6832262E-03 -4.2875124E-03
     197.398 -4.0201728E-03 -3.6795845E-03 -4.0291219E-03 -3.6877755E-03
     197.598 -3.3123415E-03 -3.0309785E-03 -3.3754683E-03 -3.0887431E-03
     197.798 -2.6168574E-03 -2.3939846E-03 -2.7249073E-03 -2.4928321E-03
     197.998 -1.9406185E-03 -1.7749041E-03 -2.0798886E-03 -1.9022816E-03
     198.198 -1.2881332E-03 -1.1778468E-03 -1.4425249E-03 -1.3190199E-03
     198.398 -6.6116497E-04 -6.0440917E-04 -8.1453096E-04 -7.4460989E-04
     198.598 -5.8738769E-05 -5.3683287E-05 -1.9715790E-04 -1.8018907E-04
     198.798  5.2242544E-04  4.7734404E-04  4.0879229E-04  3.7351657E-04
     198.998  1.0871668E-03  9.9310731E-04  1.0029077E-03  9.1613807E-04
     199.198  1.6409755E-03  1.4986312E-03  1.5850995E-03  1.4476021E-03
     199.398  2.1890002E-03  1.9986236E-03  2.1554663E-03  1.9680062E-03
     199.598  2.7352067E-03  2.4967083E-03  2.7141926E-03  2.4775265E-03
     199.798  3.2817444E-03  2.9948475E-03  3.2614257E-03  2.9763051E-03
     199.998  3.8286334E-03  3.4930591E-03  3.7971742E-03  3.4643573E-03
