 # k       S(k)       S(k)_form^2       S(k)_Lorch          S(k)_Lorch_form^2
       0.200 -1.2131426E+00 -1.1768874E+00 -9.4214634E-01 -9.1398992E-01
       0.400 -1.1992604E+00 -1.1634126E+00 -9.2840320E-01 -9.0065179E-01
       0.600 -1.1757593E+00 -1.1406020E+00 -9.0604474E-01 -8.7895238E-01
       0.800 -1.1422242E+00 -1.1080533E+00 -8.7587115E-01 -8.4966848E-01
       1.000 -1.0983146E+00 -1.0654371E+00 -8.3896264E-01 -8.1384866E-01
       1.200 -1.0439606E+00 -1.0126866E+00 -7.9663717E-01 -7.7277222E-01
       1.400 -9.7955606E-01 -9.5018528E-01 -7.5035306E-01 -7.2785465E-01
       1.600 -9.0611843E-01 -8.7892169E-01 -7.0214166E-01 -6.8106719E-01
       1.800 -8.2538596E-01 -8.0058356E-01 -6.5312311E-01 -6.3349712E-01
       2.000 -7.3983128E-01 -7.1757087E-01 -6.0536820E-01 -5.8715358E-01
       2.200 -6.5258130E-01 -6.3291793E-01 -5.6048458E-01 -5.4359624E-01
       2.400 -5.6724514E-01 -5.5012624E-01 -5.1997700E-01 -5.0428461E-01
       2.600 -4.8766436E-01 -4.7292201E-01 -4.8514577E-01 -4.7047956E-01
       2.800 -4.1761051E-01 -4.0496268E-01 -4.5702703E-01 -4.4318542E-01
       3.000 -3.6046270E-01 -3.4952408E-01 -4.3634789E-01 -4.2310645E-01
       3.200 -3.1890166E-01 -3.0920382E-01 -4.2349776E-01 -4.1061914E-01
       3.400 -2.9465598E-01 -2.8567534E-01 -4.1851778E-01 -4.0576203E-01
       3.600 -2.8833088E-01 -2.7952211E-01 -4.2110927E-01 -4.0824399E-01
       3.800 -2.9934066E-01 -2.9017255E-01 -4.3066107E-01 -4.1747092E-01
       4.000 -3.2595433E-01 -3.1594470E-01 -4.4629412E-01 -4.3258901E-01
       4.200 -3.6545080E-01 -3.5419712E-01 -4.6692021E-01 -4.5254188E-01
       4.400 -4.1436733E-01 -4.0157019E-01 -4.9131090E-01 -4.7613747E-01
       4.600 -4.6881452E-01 -4.5429184E-01 -5.1817170E-01 -5.0212006E-01
       4.800 -5.2482360E-01 -5.0851435E-01 -5.4621608E-01 -5.2924205E-01
       5.000 -5.7868866E-01 -5.6064616E-01 -5.7423422E-01 -5.5633060E-01
       5.200 -6.2726773E-01 -6.0764355E-01 -6.0115156E-01 -5.8234443E-01
       5.400 -6.6821233E-01 -6.4723281E-01 -6.2607364E-01 -6.0641713E-01
       5.600 -7.0010281E-01 -6.7804104E-01 -6.4831384E-01 -6.2788405E-01
       5.800 -7.2248225E-01 -6.9962847E-01 -6.6740491E-01 -6.4629335E-01
       6.000 -7.3578679E-01 -7.1242050E-01 -6.8309220E-01 -6.6139932E-01
       6.200 -7.4118902E-01 -7.1755555E-01 -6.9531238E-01 -6.7314173E-01
       6.400 -7.4037629E-01 -7.1666991E-01 -7.0416008E-01 -6.8161333E-01
       6.600 -7.3529325E-01 -7.1164818E-01 -7.0984660E-01 -6.8701982E-01
       6.800 -7.2788077E-01 -7.0437036E-01 -7.1265444E-01 -6.8963584E-01
       7.000 -7.1984156E-01 -6.9648500E-01 -7.1289304E-01 -6.8976194E-01
       7.200 -7.1245759E-01 -6.8923265E-01 -7.1085856E-01 -6.8768575E-01
       7.400 -7.0647746E-01 -6.8333719E-01 -7.0680124E-01 -6.8365037E-01
       7.600 -7.0208060E-01 -6.7897155E-01 -7.0090220E-01 -6.7783194E-01
       7.800 -6.9891649E-01 -6.7579609E-01 -6.9326016E-01 -6.7032688E-01
       8.000 -6.9620741E-01 -6.7305838E-01 -6.8388813E-01 -6.6114872E-01
       8.200 -6.9289559E-01 -6.6973580E-01 -6.7271819E-01 -6.5023282E-01
       8.400 -6.8781164E-01 -6.6469860E-01 -6.5961213E-01 -6.3744670E-01
       8.600 -6.7984001E-01 -6.5686994E-01 -6.4437619E-01 -6.2260435E-01
       8.800 -6.6805893E-01 -6.4536107E-01 -6.2677632E-01 -6.0548107E-01
       9.000 -6.5183707E-01 -6.2956454E-01 -6.0655199E-01 -5.8582680E-01
       9.200 -6.3087729E-01 -6.0919622E-01 -5.8342797E-01 -5.6337756E-01
       9.400 -6.0520382E-01 -5.8428258E-01 -5.5712177E-01 -5.3786267E-01
       9.600 -5.7509821E-01 -5.5509861E-01 -5.2734738E-01 -5.0900837E-01
       9.800 -5.4099794E-01 -5.2206967E-01 -4.9381766E-01 -4.7654013E-01
      10.000 -5.0337253E-01 -4.8565175E-01 -4.5624487E-01 -4.4018318E-01
      10.200 -4.6259737E-01 -4.4620976E-01 -4.1434189E-01 -3.9966374E-01
      10.400 -4.1884685E-01 -4.0391455E-01 -3.6782855E-01 -3.5471510E-01
      10.600 -3.7201998E-01 -3.5867136E-01 -3.1644138E-01 -3.0508701E-01
      10.800 -3.2171142E-01 -3.1009230E-01 -2.5994923E-01 -2.5056075E-01
      11.000 -2.6723643E-01 -2.5752066E-01 -1.9817812E-01 -1.9097307E-01
      11.200 -2.0770186E-01 -2.0009978E-01 -1.3103798E-01 -1.2624187E-01
      11.400 -1.4212339E-01 -1.3688613E-01 -5.8557904E-02 -5.6400040E-02
      11.600 -6.9569270E-02 -6.6987978E-02  1.9079858E-02  1.8371921E-02
      11.800  1.0684073E-02  1.0284891E-02  1.0150810E-01  9.7715517E-02
      12.000  9.8998753E-02  9.5273884E-02  1.8814461E-01  1.8106559E-01
      12.200  1.9524862E-01  1.8785004E-01  2.7817459E-01  2.6763369E-01
      12.400  2.9873137E-01  2.8733019E-01  3.7054564E-01  3.5640363E-01
      12.600  4.0812516E-01  3.9243594E-01  4.6397336E-01  4.4613722E-01
      12.800  5.2150428E-01  5.0130978E-01  5.5696743E-01  5.3539968E-01
      13.000  6.3640734E-01  6.1158146E-01  6.4787186E-01  6.2259875E-01
      13.200  7.4995170E-01  7.2047875E-01  7.3491815E-01  7.0603602E-01
      13.400  8.5899216E-01  8.2498068E-01  8.1629479E-01  7.8397390E-01
      13.600  9.6029964E-01  9.2198956E-01  8.9022064E-01  8.5470627E-01
      13.800  1.0507502E+00  1.0085126E+00  9.5502208E-01  9.1663254E-01
      14.000  1.1275130E+00  1.0818425E+00  1.0092119E+00  9.6833324E-01
      14.200  1.1882124E+00  1.1397121E+00  1.0515563E+00  1.0086340E+00
      14.400  1.2310631E+00  1.1804240E+00  1.0811344E+00  1.0366626E+00
      14.600  1.2549618E+00  1.2029371E+00  1.0973801E+00  1.0518879E+00
      14.800  1.2595339E+00  1.2069103E+00  1.1001057E+00  1.0541430E+00
      15.000  1.2451344E+00  1.1927026E+00  1.0895069E+00  1.0436285E+00
      15.200  1.2128037E+00  1.1613292E+00  1.0661480E+00  1.0208979E+00
      15.400  1.1641840E+00  1.1143804E+00  1.0309280E+00  9.8682514E-01
      15.600  1.1014058E+00  1.0539121E+00  9.8503223E-01  9.4255666E-01
      15.800  1.0269534E+00  9.8231573E-01  9.2987248E-01  8.8945455E-01
      16.000  9.4351640E-01  9.0217619E-01  8.6701751E-01  8.2902910E-01
      16.200  8.5384550E-01  8.1613304E-01  7.9812398E-01  7.6287263E-01
      16.400  7.6061131E-01  7.2674569E-01  7.2486473E-01  6.9259070E-01
      16.600  6.6628451E-01  6.3637880E-01  6.4886529E-01  6.1974143E-01
      16.800  5.7304004E-01  5.4711115E-01  5.7164962E-01  5.4578364E-01
      17.000  4.8268461E-01  4.6066690E-01  4.9459292E-01  4.7203201E-01
      17.200  3.9662167E-01  3.7838274E-01  4.1889275E-01  3.9962968E-01
      17.400  3.1583961E-01  3.0119740E-01  3.4554722E-01  3.2952777E-01
      17.600  2.4093250E-01  2.2967208E-01  2.7534940E-01  2.6248044E-01
      17.800  1.7214396E-01  1.6403302E-01  2.0889260E-01  1.9905017E-01
      18.000  1.0942518E-01  1.0422742E-01  1.4658125E-01  1.3961855E-01
      18.200  5.2509232E-02  4.9994716E-02  8.8653663E-02  8.4408294E-02
      18.400  9.8383680E-04  9.3634059E-04  3.5204101E-02  3.3504570E-02
      18.600 -4.5634190E-02 -4.3413231E-02 -1.3788279E-02 -1.3117221E-02
      18.800 -8.7837947E-02 -8.3528295E-02 -5.8434710E-02 -5.5567689E-02
      19.000 -1.2608059E-01 -1.1984448E-01 -9.8910930E-02 -9.4018672E-02
      19.200 -1.6074257E-01 -1.5272773E-01 -1.3543460E-01 -1.2868165E-01
      19.400 -1.9211826E-01 -1.8246164E-01 -1.6824826E-01 -1.5979145E-01
      19.600 -2.2041611E-01 -2.0924789E-01 -1.9760342E-01 -1.8759109E-01
      19.800 -2.4577490E-01 -2.3322172E-01 -2.2375119E-01 -2.1232289E-01
      20.000 -2.6828731E-01 -2.5447449E-01 -2.4693471E-01 -2.3422123E-01
      20.200 -2.8802802E-01 -2.7308039E-01 -2.6738471E-01 -2.5350840E-01
      20.400 -3.0508190E-01 -2.8912318E-01 -2.8531850E-01 -2.7039360E-01
      20.600 -3.1956532E-01 -3.0271637E-01 -3.0093879E-01 -2.8507192E-01
      20.800 -3.3164036E-01 -3.1401658E-01 -3.1443508E-01 -2.9772561E-01
      21.000 -3.4151779E-01 -3.2322628E-01 -3.2598438E-01 -3.0852483E-01
      21.200 -3.4944999E-01 -3.3058697E-01 -3.3575226E-01 -3.1762863E-01
      21.400 -3.5571564E-01 -3.3636463E-01 -3.4389422E-01 -3.2518630E-01
      21.600 -3.6059815E-01 -3.4082926E-01 -3.5055605E-01 -3.3133769E-01
      21.800 -3.6436268E-01 -3.4423315E-01 -3.5587453E-01 -3.3621394E-01
      22.000 -3.6723479E-01 -3.4679075E-01 -3.5997761E-01 -3.3993758E-01
      22.200 -3.6938472E-01 -3.4866392E-01 -3.6298448E-01 -3.4262270E-01
      22.400 -3.7091981E-01 -3.4995489E-01 -3.6500587E-01 -3.4437522E-01
      22.600 -3.7188590E-01 -3.5070773E-01 -3.6614417E-01 -3.4529298E-01
      22.800 -3.7227774E-01 -3.5091826E-01 -3.6649385E-01 -3.4546621E-01
      23.000 -3.7205636E-01 -3.5055053E-01 -3.6614187E-01 -3.4497791E-01
      23.200 -3.7117060E-01 -3.4955720E-01 -3.6516830E-01 -3.4390442E-01
      23.400 -3.6957920E-01 -3.4790034E-01 -3.6364687E-01 -3.4231599E-01
      23.600 -3.6727004E-01 -3.4556949E-01 -3.6164561E-01 -3.4027739E-01
      23.800 -3.6427311E-01 -3.4259383E-01 -3.5922727E-01 -3.3784829E-01
      24.000 -3.6066556E-01 -3.3904680E-01 -3.5644968E-01 -3.3508362E-01
      24.200 -3.5656797E-01 -3.3504253E-01 -3.5336601E-01 -3.3203388E-01
      24.400 -3.5213240E-01 -3.3072452E-01 -3.5002473E-01 -3.2874499E-01
      24.600 -3.4752484E-01 -3.2624905E-01 -3.4646964E-01 -3.2525845E-01
      24.800 -3.4290436E-01 -3.2176563E-01 -3.4273965E-01 -3.2161108E-01
      25.000 -3.3840300E-01 -3.1739819E-01 -3.3886869E-01 -3.1783496E-01
      25.200 -3.3410969E-01 -3.1322994E-01 -3.3488570E-01 -3.1395745E-01
      25.400 -3.3006032E-01 -3.0929430E-01 -3.3081453E-01 -3.1000106E-01
      25.600 -3.2623649E-01 -3.0557376E-01 -3.2667426E-01 -3.0598380E-01
      25.800 -3.2257213E-01 -3.0200618E-01 -3.2247933E-01 -3.0191929E-01
      26.000 -3.1896771E-01 -2.9849826E-01 -3.1824009E-01 -2.9781734E-01
      26.200 -3.1530894E-01 -2.9494304E-01 -3.1396318E-01 -2.9368420E-01
      26.400 -3.1148740E-01 -2.9123924E-01 -3.0965203E-01 -2.8952317E-01
      26.600 -3.0741941E-01 -2.8730886E-01 -3.0530743E-01 -2.8533504E-01
      26.800 -3.0305996E-01 -2.8311019E-01 -3.0092774E-01 -2.8111832E-01
      27.000 -2.9840986E-01 -2.7864434E-01 -2.9650928E-01 -2.7686964E-01
      27.200 -2.9351440E-01 -2.7395396E-01 -2.9204632E-01 -2.7258372E-01
      27.400 -2.8845440E-01 -2.6911474E-01 -2.8753116E-01 -2.6825340E-01
      27.600 -2.8333093E-01 -2.6422113E-01 -2.8295405E-01 -2.6386968E-01
      27.800 -2.7824612E-01 -2.5936842E-01 -2.7830296E-01 -2.5942141E-01
      28.000 -2.7328393E-01 -2.5463478E-01 -2.7356365E-01 -2.5489540E-01
      28.200 -2.6849330E-01 -2.5006562E-01 -2.6871953E-01 -2.5027632E-01
      28.400 -2.6387719E-01 -2.4566349E-01 -2.6375194E-01 -2.4554689E-01
      28.600 -2.5938905E-01 -2.4138488E-01 -2.5864055E-01 -2.4068833E-01
      28.800 -2.5493721E-01 -2.3714433E-01 -2.5336381E-01 -2.3568075E-01
      29.000 -2.5039688E-01 -2.3282577E-01 -2.4789996E-01 -2.3050406E-01
      29.200 -2.4562727E-01 -2.2829840E-01 -2.4222771E-01 -2.2513868E-01
      29.400 -2.4049157E-01 -2.2343538E-01 -2.3632743E-01 -2.1956657E-01
      29.600 -2.3487639E-01 -2.1813176E-01 -2.3018218E-01 -2.1377221E-01
      29.800 -2.2870723E-01 -2.1231889E-01 -2.2377848E-01 -2.0774332E-01
      30.000 -2.2195833E-01 -2.0597342E-01 -2.1710726E-01 -2.0147171E-01
      30.200 -2.1465450E-01 -1.9911893E-01 -2.1016421E-01 -1.9495362E-01
      30.400 -2.0686558E-01 -1.9182071E-01 -2.0295001E-01 -1.8818992E-01
      30.600 -1.9869430E-01 -1.8417444E-01 -1.9547045E-01 -1.8118618E-01
      30.800 -1.9025929E-01 -1.7629032E-01 -1.8773577E-01 -1.7395208E-01
      31.000 -1.8167694E-01 -1.6827637E-01 -1.7976035E-01 -1.6650115E-01
      31.200 -1.7304415E-01 -1.6022233E-01 -1.7156173E-01 -1.5884976E-01
      31.400 -1.6442547E-01 -1.5218792E-01 -1.6315984E-01 -1.5101649E-01
      31.600 -1.5584643E-01 -1.4419663E-01 -1.5457631E-01 -1.4302145E-01
      31.800 -1.4729342E-01 -1.3623573E-01 -1.4583341E-01 -1.3488532E-01
      32.000 -1.3872103E-01 -1.2826309E-01 -1.3695380E-01 -1.2662909E-01
      32.200 -1.3006401E-01 -1.2021830E-01 -1.2795983E-01 -1.1827341E-01
      32.400 -1.2125290E-01 -1.1203715E-01 -1.1887343E-01 -1.0983853E-01
      32.600 -1.1222996E-01 -1.0366630E-01 -1.0971631E-01 -1.0134445E-01
      32.800 -1.0296238E-01 -9.5075529E-02 -1.0050975E-01 -9.2810763E-02
      33.000 -9.3451579E-02 -8.6266205E-02 -9.1275362E-02 -8.4257315E-02
      33.200 -8.3735708E-02 -7.7273611E-02 -8.2035063E-02 -7.5704209E-02
      33.400 -7.3886647E-02 -6.8164074E-02 -7.2811861E-02 -6.7172532E-02
      33.600 -6.4000604E-02 -5.9026275E-02 -6.3629929E-02 -5.8684411E-02
      33.800 -5.4185325E-02 -4.9959421E-02 -5.4515051E-02 -5.0263432E-02
      34.000 -4.4545736E-02 -4.1060005E-02 -4.5494988E-02 -4.1934979E-02
      34.200 -3.5170118E-02 -3.2409073E-02 -3.6599286E-02 -3.3726043E-02
      34.400 -2.6120364E-02 -2.4063274E-02 -2.7859652E-02 -2.5665586E-02
      34.600 -1.7426611E-02 -1.6049962E-02 -1.9309580E-02 -1.7784182E-02
      34.800 -9.0882667E-03 -8.3681714E-03 -1.0984343E-02 -1.0114015E-02
      35.000 -1.0806700E-03 -9.9479583E-04 -2.9209156E-03 -2.6888084E-03
      35.200  6.6341871E-03  6.1055229E-03  4.8425633E-03  4.4566698E-03
      35.400  1.4093864E-02  1.2967686E-02  1.2266755E-02  1.1286573E-02
      35.600  2.1322205E-02  1.9613939E-02  1.9311724E-02  1.7764531E-02
      35.800  2.8318014E-02  2.6043468E-02  2.5937188E-02  2.3853874E-02
      36.000  3.5048080E-02  3.2226018E-02  3.2102855E-02  2.9517941E-02
      36.200  4.1446090E-02  3.8100919E-02  3.7769129E-02  3.4720731E-02
      36.400  4.7416869E-02  4.3581016E-02  4.2897418E-02  3.9427172E-02
      36.600  5.2846213E-02  4.8561723E-02  4.7450930E-02  4.3603861E-02
      36.800  5.7613903E-02  5.2932990E-02  5.1395213E-02  4.7219545E-02
      37.000  6.1608106E-02  5.6592527E-02  5.4698758E-02  5.0245677E-02
      37.200  6.4738944E-02  5.9458254E-02  5.7333751E-02  5.2657096E-02
      37.400  6.6948521E-02  6.1477483E-02  5.9276509E-02  5.4432429E-02
      37.600  6.8216377E-02  6.2631893E-02  6.0508059E-02  5.5554611E-02
      37.800  6.8559113E-02  6.2937161E-02  6.1014435E-02  5.6011158E-02
      38.000  6.8024641E-02  6.2437653E-02  6.0786903E-02  5.5794364E-02
      38.200  6.6682028E-02  6.1197089E-02  5.9822056E-02  5.4901385E-02
      38.400  6.4608788E-02  5.9286871E-02  5.8121768E-02  5.3334196E-02
      38.600  6.1877732E-02  5.6774018E-02  5.5693031E-02  5.1099435E-02
      38.800  5.8545715E-02  5.3710846E-02  5.2547755E-02  4.8208214E-02
      39.000  5.4646155E-02  5.0128128E-02  4.8702612E-02  4.4675984E-02
      39.200  5.0186311E-02  4.6032598E-02  4.4178748E-02  4.0522256E-02
      39.400  4.5150108E-02  4.1409571E-02  3.9001816E-02  3.5770644E-02
      39.600  3.9505414E-02  3.6229608E-02  3.3201818E-02  3.0448709E-02
      39.800  3.3214910E-02  3.0458503E-02  2.6813228E-02  2.4588078E-02
      40.000  2.6248541E-02  2.4068692E-02  1.9875268E-02  1.8224697E-02
      40.200  1.8595045E-02  1.7049819E-02  1.2431870E-02  1.1398797E-02
      40.400  1.0271432E-02  9.4174247E-03  4.5321490E-03  4.1553284E-03
      40.600  1.3278367E-03  1.2173847E-03 -3.7697810E-03 -3.4562033E-03
      40.800 -8.1518421E-03 -7.4735045E-03 -1.2414512E-02 -1.1381466E-02
      41.000 -1.8054748E-02 -1.6551933E-02 -2.1337846E-02 -1.9561758E-02
      41.200 -2.8247434E-02 -2.5895747E-02 -3.0471136E-02 -2.7934318E-02
      41.400 -3.8586734E-02 -3.5373901E-02 -3.9741861E-02 -3.6432850E-02
      41.600 -4.8931868E-02 -4.4857555E-02 -4.9074933E-02 -4.4988708E-02
      41.800 -5.9154642E-02 -5.4229408E-02 -5.8393530E-02 -5.3531666E-02
      42.000 -6.9147692E-02 -6.3391245E-02 -6.7620803E-02 -6.1991468E-02
      42.200 -7.8828412E-02 -7.2267541E-02 -7.6681213E-02 -7.0299053E-02
      42.400 -8.8138771E-02 -8.0805276E-02 -8.5501873E-02 -7.8387778E-02
      42.600 -9.7041829E-02 -8.8970747E-02 -9.4014262E-02 -8.6194987E-02
      42.800 -1.0551478E-01 -9.6743190E-02 -1.0215510E-01 -9.3662800E-02
      43.000 -1.1354138E-01 -1.0410782E-01 -1.0986761E-01 -1.0073929E-01
      43.200 -1.2110414E-01 -1.1104873E-01 -1.1710209E-01 -1.0737897E-01
      43.400 -1.2817841E-01 -1.1754336E-01 -1.2381618E-01 -1.1354306E-01
      43.600 -1.3472947E-01 -1.2355994E-01 -1.2997511E-01 -1.1919973E-01
      43.800 -1.4071261E-01 -1.2905747E-01 -1.3555127E-01 -1.2432364E-01
      44.000 -1.4607668E-01 -1.3398904E-01 -1.4052389E-01 -1.2889574E-01
      44.200 -1.5076987E-01 -1.3830706E-01 -1.4487836E-01 -1.3290255E-01
      44.400 -1.5474662E-01 -1.4196965E-01 -1.4860541E-01 -1.3633550E-01
      44.600 -1.5797464E-01 -1.4494704E-01 -1.5170050E-01 -1.3919031E-01
      44.800 -1.6043993E-01 -1.4722624E-01 -1.5416302E-01 -1.4146629E-01
      45.000 -1.6214951E-01 -1.4881346E-01 -1.5599576E-01 -1.4316583E-01
      45.200 -1.6313074E-01 -1.4973358E-01 -1.5720439E-01 -1.4429394E-01
      45.400 -1.6342752E-01 -1.5002667E-01 -1.5779709E-01 -1.4485793E-01
      45.600 -1.6309405E-01 -1.4974220E-01 -1.5778444E-01 -1.4486727E-01
      45.800 -1.6218710E-01 -1.4893206E-01 -1.5717921E-01 -1.4433344E-01
      46.000 -1.6075822E-01 -1.4764331E-01 -1.5599638E-01 -1.4326995E-01
      46.200 -1.5884737E-01 -1.4591239E-01 -1.5425310E-01 -1.4169224E-01
      46.400 -1.5647895E-01 -1.4376146E-01 -1.5196866E-01 -1.3961774E-01
      46.600 -1.5366101E-01 -1.4119766E-01 -1.4916435E-01 -1.3706572E-01
      46.800 -1.5038787E-01 -1.3821546E-01 -1.4586332E-01 -1.3405713E-01
      47.000 -1.4664530E-01 -1.3480150E-01 -1.4209021E-01 -1.3061430E-01
      47.200 -1.4241772E-01 -1.3094113E-01 -1.3787079E-01 -1.2676060E-01
      47.400 -1.3769579E-01 -1.2662540E-01 -1.3323151E-01 -1.2252004E-01
      47.600 -1.3248287E-01 -1.2185705E-01 -1.2819885E-01 -1.1791663E-01
      47.800 -1.2679957E-01 -1.1665465E-01 -1.2279888E-01 -1.1297405E-01
      48.000 -1.2068478E-01 -1.1105361E-01 -1.1705654E-01 -1.0771492E-01
      48.200 -1.1419368E-01 -1.0510434E-01 -1.1099534E-01 -1.0216058E-01
      48.400 -1.0739219E-01 -9.8867190E-02 -1.0463677E-01 -9.6330502E-02
      48.600 -1.0034949E-01 -9.2405526E-02 -9.8000105E-02 -9.0242130E-02
      48.800 -9.3129435E-02 -8.5777911E-02 -9.1102347E-02 -8.3910838E-02
      49.000 -8.5782281E-02 -7.9030391E-02 -8.3958023E-02 -7.7349720E-02
      49.200 -7.8338690E-02 -7.2191022E-02 -7.6579593E-02 -7.0569972E-02
      49.400 -7.0806294E-02 -6.5266655E-02 -6.8977477E-02 -6.3580919E-02
      49.600 -6.3170207E-02 -5.8243385E-02 -6.1160528E-02 -5.6390447E-02
      49.800 -5.5397142E-02 -5.1090324E-02 -5.3136597E-02 -4.9005524E-02
      50.000 -4.7442119E-02 -4.3765762E-02 -4.4912740E-02 -4.1432388E-02
      50.200 -3.9257716E-02 -3.6225688E-02 -3.6496157E-02 -3.3677415E-02
      50.400 -3.0802637E-02 -2.8431694E-02 -2.7894001E-02 -2.5746941E-02
      50.600 -2.2050273E-02 -2.0358886E-02 -1.9114299E-02 -1.7648119E-02
      50.800 -1.2994385E-02 -1.2001152E-02 -1.0166341E-02 -9.3892707E-03
      51.000 -3.6511321E-03 -3.3730580E-03 -1.0606678E-03 -9.7988622E-04
      51.200  5.9418832E-03  5.4909979E-03  8.1903377E-03  7.5688340E-03
      51.400  1.5730651E-02  1.4541412E-02  1.7572666E-02  1.6244171E-02
      51.600  2.5651526E-02  2.3719611E-02  2.7070232E-02  2.5031468E-02
      51.800  3.5639932E-02  3.2966086E-02  3.6665186E-02  3.3914421E-02
      52.000  4.5638326E-02  4.2227762E-02  4.6337831E-02  4.2874993E-02
      52.200  5.5602509E-02  5.1463843E-02  5.6066584E-02  5.1893376E-02
      52.400  6.5505693E-02  6.0649593E-02  6.5828475E-02  6.0948447E-02
      52.600  7.5338487E-02  6.9776357E-02  7.5598965E-02  7.0017605E-02
      52.800  8.5106347E-02  7.8849215E-02  8.5352581E-02  7.9077345E-02
      53.000  9.4823484E-02  8.7881362E-02  9.5062805E-02  8.8103163E-02
      53.200  1.0450583E-01  9.6887611E-02  1.0470271E-01  9.7070136E-02
      53.400  1.1416323E-01  1.0587712E-01  1.1424513E-01  1.0595308E-01
      53.600  1.2379263E-01  1.1484712E-01  1.2366281E-01  1.1472668E-01
      53.800  1.3337416E-01  1.2377922E-01  1.3292901E-01  1.2336609E-01
      54.000  1.4286952E-01  1.3263785E-01  1.4201743E-01  1.3184679E-01
      54.200  1.5222434E-01  1.4137254E-01  1.5090264E-01  1.4014506E-01
      54.400  1.6137321E-01  1.4992240E-01  1.5956018E-01  1.4823802E-01
      54.600  1.7024665E-01  1.5822273E-01  1.6796640E-01  1.5610353E-01
      54.800  1.7877947E-01  1.6621267E-01  1.7609885E-01  1.6372048E-01
      55.000  1.8691786E-01  1.7384191E-01  1.8393582E-01  1.7106847E-01
      55.200  1.9462536E-01  1.8107613E-01  1.9145661E-01  1.7812798E-01
      55.400  2.0188519E-01  1.8789931E-01  1.9864112E-01  1.8487998E-01
      55.600  2.0869992E-01  1.9431342E-01  2.0546994E-01  1.9130610E-01
      55.800  2.1508745E-01  2.0033470E-01  2.1192422E-01  1.9738843E-01
      56.000  2.2107448E-01  2.0598759E-01  2.1798553E-01  2.0310943E-01
      56.200  2.2668874E-01  2.1129752E-01  2.2363615E-01  2.0845219E-01
      56.400  2.3195078E-01  2.1628329E-01  2.2885899E-01  2.1340034E-01
      56.600  2.3686754E-01  2.2095100E-01  2.3363805E-01  2.1793852E-01
      56.800  2.4142803E-01  2.2529004E-01  2.3795852E-01  2.2205244E-01
      57.000  2.4560274E-01  2.2927247E-01  2.4180736E-01  2.2572944E-01
      57.200  2.4934621E-01  2.3285542E-01  2.4517363E-01  2.2895879E-01
      57.400  2.5260284E-01  2.3598648E-01  2.4804882E-01  2.3173203E-01
      57.600  2.5531499E-01  2.3861127E-01  2.5042737E-01  2.3404341E-01
      57.800  2.5743172E-01  2.4068155E-01  2.5230675E-01  2.3589004E-01
      58.000  2.5891710E-01  2.4216306E-01  2.5368777E-01  2.3727211E-01
      58.200  2.5975638E-01  2.4304131E-01  2.5457448E-01  2.3819286E-01
      58.400  2.5995923E-01  2.4332464E-01  2.5497406E-01  2.3865846E-01
      58.600  2.5955927E-01  2.4304381E-01  2.5489655E-01  2.3867778E-01
      58.800  2.5861007E-01  2.4224833E-01  2.5435444E-01  2.3826195E-01
      59.000  2.5717821E-01  2.4100000E-01  2.5336215E-01  2.3742398E-01
      59.200  2.5533457E-01  2.3936467E-01  2.5193550E-01  2.3617820E-01
      59.400  2.5314502E-01  2.3740370E-01  2.5009116E-01  2.3453974E-01
      59.600  2.5066243E-01  2.3516627E-01  2.4784616E-01  2.3252410E-01
      59.800  2.4792076E-01  2.3268391E-01  2.4521740E-01  2.3014670E-01
      60.000  2.4493251E-01  2.2996807E-01  2.4222138E-01  2.2742258E-01
      60.200  2.4168978E-01  2.2701103E-01  2.3887400E-01  2.2436626E-01
      60.400  2.3816849E-01  2.2378987E-01  2.3519044E-01  2.2099162E-01
      60.600  2.3433538E-01  2.2027303E-01  2.3118532E-01  2.1731200E-01
      60.800  2.3015614E-01  2.1642787E-01  2.2687268E-01  2.1334026E-01
      61.000  2.2560376E-01  2.1222860E-01  2.2226641E-01  2.0908910E-01
      61.200  2.2066524E-01  2.0766256E-01  2.1738026E-01  2.0457115E-01
      61.400  2.1534594E-01  2.0273439E-01  2.1222821E-01  1.9979925E-01
      61.600  2.0967087E-01  1.9746722E-01  2.0682466E-01  1.9478667E-01
      61.800  2.0368241E-01  1.9190058E-01  2.0118444E-01  1.8954711E-01
      62.000  1.9743554E-01  1.8608595E-01  1.9532299E-01  1.8409485E-01
      62.200  1.9099074E-01  1.8008009E-01  1.8925614E-01  1.7844458E-01
      62.400  1.8440639E-01  1.7393784E-01  1.8300002E-01  1.7261131E-01
      62.600  1.7773169E-01  1.6770549E-01  1.7657094E-01  1.6661022E-01
      62.800  1.7100106E-01  1.6141543E-01  1.6998493E-01  1.6045626E-01
      63.000  1.6423152E-01  1.5508368E-01  1.6325768E-01  1.5416409E-01
      63.200  1.5742254E-01  1.4870973E-01  1.5640403E-01  1.4774759E-01
      63.400  1.5055934E-01  1.4227955E-01  1.4943800E-01  1.4121987E-01
      63.600  1.4361783E-01  1.3577034E-01  1.4237234E-01  1.3459290E-01
      63.800  1.3657131E-01  1.2915679E-01  1.3521858E-01  1.2787749E-01
      64.000  1.2939723E-01  1.2241745E-01  1.2798710E-01  1.2108338E-01
      64.200  1.2208252E-01  1.1553985E-01  1.2068691E-01  1.1421904E-01
      64.400  1.1462757E-01  1.0852424E-01  1.1332612E-01  1.0729208E-01
      64.600  1.0704699E-01  1.0138431E-01  1.0591176E-01  1.0030914E-01
      64.800  9.9368291E-02  9.4146056E-02  9.8450351E-02  9.3276358E-02
      65.000  9.1627724E-02  8.6843736E-02  9.0947868E-02  8.6199377E-02
      65.200  8.3864859E-02  7.9514840E-02  8.3410065E-02  7.9083637E-02
      65.400  7.6116670E-02  7.2194445E-02  7.5842820E-02  7.1934706E-02
      65.600  6.8411769E-02  6.4909744E-02  6.8252047E-02  6.4758199E-02
      65.800  6.0766755E-02  5.7676569E-02  6.0644143E-02  5.7560193E-02
      66.000  5.3184190E-02  5.0497448E-02  5.3025777E-02  5.0347038E-02
      66.200  4.5653719E-02  4.3362644E-02  4.5404250E-02  4.3125694E-02
      66.400  3.8154992E-02  3.6252906E-02  3.7787240E-02  3.5903488E-02
      66.600  3.0662753E-02  2.9144301E-02  3.0182897E-02  2.8688209E-02
      66.800  2.3152843E-02  2.2013902E-02  2.2599909E-02  2.1488168E-02
      67.000  1.5607684E-02  1.4845009E-02  1.5047176E-02  1.4311891E-02
      67.200  8.0211654E-03  7.6318167E-03  7.5340396E-03  7.1683360E-03
      67.400  4.0098402E-04  3.8164983E-04  6.9904772E-05  6.6534183E-05
      67.600 -7.2308348E-03 -6.8845108E-03 -7.3355321E-03 -6.9841935E-03
      67.800 -1.4840428E-02 -1.4134381E-02 -1.4672616E-02 -1.3974553E-02
      68.000 -2.2386256E-02 -2.1328318E-02 -2.1931685E-02 -2.0895230E-02
      68.200 -2.9824563E-02 -2.8424517E-02 -2.9103019E-02 -2.7736844E-02
      68.400 -3.7115552E-02 -3.5384888E-02 -3.6177146E-02 -3.4490239E-02
      68.600 -4.4228293E-02 -4.2179751E-02 -4.3144607E-02 -4.1146258E-02
      68.800 -5.1144652E-02 -4.8791595E-02 -4.9996277E-02 -4.7696055E-02
      69.000 -5.7860438E-02 -5.5216195E-02 -5.6723133E-02 -5.4130866E-02
      69.200 -6.4384663E-02 -6.1461927E-02 -6.3316521E-02 -6.0442273E-02
      69.400 -7.0736236E-02 -6.7546629E-02 -6.9768086E-02 -6.6622134E-02
      69.600 -7.6939026E-02 -7.3492901E-02 -7.6069695E-02 -7.2662507E-02
      69.800 -8.3016463E-02 -7.9322956E-02 -8.2213672E-02 -7.8555881E-02
      70.000 -8.8985880E-02 -8.5053206E-02 -8.8192551E-02 -8.4294938E-02
      70.200 -9.4854460E-02 -9.0690386E-02 -9.3999283E-02 -8.9872751E-02
      70.400 -1.0061676E-01 -9.6229163E-02 -9.9627125E-02 -9.5282678E-02
      70.600 -1.0625454E-01 -1.0165194E-01 -1.0506954E-01 -1.0051827E-01
      70.800 -1.1173905E-01 -1.0693108E-01 -1.1032037E-01 -1.0557344E-01
      71.000 -1.1703494E-01 -1.1203254E-01 -1.1537361E-01 -1.1044222E-01
      71.200 -1.2210555E-01 -1.1692105E-01 -1.2022359E-01 -1.1511900E-01
      71.400 -1.2691815E-01 -1.2156502E-01 -1.2486481E-01 -1.1959829E-01
      71.600 -1.3144880E-01 -1.2594127E-01 -1.2929214E-01 -1.2387496E-01
      71.800 -1.3568546E-01 -1.3003796E-01 -1.3350077E-01 -1.2794421E-01
      72.000 -1.3962898E-01 -1.3385568E-01 -1.3748627E-01 -1.3180156E-01
      72.200 -1.4329223E-01 -1.3740646E-01 -1.4124482E-01 -1.3544315E-01
      72.400 -1.4669682E-01 -1.4071079E-01 -1.4477314E-01 -1.3886561E-01
      72.600 -1.4986874E-01 -1.4379338E-01 -1.4806880E-01 -1.4206640E-01
      72.800 -1.5283319E-01 -1.4667818E-01 -1.5113019E-01 -1.4504377E-01
      73.000 -1.5560990E-01 -1.4938397E-01 -1.5395672E-01 -1.4779693E-01
      73.200 -1.5820958E-01 -1.5192085E-01 -1.5654882E-01 -1.5032611E-01
      73.400 -1.6063206E-01 -1.5428851E-01 -1.5890800E-01 -1.5263253E-01
      73.600 -1.6286680E-01 -1.5647666E-01 -1.6103686E-01 -1.5471852E-01
      73.800 -1.6489521E-01 -1.5846727E-01 -1.6293896E-01 -1.5658728E-01
      74.000 -1.6669467E-01 -1.6023844E-01 -1.6461879E-01 -1.5824295E-01
      74.200 -1.6824339E-01 -1.6176902E-01 -1.6608151E-01 -1.5969032E-01
      74.400 -1.6952526E-01 -1.6304331E-01 -1.6733285E-01 -1.6093474E-01
      74.600 -1.7053372E-01 -1.6405482E-01 -1.6837890E-01 -1.6198187E-01
      74.800 -1.7127409E-01 -1.6480843E-01 -1.6922584E-01 -1.6283751E-01
      75.000 -1.7176374E-01 -1.6532069E-01 -1.6987982E-01 -1.6350743E-01
      75.200 -1.7203020E-01 -1.6561789E-01 -1.7034676E-01 -1.6399720E-01
      75.400 -1.7210734E-01 -1.6573251E-01 -1.7063231E-01 -1.6431211E-01
      75.600 -1.7203053E-01 -1.6569846E-01 -1.7074170E-01 -1.6445707E-01
      75.800 -1.7183126E-01 -1.6554600E-01 -1.7067981E-01 -1.6443666E-01
      76.000 -1.7153260E-01 -1.6529725E-01 -1.7045118E-01 -1.6425514E-01
      76.200 -1.7114587E-01 -1.6496308E-01 -1.7006007E-01 -1.6391650E-01
      76.400 -1.7066941E-01 -1.6454182E-01 -1.6951058E-01 -1.6342459E-01
      76.600 -1.7008965E-01 -1.6402033E-01 -1.6880675E-01 -1.6278320E-01
      76.800 -1.6938406E-01 -1.6337682E-01 -1.6795260E-01 -1.6199613E-01
      77.000 -1.6852591E-01 -1.6258542E-01 -1.6695228E-01 -1.6106725E-01
      77.200 -1.6748956E-01 -1.6162130E-01 -1.6580998E-01 -1.6000056E-01
      77.400 -1.6625571E-01 -1.6046571E-01 -1.6453001E-01 -1.5880012E-01
      77.600 -1.6481552E-01 -1.5911003E-01 -1.6311671E-01 -1.5747004E-01
      77.800 -1.6317290E-01 -1.5755791E-01 -1.6157433E-01 -1.5601435E-01
      78.000 -1.6134463E-01 -1.5582543E-01 -1.5990700E-01 -1.5443698E-01
      78.200 -1.5935809E-01 -1.5393894E-01 -1.5811855E-01 -1.5274155E-01
      78.400 -1.5724724E-01 -1.5193118E-01 -1.5621247E-01 -1.5093139E-01
      78.600 -1.5504728E-01 -1.4983610E-01 -1.5419181E-01 -1.4900939E-01
      78.800 -1.5278906E-01 -1.4768350E-01 -1.5205918E-01 -1.4697801E-01
      79.000 -1.5049424E-01 -1.4549429E-01 -1.4981678E-01 -1.4483933E-01
      79.200 -1.4817179E-01 -1.4327713E-01 -1.4746640E-01 -1.4259504E-01
      79.400 -1.4581681E-01 -1.4102730E-01 -1.4500960E-01 -1.4024660E-01
      79.600 -1.4341160E-01 -1.3872767E-01 -1.4244776E-01 -1.3779530E-01
      79.800 -1.4092894E-01 -1.3635189E-01 -1.3978222E-01 -1.3524242E-01
      80.000 -1.3833709E-01 -1.3386922E-01 -1.3701448E-01 -1.3258933E-01
      80.200 -1.3560542E-01 -1.3124999E-01 -1.3414613E-01 -1.2983757E-01
      80.400 -1.3271012E-01 -1.2847108E-01 -1.3117907E-01 -1.2698893E-01
      80.600 -1.2963850E-01 -1.2552013E-01 -1.2811536E-01 -1.2404538E-01
      80.800 -1.2639164E-01 -1.2239814E-01 -1.2495731E-01 -1.2100913E-01
      81.000 -1.2298457E-01 -1.1911957E-01 -1.2170731E-01 -1.1788246E-01
      81.200 -1.1944402E-01 -1.1571029E-01 -1.1836774E-01 -1.1466765E-01
      81.400 -1.1580439E-01 -1.1220357E-01 -1.1494089E-01 -1.1136691E-01
      81.600 -1.1210200E-01 -1.0863457E-01 -1.1142877E-01 -1.0798216E-01
      81.800 -1.0836936E-01 -1.0503482E-01 -1.0783311E-01 -1.0451507E-01
      82.000 -1.0462975E-01 -1.0142687E-01 -1.0415524E-01 -1.0096690E-01
      82.200 -1.0089351E-01 -9.7820806E-02 -1.0039620E-01 -9.7338638E-02
      82.400 -9.7156413E-02 -9.4212519E-02 -9.6556687E-02 -9.3630965E-02
      82.600 -9.3400471E-02 -9.0584605E-02 -9.2637267E-02 -8.9844411E-02
      82.800 -8.9597218E-02 -8.6909466E-02 -8.8638582E-02 -8.5979587E-02
      83.000 -8.5712537E-02 -8.3154006E-02 -8.4561422E-02 -8.2037252E-02
      83.200 -8.1712760E-02 -7.9285547E-02 -8.0407097E-02 -7.8018668E-02
      83.400 -7.7570456E-02 -7.5277445E-02 -7.6177472E-02 -7.3925638E-02
      83.600 -7.3269541E-02 -7.1114055E-02 -7.1875295E-02 -6.9760825E-02
      83.800 -6.8808268E-02 -6.6793639E-02 -6.7504168E-02 -6.5527722E-02
      84.000 -6.4200106E-02 -6.2329237E-02 -6.3068666E-02 -6.1230768E-02
      84.200 -5.9472198E-02 -5.7747172E-02 -5.8574386E-02 -5.6875402E-02
      84.400 -5.4661431E-02 -5.3083247E-02 -5.4027726E-02 -5.2467838E-02
      84.600 -4.9809363E-02 -4.8377822E-02 -4.9435933E-02 -4.8015125E-02
      84.800 -4.4956157E-02 -4.3669925E-02 -4.4806761E-02 -4.3524804E-02
      85.000 -4.0135271E-02 -3.8992089E-02 -4.0148467E-02 -3.9004910E-02
      85.200 -3.5369074E-02 -3.4366092E-02 -3.5469465E-02 -3.4463637E-02
      85.400 -3.0666666E-02 -2.9800826E-02 -3.0778230E-02 -2.9909240E-02
      85.600 -2.6024003E-02 -2.5292411E-02 -2.6083232E-02 -2.5349975E-02
      85.800 -2.1426043E-02 -2.0826276E-02 -2.1392683E-02 -2.0793850E-02
      86.000 -1.6851067E-02 -1.6381350E-02 -1.6714677E-02 -1.6248762E-02
      86.200 -1.2275713E-02 -1.1934956E-02 -1.2057006E-02 -1.1722320E-02
      86.400 -7.6805655E-03 -7.4682392E-03 -7.4273866E-03 -7.2220593E-03
      86.600 -3.0546400E-03 -2.9705382E-03 -2.8333665E-03 -2.7553570E-03
      86.800  1.6014234E-03  1.5575088E-03  1.7175223E-03  1.6704240E-03
      87.000  6.2742144E-03  6.1028418E-03  6.2176131E-03  6.0477866E-03
      87.200  1.0938833E-02  1.0641218E-02  1.0659194E-02  1.0369187E-02
      87.400  1.5561792E-02  1.5140028E-02  1.5034286E-02  1.4626820E-02
      87.600  2.0105675E-02  1.9562830E-02  1.9334789E-02  1.8812758E-02
      87.800  2.4534181E-02  2.3874249E-02  2.3552438E-02  2.2918914E-02
      88.000  2.8816892E-02  2.8044623E-02  2.7678815E-02  2.6937046E-02
      88.200  3.2933164E-02  3.2053794E-02  3.1705584E-02  3.0858992E-02
      88.400  3.6873972E-02  3.5892906E-02  3.5624453E-02  3.4676632E-02
      88.600  4.0642042E-02  3.9564543E-02  3.9427470E-02  3.8382172E-02
      88.800  4.4249682E-02  4.3080620E-02  4.3107007E-02  4.1968133E-02
      89.000  4.7715296E-02  4.6458992E-02  4.6656025E-02  4.5427610E-02
      89.200  5.1058775E-02  4.9718974E-02  5.0068129E-02  4.8754322E-02
      89.400  5.4296802E-02  5.2876761E-02  5.3337608E-02  5.1942654E-02
      89.600  5.7439025E-02  5.5941710E-02  5.6459606E-02  5.4987823E-02
      89.800  6.0485421E-02  5.8913756E-02  5.9430022E-02  5.7885781E-02
      90.000  6.3425755E-02  6.1782891E-02  6.2245617E-02  6.0633321E-02
      90.200  6.6240752E-02  6.4530299E-02  6.4903865E-02  6.3227933E-02
      90.400  6.8905207E-02  6.7131379E-02  6.7402994E-02  6.5667837E-02
      90.600  7.1392105E-02  6.9559761E-02  6.9741862E-02  6.7951873E-02
      90.800  7.3677166E-02  7.1791735E-02  7.1919851E-02  7.0079391E-02
      91.000  7.5743107E-02  7.3810404E-02  7.3936868E-02  7.2050254E-02
      91.200  7.7582567E-02  7.5608536E-02  7.5793193E-02  7.3864692E-02
      91.400  7.9199519E-02  7.7189946E-02  7.7489514E-02  7.5523330E-02
      91.600  8.0608596E-02  7.8568844E-02  7.9026819E-02  7.7027093E-02
      91.800  8.1832732E-02  7.9767534E-02  8.0406464E-02  7.8377260E-02
      92.000  8.2899316E-02  8.0812675E-02  8.1630150E-02  7.9575455E-02
      92.200  8.3835659E-02  8.1730857E-02  8.2699954E-02  8.0623666E-02
      92.400  8.4664579E-02  8.2544299E-02  8.3618414E-02  8.1524333E-02
      92.600  8.5400807E-02  8.3267340E-02  8.4388540E-02  8.2280360E-02
      92.800  8.6048959E-02  8.3904460E-02  8.5013903E-02  8.2895200E-02
      93.000  8.6603325E-02  8.4450076E-02  8.5498647E-02  8.3372865E-02
      93.200  8.7049630E-02  8.4890248E-02  8.5847535E-02  8.3717973E-02
      93.400  8.7368368E-02  8.5205934E-02  8.6065940E-02  8.3935741E-02
      93.600  8.7539166E-02  8.5377241E-02  8.6159823E-02  8.4031963E-02
      93.800  8.7545420E-02  8.5387952E-02  8.6135700E-02  8.4012972E-02
      93.999  8.7378355E-02  8.5229481E-02  8.6000565E-02  8.3885575E-02
      94.199  8.7039796E-02  8.4903586E-02  8.5761817E-02  8.3656971E-02
      94.399  8.6543179E-02  8.4423348E-02  8.5427171E-02  8.3334675E-02
      94.599  8.5912559E-02  8.3812214E-02  8.5004562E-02  8.2926416E-02
      94.799  8.5179824E-02  8.3101282E-02  8.4502060E-02  8.2440057E-02
      94.999  8.4380581E-02  8.2325277E-02  8.3927804E-02  8.1883529E-02
      95.199  8.3549359E-02  8.1517888E-02  8.3289913E-02  8.1264751E-02
      95.399  8.2715077E-02  8.0707329E-02  8.2596467E-02  8.0591598E-02
      95.599  8.1897411E-02  7.9912805E-02  8.1855433E-02  7.9871845E-02
      95.799  8.1104819E-02  7.9142576E-02  8.1074646E-02  7.9113133E-02
      95.999  8.0334497E-02  7.8393910E-02  8.0261781E-02  7.8322951E-02
      96.199  7.9574236E-02  7.7654901E-02  7.9424282E-02  7.7508564E-02
      96.399  7.8805945E-02  7.6907898E-02  7.8569336E-02  7.6676988E-02
      96.599  7.8010096E-02  7.6133846E-02  7.7703767E-02  7.5834885E-02
      96.799  7.7170416E-02  7.5316864E-02  7.6833977E-02  7.4988505E-02
      96.999  7.6277881E-02  7.4448143E-02  7.5965807E-02  7.4143555E-02
      97.199  7.5333381E-02  7.3528552E-02  7.5104434E-02  7.3305090E-02
      97.399  7.4348543E-02  7.2569439E-02  7.4254262E-02  7.2477414E-02
      97.599  7.3344488E-02  7.1591421E-02  7.3418787E-02  7.1663944E-02
      97.799  7.2348842E-02  7.0621468E-02  7.2600542E-02  7.0867159E-02
      97.999  7.1391346E-02  6.9688616E-02  7.1801015E-02  7.0088514E-02
      98.199  7.0498988E-02  6.8819217E-02  7.1020668E-02  6.9328467E-02
      98.399  6.9691329E-02  6.8032376E-02  7.0258949E-02  6.8586484E-02
      98.599  6.8976991E-02  6.7336518E-02  6.9514394E-02  6.7861139E-02
      98.799  6.8351850E-02  6.6727626E-02  6.8784765E-02  6.7150254E-02
      98.999  6.7799267E-02  6.6189464E-02  6.8067197E-02  6.6451033E-02
      99.199  6.7292414E-02  6.5695849E-02  6.7358415E-02  6.5760284E-02
      99.399  6.6798252E-02  6.5214529E-02  6.6654903E-02  6.5074579E-02
      99.599  6.6282572E-02  6.4712109E-02  6.5953130E-02  6.4390472E-02
      99.799  6.5715207E-02  6.4159136E-02  6.5249684E-02  6.3704637E-02
      99.999  6.5074589E-02  6.3534555E-02  6.4541421E-02  6.3014005E-02
     100.199  6.4350859E-02  6.2828738E-02  6.3825536E-02  6.2315842E-02
     100.399  6.3547092E-02  6.2044690E-02  6.3099670E-02  6.1607846E-02
     100.599  6.2678220E-02  6.1196987E-02  6.2361800E-02  6.0888045E-02
     100.799  6.1768129E-02  6.0308955E-02  6.1610253E-02  6.0154808E-02
     100.999  6.0845233E-02  5.9408337E-02  6.0843621E-02  5.9406763E-02
     101.199  5.9937349E-02  5.8522299E-02  6.0060678E-02  5.8642716E-02
     101.399  5.9066691E-02  5.7672533E-02  5.9260255E-02  5.7861528E-02
     101.599  5.8245923E-02  5.6871408E-02  5.8441176E-02  5.7062053E-02
     101.799  5.7475803E-02  5.6119667E-02  5.7602150E-02  5.6243033E-02
     101.999  5.6744942E-02  5.5406195E-02  5.6741749E-02  5.5403078E-02
     102.199  5.6031578E-02  5.4709747E-02  5.5858351E-02  5.4540606E-02
     102.399  5.5307133E-02  5.4002419E-02  5.4950142E-02  5.3653850E-02
     102.599  5.4540897E-02  5.3254229E-02  5.4015147E-02  5.2740883E-02
     102.799  5.3704988E-02  5.2437957E-02  5.3051225E-02  5.1799618E-02
     102.999  5.2778833E-02  5.1533518E-02  5.2056142E-02  5.0827879E-02
     103.199  5.1752270E-02  5.0530993E-02  5.1027579E-02  4.9823404E-02
     103.399  5.0626884E-02  4.9431935E-02  4.9963202E-02  4.8783918E-02
     103.599  4.9415227E-02  4.8248604E-02  4.8860671E-02  4.7707141E-02
     103.799  4.8138176E-02  4.7001390E-02  4.7717685E-02  4.6590829E-02
     103.999  4.6820867E-02  4.5714840E-02  4.6532031E-02  4.5432827E-02
     104.199  4.5487849E-02  4.4412928E-02  4.5301586E-02  4.4231067E-02
     104.399  4.4158467E-02  4.3114546E-02  4.4024402E-02  4.2983650E-02
     104.599  4.2843086E-02  4.1829819E-02  4.2698710E-02  4.1688857E-02
     104.799  4.1541019E-02  4.0558079E-02  4.1323037E-02  4.0345254E-02
     104.999  4.0240336E-02  3.9287681E-02  3.9896228E-02  3.8951719E-02
     105.199  3.8919742E-02  3.7997840E-02  3.8417546E-02  3.7507539E-02
     105.399  3.7552159E-02  3.6662124E-02  3.6886770E-02  3.6012505E-02
     105.599  3.6109326E-02  3.5252947E-02  3.5304214E-02  3.4466929E-02
     105.799  3.4566791E-02  3.3746446E-02  3.3670844E-02  3.2871761E-02
     105.999  3.2908247E-02  3.2126709E-02  3.1988246E-02  3.1228558E-02
     106.199  3.1128668E-02  3.0388844E-02  3.0258699E-02  2.9539550E-02
     106.399  2.9235511E-02  2.8540137E-02  2.8485088E-02  2.7807563E-02
     106.599  2.7247922E-02  2.6599293E-02  2.6670879E-02  2.6035987E-02
     106.799  2.5194062E-02  2.4593812E-02  2.4820063E-02  2.4228724E-02
     106.999  2.3106853E-02  2.2555840E-02  2.2936995E-02  2.2390033E-02
     107.199  2.1019146E-02  2.0517454E-02  2.1026358E-02  2.0524493E-02
     107.399  1.8958807E-02  1.8505855E-02  1.9092976E-02  1.8636819E-02
     107.599  1.6944866E-02  1.6539627E-02  1.7141788E-02  1.6731839E-02
     107.799  1.4985086E-02  1.4626346E-02  1.5177691E-02  1.4814340E-02
     107.999  1.3075574E-02  1.2762213E-02  1.3205494E-02  1.2889020E-02
     108.199  1.1202396E-02  1.0933632E-02  1.1229898E-02  1.0960473E-02
     108.399  9.3448118E-03  9.1203598E-03  9.2553824E-03  9.0330784E-03
     108.599  7.4797764E-03  7.2999108E-03  7.2862646E-03  7.1110524E-03
     108.799  5.5866610E-03  5.4521578E-03  5.3266038E-03  5.1983617E-03
     108.999  3.6515835E-03  3.5635604E-03  3.3802089E-03  3.2987275E-03
     109.199  1.6705164E-03  1.6301969E-03  1.4506384E-03  1.4156259E-03
     109.399 -3.4946517E-04 -3.4101956E-04 -4.5890572E-04 -4.4781523E-04
     109.599 -2.3907815E-03 -2.3329261E-03 -2.3455453E-03 -2.2887845E-03
     109.799 -4.4279842E-03 -4.3206840E-03 -4.2068489E-03 -4.1049073E-03
     109.999 -6.4316733E-03 -6.2756022E-03 -6.0407978E-03 -5.8942117E-03
     110.199 -8.3733221E-03 -8.1698459E-03 -7.8458765E-03 -7.6552175E-03
     110.399 -1.0229938E-02 -9.9809837E-03 -9.6210441E-03 -9.3869079E-03
     110.599 -1.1987855E-02 -1.1695688E-02 -1.1365673E-02 -1.1088670E-02
     110.799 -1.3645086E-02 -1.3312026E-02 -1.3079536E-02 -1.2760280E-02
     110.999 -1.5211596E-02 -1.4839726E-02 -1.4762621E-02 -1.4401728E-02
     111.199 -1.6707700E-02 -1.6298615E-02 -1.6415048E-02 -1.6013128E-02
     111.399 -1.8160581E-02 -1.7715210E-02 -1.8036828E-02 -1.7594492E-02
     111.599 -1.9599722E-02 -1.9118275E-02 -1.9627735E-02 -1.9145600E-02
     111.799 -2.1051841E-02 -2.0533867E-02 -2.1187111E-02 -2.0665808E-02
     111.999 -2.2536224E-02 -2.1980792E-02 -2.2713701E-02 -2.2153896E-02
     112.199 -2.4061302E-02 -2.3467267E-02 -2.4205622E-02 -2.3608024E-02
     112.399 -2.5622859E-02 -2.4989172E-02 -2.5660276E-02 -2.5025663E-02
     112.599 -2.7204391E-02 -2.6530401E-02 -2.7074469E-02 -2.6403698E-02
     112.799 -2.8779310E-02 -2.8065022E-02 -2.8444479E-02 -2.7738501E-02
     112.999 -3.0314879E-02 -2.9561109E-02 -2.9766303E-02 -2.9026173E-02
     113.199 -3.1777025E-02 -3.0985440E-02 -3.1035885E-02 -3.0262763E-02
     113.399 -3.3135342E-02 -3.2308375E-02 -3.2249372E-02 -3.1444516E-02
     113.599 -3.4367541E-02 -3.3508194E-02 -3.3403426E-02 -3.2568187E-02
     113.799 -3.5462482E-02 -3.4574050E-02 -3.4495421E-02 -3.3631217E-02
     113.999 -3.6421512E-02 -3.5507276E-02 -3.5523665E-02 -3.4631967E-02
     114.199 -3.7257770E-02 -3.6320698E-02 -3.6487462E-02 -3.5569763E-02
     114.399 -3.7993750E-02 -3.7036258E-02 -3.7387151E-02 -3.6444946E-02
     114.599 -3.8657456E-02 -3.7681269E-02 -3.8224007E-02 -3.7258766E-02
     114.799 -3.9277850E-02 -3.8283967E-02 -3.9000052E-02 -3.8013199E-02
     114.999 -3.9880361E-02 -3.8869144E-02 -3.9717835E-02 -3.8710740E-02
     115.199 -4.0483113E-02 -3.9454466E-02 -4.0380122E-02 -3.9354092E-02
     115.399 -4.1094535E-02 -4.0048142E-02 -4.0989622E-02 -3.9945901E-02
     115.599 -4.1712585E-02 -4.0648184E-02 -4.1548686E-02 -4.0488467E-02
     115.799 -4.2325763E-02 -4.1243382E-02 -4.2059109E-02 -4.0983547E-02
     115.999 -4.2915561E-02 -4.1815702E-02 -4.2521971E-02 -4.1432199E-02
     116.199 -4.3459948E-02 -4.2343682E-02 -4.2937576E-02 -4.1834727E-02
     116.399 -4.3937258E-02 -4.2806220E-02 -4.3305503E-02 -4.2190728E-02
     116.599 -4.4329773E-02 -4.3186066E-02 -4.3624715E-02 -4.2499199E-02
     116.799 -4.4626481E-02 -4.3472507E-02 -4.3893765E-02 -4.2758738E-02
     116.999 -4.4824508E-02 -4.3662759E-02 -4.4111017E-02 -4.2967760E-02
     117.199 -4.4929115E-02 -4.3761964E-02 -4.4274904E-02 -4.3124748E-02
     117.399 -4.4952283E-02 -4.3781810E-02 -4.4384151E-02 -4.3228471E-02
     117.599 -4.4910232E-02 -4.3738105E-02 -4.4437961E-02 -4.3278160E-02
     117.799 -4.4820336E-02 -4.3647783E-02 -4.4436129E-02 -4.3273627E-02
     117.999 -4.4698032E-02 -4.3525883E-02 -4.4379086E-02 -4.3215301E-02
     118.199 -4.4554234E-02 -4.3383042E-02 -4.4267854E-02 -4.3104190E-02
     118.399 -4.4393728E-02 -4.3223921E-02 -4.4103944E-02 -4.2941773E-02
     118.599 -4.4214755E-02 -4.3046813E-02 -4.3889190E-02 -4.2729848E-02
     118.799 -4.4009820E-02 -4.2844425E-02 -4.3625566E-02 -4.2470346E-02
     118.999 -4.3767529E-02 -4.2605672E-02 -4.3315001E-02 -4.2165156E-02
     119.199 -4.3475058E-02 -4.2318077E-02 -4.2959214E-02 -4.1815961E-02
     119.399 -4.3120798E-02 -4.1970353E-02 -4.2559620E-02 -4.1424148E-02
     119.599 -4.2696655E-02 -4.1554635E-02 -4.2117270E-02 -4.0990748E-02
     119.799 -4.2199614E-02 -4.1068005E-02 -4.1632883E-02 -4.0516472E-02
     119.999 -4.1632306E-02 -4.0513040E-02 -4.1106949E-02 -4.0001806E-02
     120.199 -4.1002474E-02 -3.9897286E-02 -4.0539853E-02 -3.9447135E-02
     120.399 -4.0321535E-02 -3.9231870E-02 -3.9932078E-02 -3.8852938E-02
     120.599 -3.9602480E-02 -3.8529441E-02 -3.9284359E-02 -3.8219940E-02
     120.799 -3.8857610E-02 -3.7801976E-02 -3.8597878E-02 -3.7549301E-02
     120.999 -3.8096461E-02 -3.7058758E-02 -3.7874360E-02 -3.6842707E-02
     121.199 -3.7324403E-02 -3.6305017E-02 -3.7116135E-02 -3.6102436E-02
     121.399 -3.6542143E-02 -3.5541441E-02 -3.6326142E-02 -3.5331356E-02
     121.599 -3.5746162E-02 -3.4764615E-02 -3.5507812E-02 -3.4532809E-02
     121.799 -3.4930104E-02 -3.3968360E-02 -3.4664942E-02 -3.3710499E-02
     121.999 -3.4086682E-02 -3.3145597E-02 -3.3801469E-02 -3.2868259E-02
     122.199 -3.3209866E-02 -3.2290472E-02 -3.2921273E-02 -3.2009869E-02
     122.399 -3.2296763E-02 -3.1400181E-02 -3.2027927E-02 -3.1138808E-02
     122.599 -3.1348913E-02 -3.0476230E-02 -3.1124514E-02 -3.0258078E-02
     122.799 -3.0372681E-02 -2.9524817E-02 -3.0213505E-02 -2.9370084E-02
     122.999 -2.9378586E-02 -2.8556175E-02 -2.9296653E-02 -2.8476536E-02
     123.199 -2.8379801E-02 -2.7583112E-02 -2.8375043E-02 -2.7578489E-02
     123.399 -2.7389915E-02 -2.6618841E-02 -2.7449145E-02 -2.6676403E-02
     123.599 -2.6420561E-02 -2.5674662E-02 -2.6519010E-02 -2.5770332E-02
     123.799 -2.5479184E-02 -2.4757808E-02 -2.5584454E-02 -2.4860098E-02
     123.999 -2.4567540E-02 -2.3869980E-02 -2.4645314E-02 -2.3945546E-02
     124.199 -2.3681188E-02 -2.3006858E-02 -2.3701709E-02 -2.3026795E-02
     124.399 -2.2810092E-02 -2.2158688E-02 -2.2754234E-02 -2.2104425E-02
     124.599 -2.1940379E-02 -2.1311992E-02 -2.1804168E-02 -2.1179682E-02
     124.799 -2.1056874E-02 -2.0452033E-02 -2.0853552E-02 -2.0254551E-02
     124.999 -2.0146117E-02 -1.9565741E-02 -1.9905255E-02 -1.9331818E-02
     125.199 -1.9199214E-02 -1.8644490E-02 -1.8962893E-02 -1.8414997E-02
     125.399 -1.8214119E-02 -1.7686304E-02 -1.8030721E-02 -1.7508221E-02
     125.599 -1.7196881E-02 -1.6697068E-02 -1.7113463E-02 -1.6616074E-02
     125.799 -1.6161533E-02 -1.5690415E-02 -1.6216052E-02 -1.5743344E-02
     125.999 -1.5128719E-02 -1.4686391E-02 -1.5343418E-02 -1.4894813E-02
     126.199 -1.4123085E-02 -1.3708922E-02 -1.4500218E-02 -1.4074996E-02
     126.399 -1.3169961E-02 -1.2782588E-02 -1.3690635E-02 -1.3287947E-02
     126.599 -1.2291813E-02 -1.1929178E-02 -1.2918221E-02 -1.2537106E-02
     126.799 -1.1504989E-02 -1.1164539E-02 -1.2185768E-02 -1.1825173E-02
     126.999 -1.0817432E-02 -1.0496356E-02 -1.1495299E-02 -1.1154103E-02
     127.199 -1.0227606E-02 -9.9231119E-03 -1.0848075E-02 -1.0525108E-02
     127.399 -9.7249543E-03 -9.4345403E-03 -1.0244715E-02 -9.9387796E-03
     127.599 -9.2917381E-03 -9.0134104E-03 -9.6853204E-03 -9.3952032E-03
     127.799 -8.9060337E-03 -8.6384390E-03 -9.1696615E-03 -8.8941457E-03
     127.999 -8.5453841E-03 -8.2878336E-03 -8.6973764E-03 -8.4352449E-03
     128.199 -8.1904980E-03 -7.9428797E-03 -8.2681362E-03 -8.0181707E-03
     128.399 -7.8284437E-03 -7.5910368E-03 -7.8818203E-03 -7.6427947E-03
     128.599 -7.4547651E-03 -7.2279871E-03 -7.5386119E-03 -7.3092832E-03
     128.799 -7.0742387E-03 -6.8583651E-03 -7.2390717E-03 -7.0181681E-03
     128.999 -6.7001036E-03 -6.4950073E-03 -6.9841221E-03 -6.7703317E-03
     129.199 -6.3519451E-03 -6.1568964E-03 -6.7749900E-03 -6.5669508E-03
     129.399 -6.0525724E-03 -5.8661319E-03 -6.6130905E-03 -6.4093842E-03
     129.599 -5.8243914E-03 -5.6444141E-03 -6.4998580E-03 -6.2990084E-03
     129.799 -5.6859056E-03 -5.5096524E-03 -6.4365632E-03 -6.2370408E-03
     129.999 -5.6488663E-03 -5.4732064E-03 -6.4241104E-03 -6.2243431E-03
     130.199 -5.7165496E-03 -5.5382205E-03 -6.4628515E-03 -6.2612413E-03
     130.399 -5.8833927E-03 -5.6992747E-03 -6.5524257E-03 -6.3473706E-03
     130.599 -6.1360180E-03 -5.9433815E-03 -6.6916466E-03 -6.4815666E-03
     130.799 -6.4554231E-03 -6.2521112E-03 -6.8784406E-03 -6.6618058E-03
     130.999 -6.8199583E-03 -6.6044772E-03 -7.1098569E-03 -6.8852163E-03
     131.199 -7.2085345E-03 -6.9800447E-03 -7.3821274E-03 -7.1481352E-03
     131.399 -7.6035644E-03 -7.3617778E-03 -7.6907980E-03 -7.4462375E-03
     131.599 -7.9931011E-03 -7.7381081E-03 -8.0308859E-03 -7.7746875E-03
     131.799 -8.3719014E-03 -8.1039613E-03 -8.3970837E-03 -8.1283376E-03
     131.999 -8.7412333E-03 -8.4605672E-03 -8.7839592E-03 -8.5019213E-03
     132.199 -9.1075350E-03 -8.8141593E-03 -9.1861396E-03 -8.8902319E-03
     132.399 -9.4802297E-03 -9.1738564E-03 -9.5984860E-03 -9.2882910E-03
     132.599 -9.8690734E-03 -9.5490958E-03 -1.0016191E-02 -9.6914439E-03
     132.799 -1.0281586E-02 -9.9471473E-03 -1.0434856E-02 -1.0095431E-02
     132.999 -1.0720969E-02 -1.0371099E-02 -1.0850467E-02 -1.0496370E-02
     133.199 -1.1184923E-02 -1.0818718E-02 -1.1259356E-02 -1.0890713E-02
     133.399 -1.1665512E-02 -1.1282320E-02 -1.1658083E-02 -1.1275136E-02
     133.599 -1.2150073E-02 -1.1749654E-02 -1.2043297E-02 -1.1646397E-02
     133.799 -1.2623001E-02 -1.2205629E-02 -1.2411591E-02 -1.2001210E-02
     133.999 -1.3067989E-02 -1.2634481E-02 -1.2759350E-02 -1.2336081E-02
     134.199 -1.3470367E-02 -1.3022037E-02 -1.3082645E-02 -1.2647220E-02
     134.399 -1.3819022E-02 -1.3357570E-02 -1.3377159E-02 -1.2930462E-02
     134.599 -1.4107595E-02 -1.3634949E-02 -1.3638170E-02 -1.3181251E-02
     134.799 -1.4334724E-02 -1.3852879E-02 -1.3860613E-02 -1.3394704E-02
     134.999 -1.4503295E-02 -1.4014167E-02 -1.4039181E-02 -1.3565705E-02
     135.199 -1.4618880E-02 -1.4124217E-02 -1.4168494E-02 -1.3689072E-02
     135.399 -1.4687651E-02 -1.4189009E-02 -1.4243294E-02 -1.3759738E-02
     135.599 -1.4714223E-02 -1.4213017E-02 -1.4258656E-02 -1.3772968E-02
     135.799 -1.4699821E-02 -1.4197437E-02 -1.4210204E-02 -1.3724553E-02
     135.999 -1.4641165E-02 -1.4139117E-02 -1.4094282E-02 -1.3610987E-02
     136.199 -1.4530311E-02 -1.4030400E-02 -1.3908095E-02 -1.3429591E-02
     136.399 -1.4355502E-02 -1.3859954E-02 -1.3649786E-02 -1.3178599E-02
     136.599 -1.4102892E-02 -1.3614435E-02 -1.3318442E-02 -1.2857155E-02
     136.799 -1.3758864E-02 -1.3280727E-02 -1.2914057E-02 -1.2465277E-02
     136.999 -1.3312483E-02 -1.2848306E-02 -1.2437409E-02 -1.2003744E-02
     137.199 -1.2757656E-02 -1.2311332E-02 -1.1889927E-02 -1.1473960E-02
     137.399 -1.2094583E-02 -1.1670035E-02 -1.1273523E-02 -1.0877796E-02
     137.599 -1.1330157E-02 -1.0931105E-02 -1.0590409E-02 -1.0217411E-02
     137.799 -1.0477280E-02 -1.0107025E-02 -9.8429627E-03 -9.4951230E-03
     137.999 -9.5530740E-03 -9.2143415E-03 -9.0335800E-03 -8.7132677E-03
     138.199 -8.5763903E-03 -8.2712640E-03 -8.1646279E-03 -7.8741510E-03
     138.399 -7.5649126E-03 -7.2948641E-03 -7.2383868E-03 -6.9799944E-03
     138.599 -6.5324580E-03 -6.2984782E-03 -6.2570790E-03 -6.0329628E-03
     138.799 -5.4869223E-03 -5.2897275E-03 -5.2229415E-03 -5.0352340E-03
     138.999 -4.4291907E-03 -4.2694716E-03 -4.1382747E-03 -3.9890462E-03
     139.199 -3.3533560E-03 -3.2320230E-03 -3.0055792E-03 -2.8968296E-03
     139.399 -2.2480774E-03 -2.1664609E-03 -1.8276030E-03 -1.7612518E-03
     139.599 -1.0990303E-03 -1.0589948E-03 -6.0745920E-04 -5.8533065E-04
     139.799  1.0811975E-04  1.0416781E-04  6.5137358E-04  6.2756488E-04
     139.999  1.3845985E-03  1.3338177E-03  1.9450301E-03  1.8736952E-03
     140.199  2.7358494E-03  2.6351703E-03  3.2692732E-03  3.1489641E-03
     140.399  4.1598459E-03  4.0062441E-03  4.6196090E-03  4.4490305E-03
     140.599  5.6465463E-03  5.4373401E-03  5.9913316E-03  5.7693509E-03
     140.799  7.1788083E-03  6.9119274E-03  7.3796896E-03  7.1053407E-03
     140.999  8.7344164E-03  8.4085999E-03  8.7799474E-03  8.4524325E-03
     141.199  1.0289113E-02  9.9039972E-03  1.0187539E-02  9.8062250E-03
     141.399  1.1819953E-02  1.1376033E-02  1.1598135E-02  1.1162545E-02
     141.599  1.3308479E-02  1.2806953E-02  1.3007674E-02  1.2517484E-02
     141.799  1.4743268E-02  1.4185781E-02  1.4412445E-02  1.3867468E-02
     141.999  1.6121205E-02  1.5509538E-02  1.5809019E-02  1.5209197E-02
     142.199  1.7447495E-02  1.6783251E-02  1.7194268E-02  1.6539664E-02
     142.399  1.8734215E-02  1.8018553E-02  1.8565290E-02  1.7856081E-02
     142.599  1.9997715E-02  1.9231182E-02  1.9919325E-02  1.9155797E-02
     142.799  2.1255380E-02  2.0437861E-02  2.1253739E-02  2.0436283E-02
     142.999  2.2522124E-02  2.1652930E-02  2.2565905E-02  2.1695021E-02
     143.199  2.3807426E-02  2.2885494E-02  2.3853219E-02  2.2929514E-02
     143.399  2.5113200E-02  2.4137384E-02  2.5113018E-02  2.4137210E-02
     143.599  2.6433059E-02  2.5402454E-02  2.6342618E-02  2.5315539E-02
     143.799  2.7752954E-02  2.6667194E-02  2.7539309E-02  2.6461907E-02
     143.999  2.9053120E-02  2.7912615E-02  2.8700367E-02  2.7573709E-02
     144.199  3.0311080E-02  2.9117130E-02  2.9823136E-02  2.8648407E-02
     144.399  3.1505016E-02  3.0259801E-02  3.0905033E-02  2.9683532E-02
     144.599  3.2617140E-02  3.1323568E-02  3.1943635E-02  3.0676774E-02
     144.799  3.3636283E-02  3.2297738E-02  3.2936690E-02  3.1625986E-02
     144.999  3.4559444E-02  3.3179466E-02  3.3882189E-02  3.2529255E-02
     145.199  3.5391906E-02  3.3973863E-02  3.4778377E-02  3.3384916E-02
     145.399  3.6145966E-02  3.4692765E-02  3.5623768E-02  3.4191562E-02
     145.599  3.6838526E-02  3.5352426E-02  3.6417179E-02  3.4948077E-02
     145.799  3.7487906E-02  3.5970447E-02  3.7157703E-02  3.5653610E-02
     145.999  3.8110510E-02  3.6562582E-02  3.7844726E-02  3.6307593E-02
     146.199  3.8717848E-02  3.7139885E-02  3.8477882E-02  3.6909698E-02
     146.399  3.9314513E-02  3.7706764E-02  3.9057057E-02  3.7459836E-02
     146.599  3.9897387E-02  3.8260234E-02  3.9582341E-02  3.7958115E-02
     146.799  4.0456236E-02  3.8790486E-02  4.0053988E-02  3.8404801E-02
     146.999  4.0975603E-02  3.9282713E-02  4.0472388E-02  3.8800289E-02
     147.199  4.1437603E-02  3.9719787E-02  4.0838008E-02  3.9145049E-02
     147.399  4.1825184E-02  4.0085387E-02  4.1151359E-02  3.9439591E-02
     147.599  4.2125203E-02  4.0366952E-02  4.1412941E-02  3.9684418E-02
     147.799  4.2330847E-02  4.0557989E-02  4.1623215E-02  3.9879994E-02
     147.999  4.2442900E-02  4.0659292E-02  4.1782577E-02  4.0026718E-02
     148.199  4.2469673E-02  4.0678859E-02  4.1891335E-02  4.0124907E-02
     148.399  4.2425591E-02  4.0630542E-02  4.1949721E-02  4.0174806E-02
     148.599  4.2328686E-02  4.0531638E-02  4.1957902E-02  4.0176596E-02
     148.799  4.2197446E-02  4.0399871E-02  4.1916020E-02  4.0130434E-02
     148.999  4.2047573E-02  4.0250287E-02  4.1824232E-02  4.0036492E-02
     149.199  4.1889233E-02  4.0092622E-02  4.1682765E-02  3.9895010E-02
     149.399  4.1725282E-02  3.9929618E-02  4.1491971E-02  3.9706347E-02
     149.599  4.1550815E-02  3.9756579E-02  4.1252378E-02  3.9471029E-02
     149.799  4.1354086E-02  3.9562276E-02  4.0964715E-02  3.9189776E-02
     149.999  4.1118696E-02  3.9331032E-02  4.0629944E-02  3.8863529E-02
     150.199  4.0826631E-02  3.9045637E-02  4.0249237E-02  3.8493431E-02
     150.399  4.0461636E-02  3.8690573E-02  3.9823950E-02  3.8080799E-02
     150.599  4.0012336E-02  3.8254996E-02  3.9355579E-02  3.7627084E-02
     150.799  3.9474514E-02  3.7734915E-02  3.8845672E-02  3.7133785E-02
     150.999  3.8852188E-02  3.7134210E-02  3.8295762E-02  3.6602388E-02
     151.199  3.8157202E-02  3.6464237E-02  3.7707269E-02  3.6034267E-02
     151.399  3.7407481E-02  3.5742158E-02  3.7081442E-02  3.5430634E-02
     151.599  3.6624126E-02  3.4988157E-02  3.6419285E-02  3.4792466E-02
     151.799  3.5827944E-02  3.4222124E-02  3.5721527E-02  3.4120477E-02
     151.999  3.5035956E-02  3.3460322E-02  3.4988633E-02  3.3415128E-02
     152.199  3.4258473E-02  3.2712596E-02  3.4220804E-02  3.2676627E-02
     152.399  3.3497332E-02  3.1980695E-02  3.3418058E-02  3.1905010E-02
     152.599  3.2745509E-02  3.1257905E-02  3.2580281E-02  3.1100183E-02
     152.799  3.1988301E-02  3.0530192E-02  3.1707341E-02  3.0262039E-02
     152.999  3.1205786E-02  2.9778549E-02  3.0799162E-02  2.9390522E-02
     153.199  3.0376243E-02  2.8982262E-02  2.9855817E-02  2.8485718E-02
     153.399  2.9479910E-02  2.8122505E-02  2.8877617E-02  2.7547944E-02
     153.599  2.8502421E-02  2.7185605E-02  2.7865130E-02  2.6577758E-02
     153.799  2.7437413E-02  2.6165536E-02  2.6819242E-02  2.5576021E-02
     153.999  2.6287746E-02  2.5065064E-02  2.5741111E-02  2.4543854E-02
     154.199  2.5065246E-02  2.3895507E-02  2.4632178E-02  2.3482649E-02
     154.399  2.3788881E-02  2.2674978E-02  2.3494084E-02  2.2393985E-02
     154.599  2.2481779E-02  2.1425547E-02  2.2328620E-02  2.1279584E-02
     154.799  2.1167575E-02  2.0169751E-02  2.1137676E-02  2.0141262E-02
     154.999  1.9866616E-02  1.8926980E-02  1.9923138E-02  1.8980828E-02
     155.199  1.8592840E-02  1.7710504E-02  1.8686878E-02  1.7800079E-02
     155.399  1.7351662E-02  1.6525471E-02  1.7430667E-02  1.6600713E-02
     155.599  1.6139423E-02  1.5368381E-02  1.6156197E-02  1.5384354E-02
     155.799  1.4944305E-02  1.4227972E-02  1.4865037E-02  1.4152504E-02
     155.999  1.3748694E-02  1.3087470E-02  1.3558650E-02  1.2906565E-02
     156.199  1.2532526E-02  1.1927780E-02  1.2238436E-02  1.1647881E-02
     156.399  1.1276975E-02  1.0731000E-02  1.0905711E-02  1.0377710E-02
     156.599  9.9679984E-03  9.4837888E-03  9.5617775E-03  9.0973007E-03
     156.799  8.5989337E-03  8.1798373E-03  8.2078982E-03  7.8078601E-03
     156.999  7.1719088E-03  6.8211998E-03  6.8453632E-03  6.5106224E-03
     157.199  5.6976216E-03  5.4180794E-03  5.4754530E-03  5.2068111E-03
     157.399  4.1936952E-03  3.9872565E-03  4.0994624E-03  3.8976624E-03
     157.599  2.6818368E-03  2.5493825E-03  2.7187216E-03  2.5844456E-03
     157.799  1.1842212E-03  1.1255393E-03  1.3345472E-03  1.2684161E-03
     157.999 -2.8009173E-04 -2.6616628E-04 -5.1700940E-05 -4.9130501E-05
     158.199 -1.6982959E-03 -1.6135813E-03 -1.4386624E-03 -1.3668989E-03
     158.399 -3.0658078E-03 -2.9123729E-03 -2.8249443E-03 -2.6835639E-03
     158.599 -4.3867991E-03 -4.1665265E-03 -4.2090833E-03 -3.9977342E-03
     158.799 -5.6732565E-03 -5.3874464E-03 -5.5895727E-03 -5.3079785E-03
     158.999 -6.9425729E-03 -6.5916622E-03 -6.9647849E-03 -6.6127514E-03
     159.199 -8.2142830E-03 -7.7977249E-03 -8.3330052E-03 -7.9104264E-03
     159.399 -9.5063081E-03 -9.0226411E-03 -9.6923622E-03 -9.1992291E-03
     159.599 -1.0831553E-02 -1.0278646E-02 -1.1040869E-02 -1.0477277E-02
     159.799 -1.2195298E-02 -1.1570729E-02 -1.2376408E-02 -1.1742564E-02
     159.999 -1.3593884E-02 -1.2895400E-02 -1.3696727E-02 -1.2992959E-02
     160.199 -1.5015012E-02 -1.4240975E-02 -1.4999512E-02 -1.4226274E-02
     160.399 -1.6439421E-02 -1.5589175E-02 -1.6282375E-02 -1.5440251E-02
     160.599 -1.7843877E-02 -1.6917968E-02 -1.7542945E-02 -1.6632651E-02
     160.799 -1.9204737E-02 -1.8204950E-02 -1.8778863E-02 -1.7801247E-02
     160.999 -2.0501689E-02 -1.9430893E-02 -1.9987868E-02 -1.8943908E-02
     161.199 -2.1720855E-02 -2.0582675E-02 -2.1167815E-02 -2.0058614E-02
     161.399 -2.2856791E-02 -2.1655177E-02 -2.2316687E-02 -2.1143467E-02
     161.599 -2.3913098E-02 -2.2651852E-02 -2.3432657E-02 -2.2196751E-02
     161.799 -2.4901406E-02 -2.3583755E-02 -2.4514054E-02 -2.3216899E-02
     161.999 -2.5839080E-02 -2.4467360E-02 -2.5559416E-02 -2.4202543E-02
     162.199 -2.6745869E-02 -2.5321393E-02 -2.6567448E-02 -2.5152474E-02
     162.399 -2.7640271E-02 -2.6163376E-02 -2.7537055E-02 -2.6065675E-02
     162.599 -2.8536087E-02 -2.7006377E-02 -2.8467334E-02 -2.6941310E-02
     162.799 -2.9439848E-02 -2.7856573E-02 -2.9357555E-02 -2.7778706E-02
     162.999 -3.0349582E-02 -2.8712095E-02 -3.0207195E-02 -2.8577390E-02
     163.199 -3.1255045E-02 -2.9563247E-02 -3.1015905E-02 -2.9337051E-02
     163.399 -3.2139491E-02 -3.0394195E-02 -3.1783533E-02 -3.0057566E-02
     163.599 -3.2982558E-02 -3.1185696E-02 -3.2510078E-02 -3.0738956E-02
     163.799 -3.3763870E-02 -3.1918508E-02 -3.3195695E-02 -3.1381386E-02
     163.999 -3.4466637E-02 -3.2576794E-02 -3.3840631E-02 -3.1985113E-02
     164.199 -3.5080656E-02 -3.3150953E-02 -3.4445169E-02 -3.2550422E-02
     164.399 -3.5604209E-02 -3.3639408E-02 -3.5009568E-02 -3.3077582E-02
     164.599 -3.6044431E-02 -3.4048945E-02 -3.5533964E-02 -3.3566739E-02
     164.799 -3.6416160E-02 -3.4393625E-02 -3.6018301E-02 -3.4017863E-02
     164.999 -3.6739377E-02 -3.4692348E-02 -3.6462233E-02 -3.4430646E-02
     165.199 -3.7035710E-02 -3.4965562E-02 -3.6865071E-02 -3.4804461E-02
     165.399 -3.7324572E-02 -3.5231604E-02 -3.7225738E-02 -3.5138312E-02
     165.599 -3.7619594E-02 -3.5503341E-02 -3.7542751E-02 -3.5430821E-02
     165.799 -3.7925991E-02 -3.5785691E-02 -3.7814264E-02 -3.5680269E-02
     165.999 -3.8239282E-02 -3.6074421E-02 -3.8038119E-02 -3.5884646E-02
     166.199 -3.8545653E-02 -3.6356496E-02 -3.8211967E-02 -3.6041762E-02
     166.399 -3.8823861E-02 -3.6611889E-02 -3.8333391E-02 -3.6149363E-02
     166.599 -3.9048421E-02 -3.6816583E-02 -3.8400062E-02 -3.6205282E-02
     166.799 -3.9193537E-02 -3.6946294E-02 -3.8409895E-02 -3.6207584E-02
     166.999 -3.9237128E-02 -3.6980252E-02 -3.8361196E-02 -3.6154703E-02
     167.199 -3.9164286E-02 -3.6904464E-02 -3.8252778E-02 -3.6045551E-02
     167.399 -3.8969596E-02 -3.6713894E-02 -3.8084046E-02 -3.5879602E-02
     167.599 -3.8657934E-02 -3.6413201E-02 -3.7855022E-02 -3.5656910E-02
     167.799 -3.8243615E-02 -3.6015930E-02 -3.7566327E-02 -3.5378093E-02
     167.999 -3.7748049E-02 -3.5542297E-02 -3.7219113E-02 -3.5044269E-02
     168.199 -3.7196265E-02 -3.5015910E-02 -3.6814937E-02 -3.4656935E-02
     168.399 -3.6612944E-02 -3.4460031E-02 -3.6355626E-02 -3.4217844E-02
     168.599 -3.6018535E-02 -3.3893920E-02 -3.5843101E-02 -3.3728834E-02
     168.799 -3.5426176E-02 -3.3329944E-02 -3.5279233E-02 -3.3191696E-02
     168.999 -3.4839830E-02 -3.2771830E-02 -3.4665689E-02 -3.2608026E-02
     169.199 -3.4253989E-02 -3.2214398E-02 -3.4003831E-02 -3.1979135E-02
     169.399 -3.3654952E-02 -3.1644762E-02 -3.3294674E-02 -3.1306004E-02
     169.599 -3.3023380E-02 -3.1044752E-02 -3.2538857E-02 -3.0589260E-02
     169.799 -3.2337788E-02 -3.0394194E-02 -3.1736718E-02 -2.9829249E-02
     169.999 -3.1578253E-02 -2.9674395E-02 -3.0888360E-02 -2.9026095E-02
     170.199 -3.0729833E-02 -2.8871359E-02 -2.9993811E-02 -2.8179851E-02
     170.399 -2.9785024E-02 -2.7978091E-02 -2.9053144E-02 -2.7290611E-02
     170.599 -2.8744965E-02 -2.6995714E-02 -2.8066633E-02 -2.6358661E-02
     170.799 -2.7619173E-02 -2.5933219E-02 -2.7034906E-02 -2.5384617E-02
     170.999 -2.6423864E-02 -2.4805879E-02 -2.5959008E-02 -2.4369487E-02
     171.199 -2.5179281E-02 -2.3632735E-02 -2.4840503E-02 -2.3314765E-02
     171.399 -2.3906376E-02 -2.2433477E-02 -2.3681443E-02 -2.2222402E-02
     171.599 -2.2623580E-02 -2.1225414E-02 -2.2484370E-02 -2.1094807E-02
     171.799 -2.1344056E-02 -2.0020900E-02 -2.1252203E-02 -1.9934742E-02
     171.999 -2.0074029E-02 -1.8825774E-02 -1.9988139E-02 -1.8745225E-02
     172.198 -1.8812393E-02 -1.7638993E-02 -1.8695543E-02 -1.7529432E-02
     172.398 -1.7551566E-02 -1.6453448E-02 -1.7377770E-02 -1.6290526E-02
     172.598 -1.6279561E-02 -1.5257903E-02 -1.6038098E-02 -1.5031593E-02
     172.798 -1.4982683E-02 -1.4039533E-02 -1.4679578E-02 -1.3755509E-02
     172.998 -1.3648556E-02 -1.2786760E-02 -1.3305029E-02 -1.2464925E-02
     173.198 -1.2268743E-02 -1.1491705E-02 -1.1916970E-02 -1.1162211E-02
     173.398 -1.0840657E-02 -1.0151972E-02 -1.0517657E-02 -9.8494908E-03
     173.598 -9.3683705E-03 -8.7714029E-03 -9.1091624E-03 -8.5287120E-03
     173.798 -7.8621396E-03 -7.3596268E-03 -7.6934037E-03 -7.2016758E-03
     173.998 -6.3369165E-03 -5.9306582E-03 -6.2722946E-03 -5.8701792E-03
     174.198 -4.8099323E-03 -4.5006326E-03 -4.8477941E-03 -4.5360597E-03
     174.398 -3.2979758E-03 -3.0852586E-03 -3.4220164E-03 -3.2012987E-03
     174.598 -1.8147968E-03 -1.6973893E-03 -1.9973226E-03 -1.8681066E-03
     174.798 -3.6903452E-04 -3.4508779E-04 -5.7631519E-04 -5.3891798E-04
     174.998  1.0367826E-03  9.6930245E-04  8.3808804E-04  7.8354012E-04
     175.198  2.4062058E-03  2.2491229E-03  2.2427228E-03  2.0963125E-03
     175.398  3.7475979E-03  3.5022088E-03  3.6341572E-03  3.3961961E-03
     175.598  5.0720706E-03  4.7389574E-03  5.0087939E-03  4.6798365E-03
     175.798  6.3908401E-03  5.9698548E-03  6.3629118E-03  5.9437662E-03
     175.998  7.7125480E-03  7.2029735E-03  7.6927116E-03  7.1844477E-03
     176.198  9.0410926E-03  8.4419505E-03  8.9944231E-03  8.3983738E-03
     176.398  1.0374208E-02  9.6846651E-03  1.0264303E-02  9.5820653E-03
     176.598  1.1703242E-02  1.0923038E-02  1.1498725E-02  1.0732156E-02
     176.798  1.3013979E-02  1.2143805E-02  1.2694155E-02  1.1845367E-02
     176.998  1.4288551E-02  1.3330307E-02  1.3847210E-02  1.2918564E-02
     177.198  1.5507956E-02  1.4464840E-02  1.4954644E-02  1.3948745E-02
     177.398  1.6654794E-02  1.5531209E-02  1.6013341E-02  1.4933030E-02
     177.598  1.7715801E-02  1.6517089E-02  1.7020354E-02  1.5868700E-02
     177.798  1.8683591E-02  1.7415649E-02  1.7972879E-02  1.6753169E-02
     177.998  1.9557482E-02  1.8226307E-02  1.8868305E-02  1.7584039E-02
     178.198  2.0343087E-02  1.8954348E-02  1.9704205E-02  1.8359079E-02
     178.398  2.1050913E-02  1.9609612E-02  2.0478390E-02  1.9076289E-02
     178.598  2.1694094E-02  2.0204378E-02  2.1188929E-02  1.9733903E-02
     178.798  2.2285724E-02  2.0750878E-02  2.1834157E-02  2.0330411E-02
     178.998  2.2836292E-02  2.1258905E-02  2.2412725E-02  2.0864595E-02
     179.198  2.3351579E-02  2.1733864E-02  2.2923580E-02  2.1335516E-02
     179.398  2.3831499E-02  2.2175699E-02  2.3365984E-02  2.1742528E-02
     179.598  2.4269990E-02  2.2578789E-02  2.3739480E-02  2.2085246E-02
     179.798  2.4656041E-02  2.2932917E-02  2.4043880E-02  2.2363537E-02
     179.998  2.4975608E-02  2.3225056E-02  2.4279225E-02  2.2577482E-02
     180.198  2.5214109E-02  2.3441689E-02  2.4445747E-02  2.2727340E-02
     180.398  2.5359049E-02  2.3571253E-02  2.4543848E-02  2.2813523E-02
     180.598  2.5402285E-02  2.3606236E-02  2.4574061E-02  2.2836571E-02
     180.798  2.5341544E-02  2.3544590E-02  2.4537049E-02  2.2797141E-02
     180.998  2.5180931E-02  2.3390191E-02  2.4433598E-02  2.2696005E-02
     181.198  2.4930321E-02  2.3152272E-02  2.4264632E-02  2.2534061E-02
     181.398  2.4603763E-02  2.2843933E-02  2.4031233E-02  2.2312355E-02
     181.598  2.4217186E-02  2.2480009E-02  2.3734679E-02  2.2032113E-02
     181.798  2.3785795E-02  2.2074647E-02  2.3376457E-02  2.1694757E-02
     181.998  2.3321667E-02  2.1639080E-02  2.2958307E-02  2.1301936E-02
     182.198  2.2831908E-02  2.1179923E-02  2.2482210E-02  2.0855527E-02
     182.398  2.2317789E-02  2.0698370E-02  2.1950410E-02  2.0357648E-02
     182.598  2.1774912E-02  2.0190359E-02  2.1365369E-02  1.9810618E-02
     182.798  2.1194453E-02  1.9647727E-02  2.0729746E-02  1.9216934E-02
     182.998  2.0565218E-02  1.9060125E-02  2.0046351E-02  1.8579232E-02
     183.198  1.9876120E-02  1.8417311E-02  1.9318069E-02  1.7900217E-02
     183.398  1.9118690E-02  1.7711475E-02  1.8547830E-02  1.7182633E-02
     183.598  1.8289082E-02  1.6939102E-02  1.7738541E-02  1.6429198E-02
     183.798  1.7389288E-02  1.6102080E-02  1.6893056E-02  1.5642580E-02
     183.998  1.6427310E-02  1.5207861E-02  1.6014184E-02  1.4825403E-02
     184.198  1.5416203E-02  1.4268572E-02  1.5104664E-02  1.3980225E-02
     184.398  1.4372289E-02  1.3299345E-02  1.4167238E-02  1.3109602E-02
     184.598  1.3312694E-02  1.2316047E-02  1.3204662E-02  1.2216103E-02
     184.798  1.2252829E-02  1.1332943E-02  1.2219815E-02  1.1302407E-02
     184.998  1.1204112E-02  1.0360590E-02  1.1215729E-02  1.0371333E-02
     185.198  1.0172466E-02  9.4044613E-03  1.0195666E-02  9.4259104E-03
     185.398  9.1578395E-03  8.4644974E-03  9.1631878E-03  8.4694408E-03
     185.598  8.1547822E-03  7.5356518E-03  8.1221341E-03  7.5054824E-03
     185.798  7.1541131E-03  6.6094362E-03  7.0766642E-03  6.5378838E-03
     185.998  6.1452383E-03  5.6760648E-03  6.0311748E-03  5.5707097E-03
     186.198  5.1188581E-03  4.7269559E-03  4.9902733E-03  4.6082157E-03
     186.398  4.0694263E-03  3.7570014E-03  3.9586464E-03  3.6547265E-03
     186.598  2.9970298E-03  2.7662969E-03  2.9409633E-03  2.7145467E-03
     186.798  1.9082868E-03  1.7609652E-03  1.9417704E-03  1.7918638E-03
     186.998  8.1602626E-04  7.5285357E-04  9.6533889E-04  8.9060716E-04
     187.198 -2.6209370E-04 -2.4174754E-04  1.5600893E-05  1.4389806E-05
     187.398 -1.3059722E-03 -1.2043102E-03 -9.0397005E-04 -8.3360149E-04
     187.598 -2.2958915E-03 -2.1166771E-03 -1.7903727E-03 -1.6506185E-03
     187.798 -3.2154584E-03 -2.9637721E-03 -2.6411304E-03 -2.4343989E-03
     187.998 -4.0540229E-03 -3.7358258E-03 -3.4542639E-03 -3.1831415E-03
     188.198 -4.8082051E-03 -4.4297761E-03 -4.2282410E-03 -3.8954579E-03
     188.398 -5.4822834E-03 -5.0496177E-03 -4.9619424E-03 -4.5703424E-03
     188.598 -6.0872683E-03 -5.6055410E-03 -5.6545577E-03 -5.2070738E-03
     188.798 -6.6389149E-03 -6.1120954E-03 -6.3055357E-03 -5.8051710E-03
     188.998 -7.1549000E-03 -6.5855854E-03 -6.9144837E-03 -6.3642990E-03
     189.198 -7.6517293E-03 -7.0412224E-03 -7.4811280E-03 -6.8842328E-03
     189.398 -8.1418319E-03 -7.4904532E-03 -8.0052576E-03 -7.3648054E-03
     189.598 -8.6313689E-03 -7.9389489E-03 -8.4866893E-03 -7.8058756E-03
     189.798 -9.1191543E-03 -8.3856186E-03 -8.9252765E-03 -8.2073361E-03
     189.998 -9.5968171E-03 -8.8227676E-03 -9.3208953E-03 -8.5691008E-03
     190.198 -1.0050253E-02 -9.2374387E-03 -9.6734792E-03 -8.8911361E-03
     190.398 -1.0462046E-02 -9.6136423E-03 -9.9830249E-03 -9.1734671E-03
     190.598 -1.0814503E-02 -9.9351531E-03 -1.0249627E-02 -9.4162091E-03
     190.798 -1.1092743E-02 -1.0188341E-02 -1.0473492E-02 -9.6195785E-03
     190.998 -1.1287312E-02 -1.0364573E-02 -1.0654941E-02 -9.7838991E-03
     191.198 -1.1395891E-02 -1.0461776E-02 -1.0794422E-02 -9.9096094E-03
     191.398 -1.1423768E-02 -1.0484860E-02 -1.0892490E-02 -9.9972472E-03
     191.598 -1.1383020E-02 -1.0444959E-02 -1.0949801E-02 -1.0047441E-02
     191.798 -1.1290524E-02 -1.0357600E-02 -1.0967085E-02 -1.0060887E-02
     191.998 -1.1165145E-02 -1.0240121E-02 -1.0945131E-02 -1.0038335E-02
     192.198 -1.1024593E-02 -1.0108782E-02 -1.0884767E-02 -9.9805718E-03
     192.398 -1.0882486E-02 -9.9760776E-03 -1.0786856E-02 -9.8884126E-03
     192.598 -1.0746123E-02 -9.8486981E-03 -1.0652289E-02 -9.7626999E-03
     192.798 -1.0615376E-02 -9.7265216E-03 -1.0482001E-02 -9.6043142E-03
     192.998 -1.0482863E-02 -9.6027825E-03 -1.0276981E-02 -9.4141852E-03
     193.198 -1.0335405E-02 -9.4654128E-03 -1.0038296E-02 -9.1933131E-03
     193.398 -1.0156503E-02 -9.2993169E-03 -9.7671176E-03 -8.9427944E-03
     193.598 -9.9294065E-03 -9.0891809E-03 -9.4647403E-03 -8.6638347E-03
     193.798 -9.6402514E-03 -8.8223506E-03 -9.1326042E-03 -8.3577733E-03
     193.998 -9.2807164E-03 -8.4912537E-03 -8.7722936E-03 -8.0260799E-03
     194.198 -8.8497552E-03 -8.0949806E-03 -8.3855471E-03 -7.6703637E-03
     194.398 -8.3540718E-03 -7.6397098E-03 -7.9742309E-03 -7.2923494E-03
     194.598 -7.8072876E-03 -7.1379387E-03 -7.5403187E-03 -6.8938581E-03
     194.798 -7.2279335E-03 -6.6066399E-03 -7.0858643E-03 -6.4767826E-03
     194.998 -6.6365773E-03 -6.0646308E-03 -6.6129468E-03 -6.0430369E-03
     195.198 -6.0526467E-03 -5.5296690E-03 -6.1236458E-03 -5.5945334E-03
     195.398 -5.4914098E-03 -5.0156952E-03 -5.6199821E-03 -5.1331294E-03
     195.598 -4.9617167E-03 -4.5307760E-03 -5.1039010E-03 -4.6606111E-03
     195.798 -4.4648031E-03 -4.0760187E-03 -4.5772272E-03 -4.1786531E-03
     195.998 -3.9944255E-03 -3.6457029E-03 -4.0416536E-03 -3.6888079E-03
     196.198 -3.5382674E-03 -3.2285727E-03 -3.4987417E-03 -3.1925066E-03
     196.398 -3.0803515E-03 -2.8100435E-03 -2.9499054E-03 -2.6910443E-03
     196.598 -2.6040894E-03 -2.3749878E-03 -2.3964440E-03 -2.1856105E-03
     196.798 -2.0953717E-03 -1.9105534E-03 -1.8395401E-03 -1.6772869E-03
     196.998 -1.5452351E-03 -1.4085918E-03 -1.2803059E-03 -1.1670900E-03
     197.198 -9.5157641E-04 -8.6721468E-04 -7.1979167E-04 -6.5597875E-04
     197.398 -3.1967973E-04 -2.9126634E-04 -1.5902252E-04 -1.4488847E-04
     197.598  3.3854679E-04  3.0837987E-04  4.0096487E-04  3.6523606E-04
     197.798  1.0065181E-03  9.1660224E-04  9.5911649E-04  8.7343521E-04
     197.998  1.6656796E-03  1.5165010E-03  1.5143166E-03  1.3786941E-03
     198.198  2.2985932E-03  2.0922092E-03  2.0653929E-03  1.8799473E-03
     198.398  2.8917578E-03  2.6314588E-03  2.6110823E-03  2.3760481E-03
     198.598  3.4377678E-03  3.1275390E-03  3.1500453E-03  2.8657809E-03
     198.798  3.9363531E-03  3.5802362E-03  3.6808596E-03  3.3478568E-03
     198.998  4.3941560E-03  3.9956221E-03  4.2020236E-03  3.8209154E-03
     199.198  4.8233047E-03  4.3847500E-03  4.7119943E-03  4.2835603E-03
     199.398  5.2389813E-03  4.7614372E-03  5.2091971E-03  4.7343680E-03
     199.598  5.6564808E-03  5.1395903E-03  5.6920835E-03  5.1719396E-03
     199.798  6.0882301E-03  5.5304962E-03  6.1591716E-03  5.5949390E-03
     199.998  6.5413168E-03  5.9405818E-03  6.6090961E-03  6.0021365E-03
