 # k       S(k)       S(k)_form^2       S(k)_Lorch          S(k)_Lorch_form^2
       0.200 -1.9552845E+00 -1.9029577E+00 -1.3711293E+00 -1.3344356E+00
       0.400 -1.9438656E+00 -1.8918336E+00 -1.2626151E+00 -1.2288184E+00
       0.600 -1.8998740E+00 -1.8490019E+00 -1.0899551E+00 -1.0607699E+00
       0.800 -1.7936340E+00 -1.7455833E+00 -8.6490652E-01 -8.4173602E-01
       1.000 -1.5971524E+00 -1.5543386E+00 -6.0286012E-01 -5.8669964E-01
       1.200 -1.2935443E+00 -1.2588426E+00 -3.2179700E-01 -3.1316421E-01
       1.400 -8.8437818E-01 -8.6063171E-01 -4.1005983E-02 -3.9904930E-02
       1.600 -3.9303678E-01 -3.8247235E-01  2.2036496E-01  2.1444177E-01
       1.800  1.3689287E-01  1.3320898E-01  4.4481640E-01  4.3284607E-01
       2.000  6.4802405E-01  6.3056227E-01  6.1792820E-01  6.0127739E-01
       2.200  1.0790741E+00  1.0499548E+00  7.2956273E-01  7.0987517E-01
       2.400  1.3761508E+00  1.3389555E+00  7.7469526E-01  7.5375645E-01
       2.600  1.5029743E+00  1.4622809E+00  7.5375675E-01  7.3334858E-01
       2.800  1.4478217E+00  1.4085483E+00  6.7242685E-01  6.5418666E-01
       3.000  1.2257123E+00  1.1923971E+00  5.4088388E-01  5.2618247E-01
       3.200  8.7541169E-01  8.5156668E-01  3.7259293E-01  3.6244401E-01
       3.400  4.5196264E-01  4.3962372E-01  1.8277955E-01  1.7778953E-01
       3.600  1.6398642E-02  1.5949865E-02 -1.3216496E-02 -1.2854804E-02
       3.800 -3.7515698E-01 -3.6486394E-01 -2.0149582E-01 -1.9596745E-01
       4.000 -6.8076000E-01 -6.6203201E-01 -3.7086638E-01 -3.6066369E-01
       4.200 -8.7849437E-01 -8.5425836E-01 -5.1367376E-01 -4.9950247E-01
       4.400 -9.6794394E-01 -9.4116117E-01 -6.2611574E-01 -6.0879128E-01
       4.600 -9.6732744E-01 -9.4047894E-01 -7.0804244E-01 -6.8839049E-01
       4.800 -9.0726702E-01 -8.8200426E-01 -7.6232048E-01 -7.4109374E-01
       5.000 -8.2281433E-01 -7.9982616E-01 -7.9389924E-01 -7.7171891E-01
       5.200 -7.4560207E-01 -7.2469834E-01 -8.0875080E-01 -7.8607663E-01
       5.400 -6.9779438E-01 -6.7816008E-01 -8.1285688E-01 -7.8998499E-01
       5.600 -6.8895202E-01 -6.6949373E-01 -8.1138890E-01 -7.8847258E-01
       5.800 -7.1615757E-01 -6.9585231E-01 -8.0817771E-01 -7.8526339E-01
       6.000 -7.6697408E-01 -7.4514070E-01 -8.0550773E-01 -7.8257741E-01
       6.200 -8.2419323E-01 -8.0063377E-01 -8.0421077E-01 -7.8122251E-01
       6.400 -8.7102761E-01 -8.4602304E-01 -8.0398573E-01 -7.8090573E-01
       6.600 -8.9544451E-01 -8.6962593E-01 -8.0384201E-01 -7.8066464E-01
       6.800 -8.9268632E-01 -8.6683083E-01 -8.0255890E-01 -7.7931383E-01
       7.000 -8.6558084E-01 -8.4039387E-01 -7.9906893E-01 -7.7581734E-01
       7.200 -8.2282815E-01 -7.9877093E-01 -7.9270442E-01 -7.6952794E-01
       7.400 -7.7594738E-01 -7.5314977E-01 -7.8328533E-01 -7.6027213E-01
       7.600 -7.3582762E-01 -7.1410029E-01 -7.7106308E-01 -7.4829533E-01
       7.800 -7.0983236E-01 -6.8876495E-01 -7.5656314E-01 -7.3410879E-01
       8.000 -7.0016619E-01 -6.7927646E-01 -7.4038451E-01 -7.1829485E-01
       8.200 -7.0380367E-01 -6.8269260E-01 -7.2301159E-01 -7.0132437E-01
       8.400 -7.1384418E-01 -6.9231442E-01 -7.0468270E-01 -6.8342925E-01
       8.600 -7.2178489E-01 -6.9989366E-01 -6.8533875E-01 -6.6455291E-01
       8.800 -7.2000741E-01 -6.9804528E-01 -6.6465053E-01 -6.4437693E-01
       9.000 -7.0377959E-01 -6.8218736E-01 -6.4210550E-01 -6.2240546E-01
       9.200 -6.7226771E-01 -6.5151984E-01 -6.1712379E-01 -5.9807780E-01
       9.400 -6.2836835E-01 -6.0885811E-01 -5.8916763E-01 -5.7087453E-01
       9.600 -5.7750666E-01 -5.5946533E-01 -5.5781691E-01 -5.4039069E-01
       9.800 -5.2582442E-01 -5.0929491E-01 -5.2279678E-01 -5.0636244E-01
      10.000 -4.7830849E-01 -4.6317708E-01 -4.8395381E-01 -4.6864380E-01
      10.200 -4.3738757E-01 -4.2346134E-01 -4.4119346E-01 -4.2714605E-01
      10.400 -4.0235447E-01 -3.8945970E-01 -3.9440218E-01 -3.8176226E-01
      10.600 -3.6970711E-01 -3.5777980E-01 -3.4337439E-01 -3.3229662E-01
      10.800 -3.3424319E-01 -3.2338725E-01 -2.8776660E-01 -2.7842018E-01
      11.000 -2.9054386E-01 -2.8104270E-01 -2.2709527E-01 -2.1966896E-01
      11.200 -2.3439446E-01 -2.2667635E-01 -1.6077574E-01 -1.5548173E-01
      11.400 -1.6375288E-01 -1.5832301E-01 -8.8205062E-02 -8.5280275E-02
      11.600 -7.9025938E-02 -7.6386909E-02 -8.8694105E-03 -8.5732213E-03
      11.800  1.7361852E-02  1.6777896E-02  7.7538167E-02  7.4930215E-02
      12.000  1.2190929E-01  1.1777914E-01  1.7100189E-01  1.6520854E-01
      12.200  2.3116419E-01  2.2327508E-01  2.7109072E-01  2.6183901E-01
      12.400  3.4266341E-01  3.3088230E-01  3.7689669E-01  3.6393861E-01
      12.600  4.5539007E-01  4.3961596E-01  4.8700496E-01  4.7013576E-01
      12.800  5.6962726E-01  5.4974683E-01  5.9950758E-01  5.7858431E-01
      13.000  6.8626301E-01  6.6212904E-01  7.1205401E-01  6.8701304E-01
      13.200  8.0577858E-01  7.7722334E-01  8.2193592E-01  7.9280811E-01
      13.400  9.2725758E-01  8.9414222E-01  9.2621088E-01  8.9313289E-01
      13.600  1.0477324E+00  1.0100217E+00  1.0218488E+00  9.8506969E-01
      13.800  1.1621026E+00  1.1199456E+00  1.1058995E+00  1.0657814E+00
      14.000  1.2636956E+00  1.2174892E+00  1.1756749E+00  1.1326869E+00
      14.200  1.3453399E+00  1.2957551E+00  1.2289208E+00  1.1836268E+00
      14.400  1.4007016E+00  1.3486611E+00  1.2639759E+00  1.2170152E+00
      14.600  1.4255322E+00  1.3721406E+00  1.2798901E+00  1.2319534E+00
      14.800  1.4185192E+00  1.3649580E+00  1.2764948E+00  1.2282962E+00
      15.000  1.3815271E+00  1.3289360E+00  1.2544116E+00  1.2066595E+00
      15.200  1.3191770E+00  1.2685468E+00  1.2149985E+00  1.1683666E+00
      15.400  1.2378860E+00  1.1899835E+00  1.1602341E+00  1.1153365E+00
      15.600  1.1446195E+00  1.0999590E+00  1.0925580E+00  1.0499288E+00
      15.800  1.0456712E+00  1.0045319E+00  1.0146829E+00  9.7476284E-01
      16.000  9.4575005E-01  9.0823128E-01  9.2939895E-01  8.9252885E-01
      16.200  8.4757634E-01  8.1367058E-01  8.3939863E-01  8.0582000E-01
      16.400  7.5201427E-01  7.2167862E-01  7.4713106E-01  7.1699239E-01
      16.600  6.5865254E-01  6.3185930E-01  6.5470585E-01  6.2807316E-01
      16.800  5.6661518E-01  5.4337142E-01  5.6384673E-01  5.4071653E-01
      17.000  4.7534369E-01  4.5567923E-01  4.7588566E-01  4.5619877E-01
      17.200  3.8513647E-01  3.6906888E-01  3.9179896E-01  3.7545342E-01
      17.400  2.9729742E-01  2.8478926E-01  3.1225808E-01  2.9912048E-01
      17.600  2.1389331E-01  2.0481784E-01  2.3769241E-01  2.2760715E-01
      17.800  1.3722069E-01  1.3134900E-01  1.6834779E-01  1.6114417E-01
      18.000  6.9164087E-02  6.6179410E-02  1.0432989E-01  9.9827682E-02
      18.200  1.0661570E-02  1.0197577E-02  4.5638945E-02  4.3652735E-02
      18.400 -3.8568365E-02 -3.6875614E-02 -7.8132432E-03 -7.4703229E-03
      18.600 -7.9949812E-02 -7.6411066E-02 -5.6189436E-02 -5.3702375E-02
      18.800 -1.1565997E-01 -1.1049721E-01 -9.9720029E-02 -9.5268787E-02
      19.000 -1.4804208E-01 -1.4137790E-01 -1.3869151E-01 -1.3244824E-01
      19.200 -1.7899955E-01 -1.7087365E-01 -1.7343116E-01 -1.6555804E-01
      19.400 -2.0954745E-01 -1.9995448E-01 -2.0428952E-01 -1.9493725E-01
      19.600 -2.3964138E-01 -2.2857827E-01 -2.3161830E-01 -2.2092558E-01
      19.800 -2.6832571E-01 -2.5583422E-01 -2.5575245E-01 -2.4384629E-01
      20.000 -2.9414069E-01 -2.8033257E-01 -2.7699550E-01 -2.6399224E-01
      20.200 -3.1565944E-01 -3.0071721E-01 -2.9561247E-01 -2.8161919E-01
      20.400 -3.3199182E-01 -3.1614542E-01 -3.1183126E-01 -2.9694715E-01
      20.600 -3.4310462E-01 -3.2659168E-01 -3.2584887E-01 -3.1016641E-01
      20.800 -3.4987230E-01 -3.3289419E-01 -3.3784214E-01 -3.2144781E-01
      21.000 -3.5385011E-01 -3.3653730E-01 -3.4797771E-01 -3.3095222E-01
      21.200 -3.5684704E-01 -3.3924414E-01 -3.5641909E-01 -3.3883730E-01
      21.400 -3.6043134E-01 -3.4250617E-01 -3.6332953E-01 -3.4526022E-01
      21.600 -3.6551707E-01 -3.4719094E-01 -3.6886935E-01 -3.5037514E-01
      21.800 -3.7215244E-01 -3.5334240E-01 -3.7319050E-01 -3.5432799E-01
      22.000 -3.7956664E-01 -3.6022716E-01 -3.7642956E-01 -3.5724992E-01
      22.200 -3.8645435E-01 -3.6660600E-01 -3.7870228E-01 -3.5925208E-01
      22.400 -3.9140761E-01 -3.7114452E-01 -3.8010160E-01 -3.6042382E-01
      22.600 -3.9336295E-01 -3.7283715E-01 -3.8069966E-01 -3.6083464E-01
      22.800 -3.9193217E-01 -3.7131984E-01 -3.8055370E-01 -3.6053978E-01
      23.000 -3.8752192E-01 -3.6698191E-01 -3.7971384E-01 -3.5958769E-01
      23.200 -3.8121319E-01 -3.6085035E-01 -3.7823095E-01 -3.5802741E-01
      23.400 -3.7444280E-01 -3.5428704E-01 -3.7616217E-01 -3.5591385E-01
      23.600 -3.6858702E-01 -3.4859422E-01 -3.7357295E-01 -3.5330970E-01
      23.800 -3.6457270E-01 -3.4464699E-01 -3.7053503E-01 -3.5028345E-01
      24.000 -3.6263095E-01 -3.4266152E-01 -3.6712136E-01 -3.4690465E-01
      24.200 -3.6226219E-01 -3.4216341E-01 -3.6339954E-01 -3.4323765E-01
      24.400 -3.6241736E-01 -3.4216032E-01 -3.5942562E-01 -3.3933580E-01
      24.600 -3.6183620E-01 -3.4146236E-01 -3.5524035E-01 -3.3523790E-01
      24.800 -3.5943814E-01 -3.3905122E-01 -3.5086847E-01 -3.3096760E-01
      25.000 -3.5464843E-01 -3.3438724E-01 -3.4632157E-01 -3.2653610E-01
      25.200 -3.4756455E-01 -3.2756530E-01 -3.4160346E-01 -3.2194722E-01
      25.400 -3.3891716E-01 -3.1927656E-01 -3.3671630E-01 -3.1720324E-01
      25.600 -3.2984286E-01 -3.1059324E-01 -3.3166648E-01 -3.1231044E-01
      25.800 -3.2154015E-01 -3.0264394E-01 -3.2646814E-01 -3.0728233E-01
      26.000 -3.1491497E-01 -2.9628007E-01 -3.2114425E-01 -3.0214073E-01
      26.200 -3.1032085E-01 -2.9183204E-01 -3.1572473E-01 -2.9691397E-01
      26.400 -3.0747001E-01 -2.8902691E-01 -3.1024293E-01 -2.9163351E-01
      26.600 -3.0553820E-01 -2.8708811E-01 -3.0473134E-01 -2.8632997E-01
      26.800 -3.0342787E-01 -2.8498370E-01 -2.9921759E-01 -2.8102936E-01
      27.000 -3.0010837E-01 -2.8174637E-01 -2.9372219E-01 -2.7575093E-01
      27.200 -2.9492973E-01 -2.7676762E-01 -2.8825763E-01 -2.7050639E-01
      27.400 -2.8781665E-01 -2.6997902E-01 -2.8282923E-01 -2.6530071E-01
      27.600 -2.7928672E-01 -2.6186819E-01 -2.7743686E-01 -2.6013370E-01
      27.800 -2.7028957E-01 -2.5332678E-01 -2.7207637E-01 -2.5500145E-01
      28.000 -2.6191817E-01 -2.4537928E-01 -2.6674085E-01 -2.4989743E-01
      28.200 -2.5507910E-01 -2.3887390E-01 -2.6142052E-01 -2.4481244E-01
      28.400 -2.5022133E-01 -2.3422912E-01 -2.5610213E-01 -2.3973407E-01
      28.600 -2.4720273E-01 -2.3130969E-01 -2.5076818E-01 -2.3464591E-01
      28.800 -2.4533242E-01 -2.2946729E-01 -2.4539630E-01 -2.2952705E-01
      29.000 -2.4357437E-01 -2.2773202E-01 -2.3996023E-01 -2.2435295E-01
      29.200 -2.4085008E-01 -2.2509579E-01 -2.3443161E-01 -2.1909715E-01
      29.400 -2.3635002E-01 -2.2080340E-01 -2.2878321E-01 -2.1373432E-01
      29.600 -2.2976234E-01 -2.1456556E-01 -2.2299262E-01 -2.0824359E-01
      29.800 -2.2135270E-01 -2.0663250E-01 -2.1704500E-01 -2.0261126E-01
      30.000 -2.1187487E-01 -1.9770949E-01 -2.1093498E-01 -1.9683244E-01
      30.200 -2.0234014E-01 -1.8874093E-01 -2.0466601E-01 -1.9091048E-01
      30.400 -1.9371636E-01 -1.8062923E-01 -1.9824797E-01 -1.8485470E-01
      30.600 -1.8664548E-01 -1.7397175E-01 -1.9169316E-01 -1.7867667E-01
      30.800 -1.8126147E-01 -1.6889162E-01 -1.8501155E-01 -1.7238579E-01
      31.000 -1.7716072E-01 -1.6501115E-01 -1.7820716E-01 -1.6598583E-01
      31.200 -1.7352960E-01 -1.6157145E-01 -1.7127568E-01 -1.5947286E-01
      31.400 -1.6938942E-01 -1.5766109E-01 -1.6420495E-01 -1.5283560E-01
      31.600 -1.6388439E-01 -1.5248429E-01 -1.5697790E-01 -1.4605824E-01
      31.800 -1.5652747E-01 -1.4558930E-01 -1.4957696E-01 -1.3912450E-01
      32.000 -1.4733380E-01 -1.3699187E-01 -1.4198973E-01 -1.3202292E-01
      32.200 -1.3680446E-01 -1.2715937E-01 -1.3421340E-01 -1.2475098E-01
      32.400 -1.2576991E-01 -1.1686456E-01 -1.2625778E-01 -1.1731788E-01
      32.600 -1.1514193E-01 -1.0695468E-01 -1.1814570E-01 -1.0974488E-01
      32.800 -1.0564860E-01 -9.8105342E-02 -1.0991043E-01 -1.0206288E-01
      33.000 -9.7631772E-02 -9.0632725E-02 -1.0159166E-01 -9.4308735E-02
      33.200 -9.0963311E-02 -8.4416534E-02 -9.3229959E-02 -8.6520049E-02
      33.400 -8.5103232E-02 -7.8954553E-02 -8.4862320E-02 -7.8731046E-02
      33.600 -7.9277595E-02 -7.3528206E-02 -7.6518605E-02 -7.0969304E-02
      33.800 -7.2721455E-02 -6.7428110E-02 -6.8220743E-02 -6.3255002E-02
      34.000 -6.4913038E-02 -6.0171091E-02 -5.9984277E-02 -5.5602380E-02
      34.200 -5.5729722E-02 -5.1644370E-02 -5.1821380E-02 -4.8022535E-02
      34.400 -4.5482340E-02 -4.2136817E-02 -4.3745372E-02 -4.0527615E-02
      34.600 -3.4819530E-02 -3.2249826E-02 -3.5774397E-02 -3.3134222E-02
      34.800 -2.4534636E-02 -2.2718118E-02 -2.7934272E-02 -2.5866050E-02
      35.000 -1.5334540E-02 -1.4195627E-02 -2.0259510E-02 -1.8754813E-02
      35.200 -7.6396892E-03 -7.0705528E-03 -1.2792051E-02 -1.1839078E-02
      35.400 -1.4753069E-03 -1.3650758E-03 -5.5791157E-03 -5.1622589E-03
      35.600  3.5169164E-03  3.2533894E-03  1.3302011E-03  1.2305275E-03
      35.800  7.9517339E-03  7.3542496E-03  7.8877676E-03  7.2950897E-03
      36.000  1.2498639E-02  1.1556989E-02  1.4048386E-02  1.2989978E-02
      36.200  1.7667410E-02  1.6332900E-02  1.9770829E-02  1.8277437E-02
      36.400  2.3644815E-02  2.1854343E-02  2.5017222E-02  2.3122826E-02
      36.600  3.0231100E-02  2.7936387E-02  2.9752143E-02  2.7493785E-02
      36.800  3.6893087E-02  3.4086215E-02  3.3941327E-02  3.1359029E-02
      37.000  4.2916424E-02  3.9644039E-02  3.7550954E-02  3.4687687E-02
      37.200  4.7610513E-02  4.3972473E-02  4.0548079E-02  3.7449698E-02
      37.400  5.0503745E-02  4.6636765E-02  4.2901774E-02  3.9616863E-02
      37.600  5.1472154E-02  4.7523356E-02  4.4585230E-02  4.1164778E-02
      37.800  5.0763920E-02  4.6862235E-02  4.5577805E-02  4.2074722E-02
      38.000  4.8914804E-02  4.5148616E-02  4.5866605E-02  4.2335112E-02
      38.200  4.6581287E-02  4.2988775E-02  4.5447046E-02  4.1942010E-02
      38.400  4.4342492E-02  4.0917241E-02  4.4322120E-02  4.0898443E-02
      38.600  4.2529827E-02  3.9239708E-02  4.2500579E-02  3.9212722E-02
      38.800  4.1134378E-02  3.7947766E-02  3.9994536E-02  3.6896225E-02
      39.000  3.9817715E-02  3.6729075E-02  3.6817286E-02  3.3961388E-02
      39.200  3.8020793E-02  3.5067957E-02  3.2981848E-02  3.0420355E-02
      39.400  3.5136959E-02  3.2405026E-02  2.8501114E-02  2.6285125E-02
      39.600  3.0696429E-02  2.8307286E-02  2.3389271E-02  2.1568854E-02
      39.800  2.4507815E-02  2.2598543E-02  1.7664641E-02  1.6288484E-02
      40.000  1.6716084E-02  1.5412715E-02  1.1353190E-02  1.0467971E-02
      40.200  7.7614964E-03  7.1558644E-03  4.4915025E-03  4.1410291E-03
      40.400 -1.7449989E-03 -1.6087447E-03 -2.8708258E-03 -2.6466640E-03
      40.600 -1.1191947E-02 -1.0317542E-02 -1.0670950E-02 -9.8372498E-03
      40.800 -2.0130299E-02 -1.8556785E-02 -1.8833812E-02 -1.7361641E-02
      41.000 -2.8382215E-02 -2.6162789E-02 -2.7275360E-02 -2.5142487E-02
      41.200 -3.6063898E-02 -3.3242901E-02 -3.5906447E-02 -3.3097766E-02
      41.400 -4.3518581E-02 -4.0113705E-02 -4.4636982E-02 -4.1144602E-02
      41.600 -5.1182639E-02 -4.7177594E-02 -5.3380017E-02 -4.9203027E-02
      41.800 -5.9426108E-02 -5.4775803E-02 -6.2054094E-02 -5.7198140E-02
      42.000 -6.8417632E-02 -6.3063943E-02 -7.0584885E-02 -6.5061608E-02
      42.200 -7.8053474E-02 -7.1946586E-02 -7.8905117E-02 -7.2731597E-02
      42.400 -8.7971309E-02 -8.1089967E-02 -8.6953619E-02 -8.0151884E-02
      42.600 -9.7643795E-02 -9.0008200E-02 -9.4674442E-02 -8.7271046E-02
      42.800 -1.0652138E-01 -9.8194868E-02 -1.0201558E-01 -9.4041272E-02
      43.000 -1.1418195E-01 -1.0526094E-01 -1.0892885E-01 -1.0041827E-01
      43.200 -1.2044116E-01 -1.1103648E-01 -1.1537017E-01 -1.0636146E-01
      43.400 -1.2539151E-01 -1.1560671E-01 -1.2130031E-01 -1.1183477E-01
      43.600 -1.2935987E-01 -1.1927290E-01 -1.2668638E-01 -1.1680788E-01
      43.800 -1.3279679E-01 -1.2245041E-01 -1.3150246E-01 -1.2125693E-01
      44.000 -1.3613270E-01 -1.2553612E-01 -1.3573026E-01 -1.2516501E-01
      44.200 -1.3964398E-01 -1.2878495E-01 -1.3935859E-01 -1.2852176E-01
      44.400 -1.4336901E-01 -1.3223242E-01 -1.4238218E-01 -1.3132225E-01
      44.600 -1.4709849E-01 -1.3568557E-01 -1.4480018E-01 -1.3356558E-01
      44.800 -1.5044106E-01 -1.3878344E-01 -1.4661423E-01 -1.3525315E-01
      45.000 -1.5294360E-01 -1.4110792E-01 -1.4782717E-01 -1.3638744E-01
      45.200 -1.5422869E-01 -1.4231054E-01 -1.4844221E-01 -1.3697122E-01
      45.400 -1.5410771E-01 -1.4221683E-01 -1.4846292E-01 -1.3700759E-01
      45.600 -1.5263611E-01 -1.4087749E-01 -1.4789398E-01 -1.3650067E-01
      45.800 -1.5009515E-01 -1.3855158E-01 -1.4674240E-01 -1.3545669E-01
      46.000 -1.4690681E-01 -1.3562826E-01 -1.4501864E-01 -1.3388505E-01
      46.200 -1.4350879E-01 -1.3251132E-01 -1.4273750E-01 -1.3179914E-01
      46.400 -1.4022765E-01 -1.2950221E-01 -1.3991831E-01 -1.2921653E-01
      46.600 -1.3718820E-01 -1.2671617E-01 -1.3658422E-01 -1.2615830E-01
      46.800 -1.3428588E-01 -1.2405668E-01 -1.3276102E-01 -1.2264798E-01
      47.000 -1.3122899E-01 -1.2125420E-01 -1.2847526E-01 -1.1870978E-01
      47.200 -1.2763690E-01 -1.1795683E-01 -1.2375252E-01 -1.1436705E-01
      47.400 -1.2316349E-01 -1.1384431E-01 -1.1861606E-01 -1.0964096E-01
      47.600 -1.1760790E-01 -1.0873037E-01 -1.1308581E-01 -1.0454963E-01
      47.800 -1.1097946E-01 -1.0262297E-01 -1.0717850E-01 -9.9108220E-02
      48.000 -1.0349739E-01 -9.5724140E-02 -1.0090818E-01 -9.3329398E-02
      48.200 -9.5526877E-02 -8.8371096E-02 -9.4287582E-02 -8.7224635E-02
      48.400 -8.7471069E-02 -8.0936437E-02 -8.7329386E-02 -8.0805339E-02
      48.600 -7.9652982E-02 -7.3718937E-02 -8.0047607E-02 -7.4084163E-02
      48.800 -7.2223174E-02 -6.6857989E-02 -7.2458687E-02 -6.7076006E-02
      49.000 -6.5120539E-02 -6.0297143E-02 -6.4581654E-02 -5.9798173E-02
      49.200 -5.8098539E-02 -5.3808171E-02 -5.6438275E-02 -5.2270512E-02
      49.400 -5.0807330E-02 -4.7066932E-02 -4.8052120E-02 -4.4514558E-02
      49.600 -4.2907209E-02 -3.9758358E-02 -3.9447670E-02 -3.6552706E-02
      49.800 -3.4178427E-02 -3.1678239E-02 -3.0649303E-02 -2.8407274E-02
      50.000 -2.4593676E-02 -2.2800548E-02 -2.1679906E-02 -2.0099221E-02
      50.200 -1.4332565E-02 -1.3291092E-02 -1.2560508E-02 -1.1647801E-02
      50.400 -3.7319797E-03 -3.4617278E-03 -3.3090567E-03 -3.0694309E-03
      50.600  6.8099999E-03  6.3185818E-03  6.0591331E-03  5.6218984E-03
      50.800  1.6949272E-02  1.5730564E-02  1.5531020E-02  1.4414290E-02
      51.000  2.6495074E-02  2.4596936E-02  2.5095419E-02  2.3297554E-02
      51.200  3.5462658E-02  3.2931506E-02  3.4741542E-02  3.2261860E-02
      51.400  4.4064969E-02  4.0931718E-02  4.4458081E-02  4.1296878E-02
      51.600  5.2644470E-02  4.8915577E-02  5.4231458E-02  5.0390156E-02
      51.800  6.1566793E-02  5.7222990E-02  6.4044910E-02  5.9526265E-02
      52.000  7.1106843E-02  6.6109920E-02  7.3877391E-02  6.8685772E-02
      52.200  8.1361401E-02  7.5666990E-02  8.3702961E-02  7.7844666E-02
      52.400  9.2214346E-02  8.5786879E-02  9.3491272E-02  8.6974801E-02
      52.600  1.0336328E-01  9.6188794E-02  1.0320796E-01  9.6044254E-02
      52.800  1.1440076E-01  1.0649381E-01  1.1281639E-01  1.0501895E-01
      53.000  1.2492437E-01  1.1632721E-01  1.2227902E-01  1.1386390E-01
      53.200  1.3464468E-01  1.2541901E-01  1.3155959E-01  1.2254530E-01
      53.400  1.4345847E-01  1.3367237E-01  1.4062464E-01  1.3103185E-01
      53.600  1.5146683E-01  1.4118078E-01  1.4944449E-01  1.3929578E-01
      53.800  1.5893421E-01  1.4819011E-01  1.5799408E-01  1.4731354E-01
      54.000  1.6620030E-01  1.5501674E-01  1.6625228E-01  1.5506521E-01
      54.200  1.7357259E-01  1.6194740E-01  1.7420126E-01  1.6253397E-01
      54.400  1.8123041E-01  1.6914964E-01  1.8182504E-01  1.6970463E-01
      54.600  1.8916886E-01  1.7661916E-01  1.8910800E-01  1.7656234E-01
      54.800  1.9719844E-01  1.8417929E-01  1.9603399E-01  1.8309172E-01
      55.000  2.0499878E-01  1.9153083E-01  2.0258552E-01  1.8927612E-01
      55.200  2.1221051E-01  1.9833771E-01  2.0874427E-01  1.9509807E-01
      55.400  2.1853655E-01  2.0432162E-01  2.1449160E-01  2.0053978E-01
      55.600  2.2382387E-01  2.0933858E-01  2.1981019E-01  2.0558466E-01
      55.800  2.2810134E-01  2.1341460E-01  2.2468537E-01  2.1021857E-01
      56.000  2.3156389E-01  2.1673111E-01  2.2910640E-01  2.1443103E-01
      56.200  2.3450895E-01  2.1956578E-01  2.3306738E-01  2.1821606E-01
      56.400  2.3724469E-01  2.2220670E-01  2.3656716E-01  2.2157212E-01
      56.600  2.3999810E-01  2.2486635E-01  2.3960877E-01  2.2450158E-01
      56.800  2.4284979E-01  2.2762030E-01  2.4219807E-01  2.2700945E-01
      57.000  2.4571440E-01  2.3038859E-01  2.4434224E-01  2.2910201E-01
      57.200  2.4837106E-01  2.3296405E-01  2.4604821E-01  2.3078528E-01
      57.400  2.5053360E-01  2.3507794E-01  2.4732144E-01  2.3206393E-01
      57.600  2.5193889E-01  2.3648276E-01  2.4816542E-01  2.3294078E-01
      57.800  2.5242609E-01  2.3702667E-01  2.4858174E-01  2.3341685E-01
      58.000  2.5198363E-01  2.3669787E-01  2.4857083E-01  2.3349209E-01
      58.200  2.5075047E-01  2.3562593E-01  2.4813312E-01  2.3316645E-01
      58.400  2.4897217E-01  2.3404085E-01  2.4727030E-01  2.3244105E-01
      58.600  2.4692611E-01  2.3220289E-01  2.4598650E-01  2.3131930E-01
      58.800  2.4483900E-01  2.3032500E-01  2.4428905E-01  2.2980766E-01
      59.000  2.4282150E-01  2.2851129E-01  2.4218871E-01  2.2791579E-01
      59.200  2.4083984E-01  2.2672999E-01  2.3969951E-01  2.2565646E-01
      59.400  2.3873189E-01  2.2482843E-01  2.3683802E-01  2.2304486E-01
      59.600  2.3626255E-01  2.2258499E-01  2.3362258E-01  2.2009785E-01
      59.800  2.3320084E-01  2.1978157E-01  2.3007231E-01  2.1683306E-01
      60.000  2.2939517E-01  2.1627461E-01  2.2620635E-01  2.1326817E-01
      60.200  2.2482404E-01  2.1204306E-01  2.2204335E-01  2.0942044E-01
      60.400  2.1960686E-01  2.0719876E-01  2.1760104E-01  2.0530627E-01
      60.600  2.1397237E-01  2.0195691E-01  2.1289630E-01  2.0094127E-01
      60.800  2.0819398E-01  1.9657523E-01  2.0794500E-01  1.9634014E-01
      61.000  2.0251247E-01  1.9128098E-01  2.0276229E-01  1.9151695E-01
      61.200  1.9706857E-01  1.8620724E-01  1.9736255E-01  1.8648502E-01
      61.400  1.9186617E-01  1.8135791E-01  1.9175952E-01  1.8125710E-01
      61.600  1.8677663E-01  1.7661161E-01  1.8596638E-01  1.7584545E-01
      61.800  1.8158219E-01  1.7176246E-01  1.7999566E-01  1.7026172E-01
      62.000  1.7604583E-01  1.6658606E-01  1.7385954E-01  1.6451725E-01
      62.200  1.6998560E-01  1.6090984E-01  1.6756982E-01  1.5862305E-01
      62.400  1.6333196E-01  1.5466741E-01  1.6113822E-01  1.5259005E-01
      62.600  1.5615092E-01  1.4792069E-01  1.5457672E-01  1.4642946E-01
      62.800  1.4862625E-01  1.4084329E-01  1.4789755E-01  1.4015276E-01
      63.000  1.4100728E-01  1.3367124E-01  1.4111350E-01  1.3377194E-01
      63.200  1.3353738E-01  1.2663525E-01  1.3423762E-01  1.2729930E-01
      63.400  1.2638565E-01  1.1989590E-01  1.2728321E-01  1.2074736E-01
      63.600  1.1960104E-01  1.1349997E-01  1.2026317E-01  1.1412832E-01
      63.800  1.1310320E-01  1.0737158E-01  1.1318964E-01  1.0745364E-01
      64.000  1.0671174E-01  1.0133972E-01  1.0607358E-01  1.0073369E-01
      64.200  1.0020444E-01  9.5193426E-02  9.8924110E-02  9.3977118E-02
      64.400  9.3387213E-02  8.8748131E-02  9.1748530E-02  8.7190851E-02
      64.600  8.6153784E-02  8.1902534E-02  8.4551974E-02  8.0379764E-02
      64.800  7.8518379E-02  7.4669770E-02  7.7337846E-02  7.3547101E-02
      65.000  7.0610880E-02  6.7173028E-02  7.0107907E-02  6.6694544E-02
      65.200  6.2637253E-02  5.9608077E-02  6.2862856E-02  5.9822770E-02
      65.400  5.4817244E-02  5.2184075E-02  5.5602997E-02  5.2932084E-02
      65.600  4.7318007E-02  4.5060384E-02  4.8328567E-02  4.6022728E-02
      65.800  4.0204631E-02  3.8299350E-02  4.1040585E-02  3.9095688E-02
      66.000  3.3421291E-02  3.1848183E-02  3.3741044E-02  3.2152885E-02
      66.200  2.6809644E-02  2.5556290E-02  2.6433604E-02  2.5197830E-02
      66.400  2.0157749E-02  1.9221767E-02  1.9123607E-02  1.8235642E-02
      66.600  1.3265494E-02  1.2653725E-02  1.1818319E-02  1.1273289E-02
      66.800  6.0065869E-03  5.7314642E-03  4.5270247E-03  4.3196711E-03
      67.000 -1.6317034E-03 -1.5574748E-03 -2.7394101E-03 -2.6147904E-03
      67.200 -9.5419902E-03 -9.1108721E-03 -9.9685798E-03 -9.5181879E-03
      67.400 -1.7526207E-02 -1.6739759E-02 -1.7147281E-02 -1.6377837E-02
      67.600 -2.5350988E-02 -2.4221194E-02 -2.4261755E-02 -2.3180504E-02
      67.800 -3.2813516E-02 -3.1361147E-02 -3.1298468E-02 -2.9913157E-02
      68.000 -3.9797384E-02 -3.8047952E-02 -3.8244485E-02 -3.6563316E-02
      68.200 -4.6302435E-02 -4.4280985E-02 -4.5087711E-02 -4.3119292E-02
      68.400 -5.2440310E-02 -5.0166573E-02 -5.1817328E-02 -4.9570603E-02
      68.600 -5.8396616E-02 -5.5881967E-02 -5.8423544E-02 -5.5907735E-02
      68.800 -6.4372242E-02 -6.1619264E-02 -6.4897748E-02 -6.2122295E-02
      69.000 -7.0520511E-02 -6.7525255E-02 -7.1232045E-02 -6.8206568E-02
      69.200 -7.6899772E-02 -7.3655941E-02 -7.7419272E-02 -7.4153527E-02
      69.400 -8.3454651E-02 -7.9958430E-02 -8.3452705E-02 -7.9956565E-02
      69.600 -9.0031514E-02 -8.6285587E-02 -8.9325863E-02 -8.5609296E-02
      69.800 -9.6423503E-02 -9.2439082E-02 -9.5032666E-02 -9.1105718E-02
      70.000 -1.0243072E-01 -9.8227021E-02 -1.0056719E-01 -9.6439969E-02
      70.200 -1.0791838E-01 -1.0351974E-01 -1.0592385E-01 -1.0160651E-01
      70.400 -1.1285482E-01 -1.0828640E-01 -1.1109721E-01 -1.0659994E-01
      70.600 -1.1731861E-01 -1.1260189E-01 -1.1608179E-01 -1.1141480E-01
      70.800 -1.2147284E-01 -1.1662239E-01 -1.2087198E-01 -1.1604553E-01
      71.000 -1.2551410E-01 -1.2053641E-01 -1.2546166E-01 -1.2048605E-01
      71.200 -1.2961193E-01 -1.2450668E-01 -1.2984422E-01 -1.2472982E-01
      71.400 -1.3385622E-01 -1.2861960E-01 -1.3401241E-01 -1.2876968E-01
      71.600 -1.3822882E-01 -1.3285780E-01 -1.3795881E-01 -1.3259828E-01
      71.800 -1.4260710E-01 -1.3710347E-01 -1.4167616E-01 -1.3620846E-01
      72.000 -1.4679866E-01 -1.4117156E-01 -1.4515813E-01 -1.3959391E-01
      72.200 -1.5059702E-01 -1.4486325E-01 -1.4840005E-01 -1.4274993E-01
      72.400 -1.5384126E-01 -1.4802341E-01 -1.5139953E-01 -1.4567402E-01
      72.600 -1.5646293E-01 -1.5058569E-01 -1.5415685E-01 -1.4836623E-01
      72.800 -1.5850568E-01 -1.5259162E-01 -1.5667483E-01 -1.5082908E-01
      73.000 -1.6011268E-01 -1.5417862E-01 -1.5895840E-01 -1.5306711E-01
      73.200 -1.6148523E-01 -1.5554023E-01 -1.6101367E-01 -1.5508603E-01
      73.400 -1.6282488E-01 -1.5687045E-01 -1.6284680E-01 -1.5689157E-01
      73.600 -1.6427602E-01 -1.5830840E-01 -1.6446296E-01 -1.5848855E-01
      73.800 -1.6588540E-01 -1.5989920E-01 -1.6586542E-01 -1.5987994E-01
      74.000 -1.6759028E-01 -1.6158247E-01 -1.6705527E-01 -1.6106663E-01
      74.200 -1.6923813E-01 -1.6321116E-01 -1.6803159E-01 -1.6204759E-01
      74.400 -1.7063202E-01 -1.6459526E-01 -1.6879228E-01 -1.6282060E-01
      74.600 -1.7158816E-01 -1.6555725E-01 -1.6933521E-01 -1.6338349E-01
      74.800 -1.7198893E-01 -1.6598333E-01 -1.6965957E-01 -1.6373531E-01
      75.000 -1.7181636E-01 -1.6585573E-01 -1.6976699E-01 -1.6387746E-01
      75.200 -1.7115652E-01 -1.6525719E-01 -1.6966221E-01 -1.6381439E-01
      75.400 -1.7017443E-01 -1.6434675E-01 -1.6935312E-01 -1.6355357E-01
      75.600 -1.6906696E-01 -1.6331437E-01 -1.6885011E-01 -1.6310490E-01
      75.800 -1.6800789E-01 -1.6232788E-01 -1.6816489E-01 -1.6247958E-01
      76.000 -1.6710084E-01 -1.6148747E-01 -1.6730902E-01 -1.6168866E-01
      76.200 -1.6635354E-01 -1.6080070E-01 -1.6629252E-01 -1.6074173E-01
      76.400 -1.6568005E-01 -1.6018461E-01 -1.6512282E-01 -1.5964586E-01
      76.600 -1.6492977E-01 -1.5949359E-01 -1.6380444E-01 -1.5840535E-01
      76.800 -1.6393393E-01 -1.5856437E-01 -1.6233930E-01 -1.5702197E-01
      77.000 -1.6255592E-01 -1.5726464E-01 -1.6072781E-01 -1.5549604E-01
      77.200 -1.6073081E-01 -1.5553135E-01 -1.5897027E-01 -1.5382776E-01
      77.400 -1.5848295E-01 -1.5338780E-01 -1.5706837E-01 -1.5201870E-01
      77.600 -1.5591759E-01 -1.5093565E-01 -1.5502644E-01 -1.5007298E-01
      77.800 -1.5318948E-01 -1.4832457E-01 -1.5285198E-01 -1.4799779E-01
      78.000 -1.5045872E-01 -1.4570952E-01 -1.5055558E-01 -1.4580332E-01
      78.200 -1.4784662E-01 -1.4320802E-01 -1.4814986E-01 -1.4350174E-01
      78.400 -1.4540490E-01 -1.4087027E-01 -1.4564807E-01 -1.4110586E-01
      78.600 -1.4310598E-01 -1.3866966E-01 -1.4306227E-01 -1.3862731E-01
      78.800 -1.4085684E-01 -1.3651613E-01 -1.4040171E-01 -1.3607503E-01
      79.000 -1.3853098E-01 -1.3428709E-01 -1.3767177E-01 -1.3345421E-01
      79.200 -1.3600831E-01 -1.3186610E-01 -1.3487352E-01 -1.3076588E-01
      79.400 -1.3321107E-01 -1.2917767E-01 -1.3200426E-01 -1.2800739E-01
      79.600 -1.3012492E-01 -1.2620773E-01 -1.2905866E-01 -1.2517356E-01
      79.800 -1.2679979E-01 -1.2300461E-01 -1.2603045E-01 -1.2225830E-01
      80.000 -1.2333127E-01 -1.1966096E-01 -1.2291431E-01 -1.1925640E-01
      80.200 -1.1982874E-01 -1.1628286E-01 -1.1970730E-01 -1.1616502E-01
      80.400 -1.1638104E-01 -1.1295654E-01 -1.1641003E-01 -1.1298468E-01
      80.600 -1.1302986E-01 -1.0972254E-01 -1.1302675E-01 -1.0971952E-01
      80.800 -1.0975951E-01 -1.0656568E-01 -1.0956502E-01 -1.0637685E-01
      81.000 -1.0650503E-01 -1.0342295E-01 -1.0603447E-01 -1.0296600E-01
      81.200 -1.0317613E-01 -1.0020667E-01 -1.0244530E-01 -9.9496880E-02
      81.400 -9.9688715E-02 -9.6835163E-02 -9.8806833E-02 -9.5978525E-02
      81.600 -9.5993696E-02 -9.3260672E-02 -9.5125990E-02 -9.2417671E-02
      81.800 -9.2094273E-02 -8.9486240E-02 -9.1406653E-02 -8.8818092E-02
      82.000 -8.8045774E-02 -8.5565566E-02 -8.7649273E-02 -8.5180234E-02
      82.200 -8.3938691E-02 -8.1586566E-02 -8.3851421E-02 -8.1501741E-02
      82.400 -7.9869776E-02 -7.7643295E-02 -8.0008549E-02 -7.7778200E-02
      82.600 -7.5910806E-02 -7.3805583E-02 -7.6115243E-02 -7.4004350E-02
      82.800 -7.2084739E-02 -7.0095824E-02 -7.2166543E-02 -7.0175371E-02
      83.000 -6.8356701E-02 -6.6480184E-02 -6.8158921E-02 -6.6287834E-02
      83.200 -6.4643332E-02 -6.2877644E-02 -6.4091231E-02 -6.2340624E-02
      83.400 -6.0837303E-02 -5.9183820E-02 -5.9964933E-02 -5.8335160E-02
      83.600 -5.6840249E-02 -5.5302993E-02 -5.5784229E-02 -5.4275534E-02
      83.800 -5.2593608E-02 -5.1178126E-02 -5.1555542E-02 -5.0167999E-02
      84.000 -4.8098374E-02 -4.6810112E-02 -4.7286976E-02 -4.6020446E-02
      84.200 -4.3417479E-02 -4.2260136E-02 -4.2987663E-02 -4.1841778E-02
      84.400 -3.8659676E-02 -3.7634023E-02 -3.8666943E-02 -3.7641097E-02
      84.600 -3.3950099E-02 -3.3053599E-02 -3.4333964E-02 -3.3427328E-02
      84.800 -2.9395530E-02 -2.8622887E-02 -2.9997132E-02 -2.9208676E-02
      85.000 -2.5055364E-02 -2.4399810E-02 -2.5664091E-02 -2.4992610E-02
      85.200 -2.0926219E-02 -2.0381176E-02 -2.1341555E-02 -2.0785694E-02
      85.400 -1.6945284E-02 -1.6505901E-02 -1.7035478E-02 -1.6593757E-02
      85.600 -1.3011124E-02 -1.2675243E-02 -1.2751314E-02 -1.2422139E-02
      85.800 -9.0155753E-03 -8.7838551E-03 -8.4940716E-03 -8.2757551E-03
      86.000 -4.8776401E-03 -4.7528150E-03 -4.2686890E-03 -4.1594477E-03
      86.200 -5.6876642E-04 -5.5427301E-04 -8.0015948E-05 -7.7976967E-05
      86.400  3.8773659E-03  3.7789783E-03  4.0669136E-03  3.9637162E-03
      86.600  8.3739453E-03  8.1623413E-03  8.1669764E-03  7.9606024E-03
      86.800  1.2805698E-02  1.2483436E-02  1.2214882E-02  1.1907487E-02
      87.000  1.7061860E-02  1.6634230E-02  1.6205119E-02  1.5798961E-02
      87.200  2.1067761E-02  2.0541841E-02  2.0132110E-02  1.9629546E-02
      87.400  2.4805103E-02  2.4188330E-02  2.3990048E-02  2.3393541E-02
      87.600  2.8315518E-02  2.7614201E-02  2.7773023E-02  2.7085143E-02
      87.800  3.1685971E-02  3.0904188E-02  3.1474922E-02  3.0698346E-02
      88.000  3.5020639E-02  3.4159851E-02  3.5089328E-02  3.4226852E-02
      88.200  3.8407893E-02  3.7467372E-02  3.8609603E-02  3.7664142E-02
      88.400  4.1891855E-02  4.0869792E-02  4.2028717E-02  4.1003315E-02
      88.600  4.5457480E-02  4.4352443E-02  4.5339394E-02  4.4237227E-02
      88.800  4.9033047E-02  4.7845344E-02  4.8534030E-02  4.7358414E-02
      89.000  5.2509704E-02  5.1242257E-02  5.1604923E-02  5.0359316E-02
      89.200  5.5771773E-02  5.4430246E-02  5.4544391E-02  5.3232387E-02
      89.400  5.8728913E-02  5.7321065E-02  5.7344952E-02  5.5970280E-02
      89.600  6.1340712E-02  5.9875180E-02  5.9999690E-02  5.8566197E-02
      89.800  6.3626146E-02  6.2111019E-02  6.2502440E-02  6.1014072E-02
      90.000  6.5655655E-02  6.4097265E-02  6.4848185E-02  6.3308961E-02
      90.200  6.7528021E-02  6.5930293E-02  6.7033245E-02  6.5447223E-02
      90.400  6.9339476E-02  6.7704023E-02  6.9055602E-02  6.7426844E-02
      90.600  7.1154154E-02  6.9481059E-02  7.0915041E-02  6.9247568E-02
      90.800  7.2984902E-02  7.1273940E-02  7.2613210E-02  7.0910962E-02
      91.000  7.4790240E-02  7.3042153E-02  7.4153647E-02  7.2420438E-02
      91.200  7.6488122E-02  7.4705549E-02  7.5541528E-02  7.3781016E-02
      91.400  7.7982489E-02  7.6170274E-02  7.6783401E-02  7.4999052E-02
      91.600  7.9194267E-02  7.7359041E-02  7.7886647E-02  7.6081723E-02
      91.800  8.0087597E-02  7.8236759E-02  7.8858933E-02  7.7036490E-02
      92.000  8.0683061E-02  7.8823473E-02  7.9707555E-02  7.7870450E-02
      92.200  8.1053882E-02  7.9190664E-02  8.0438814E-02  7.8589734E-02
      92.400  8.1306046E-02  7.9441847E-02  8.1057568E-02  7.9199067E-02
      92.600  8.1548106E-02  7.9683073E-02  8.1566954E-02  7.9701489E-02
      92.800  8.1859679E-02  7.9992137E-02  8.1968448E-02  8.0098425E-02
      93.000  8.2267972E-02  8.0395642E-02  8.2262220E-02  8.0390021E-02
      93.200  8.2739511E-02  8.0860888E-02  8.2447801E-02  8.0575801E-02
      93.400  8.3189667E-02  8.1305170E-02  8.2524948E-02  8.0655509E-02
      93.600  8.3507424E-02  8.1619980E-02  8.2494566E-02  8.0630014E-02
      93.800  8.3588347E-02  8.1703216E-02  8.2359534E-02  8.0502115E-02
      93.999  8.3366170E-02  8.1490070E-02  8.2125254E-02  8.0277079E-02
      94.199  8.2833886E-02  8.0973647E-02  8.1799797E-02  7.9962782E-02
      94.399  8.2048165E-02  8.0209312E-02  8.1393601E-02  7.9569417E-02
      94.599  8.1115745E-02  7.9301379E-02  8.0918729E-02  7.9108769E-02
      94.799  8.0165658E-02  7.8375988E-02  8.0387830E-02  7.8593200E-02
      94.999  7.9315234E-02  7.7547855E-02  7.9812990E-02  7.8034520E-02
      95.199  7.8639477E-02  7.6890334E-02  7.9204658E-02  7.7442944E-02
      95.399  7.8152591E-02  7.6417336E-02  7.8570926E-02  7.6826383E-02
      95.599  7.7806651E-02  7.6082025E-02  7.7917226E-02  7.6190150E-02
      95.799  7.7507693E-02  7.5792535E-02  7.7246580E-02  7.5537200E-02
      95.999  7.7144396E-02  7.5440008E-02  7.6560304E-02  7.4868821E-02
      96.199  7.6621031E-02  7.4930826E-02  7.5858996E-02  7.4185601E-02
      96.399  7.5885341E-02  7.4213867E-02  7.5143651E-02  7.3488513E-02
      96.599  7.4943484E-02  7.3295136E-02  7.4416561E-02  7.2779803E-02
      96.799  7.3858165E-02  7.2235946E-02  7.3681912E-02  7.2063564E-02
      96.999  7.2730780E-02  7.1135460E-02  7.2945818E-02  7.1345782E-02
      97.199  7.1673098E-02  7.0103000E-02  7.2215899E-02  7.0633910E-02
      97.399  7.0776764E-02  6.9228216E-02  7.1500436E-02  6.9936055E-02
      97.599  7.0089288E-02  6.8557596E-02  7.0807293E-02  6.9259910E-02
      97.799  6.9603269E-02  6.8083920E-02  7.0142901E-02  6.8611772E-02
      97.999  6.9261395E-02  6.7751143E-02  6.9511452E-02  6.7995747E-02
      98.199  6.8975375E-02  6.7472909E-02  6.8914567E-02  6.7413426E-02
      98.399  6.8652845E-02  6.7158871E-02  6.8351389E-02  6.6863976E-02
      98.599  6.8224293E-02  6.6741026E-02  6.7819148E-02  6.6344689E-02
      98.799  6.7662218E-02  6.6192465E-02  6.7313977E-02  6.5851789E-02
      98.999  6.6987249E-02  6.5533367E-02  6.6831766E-02  6.5381258E-02
      99.199  6.6259954E-02  6.4822980E-02  6.6368866E-02  6.4929530E-02
      99.399  6.5561134E-02  6.4140357E-02  6.5922394E-02  6.4493787E-02
      99.599  6.4966816E-02  6.3559880E-02  6.5490135E-02  6.4071866E-02
      99.799  6.4525294E-02  6.3128806E-02  6.5069999E-02  6.3661722E-02
      99.999  6.4242890E-02  6.2853330E-02  6.4659225E-02  6.3260660E-02
     100.199  6.4082179E-02  6.2696841E-02  6.4253530E-02  6.2864489E-02
     100.399  6.3972718E-02  6.2590426E-02  6.3846483E-02  6.2466919E-02
     100.599  6.3830619E-02  6.2452009E-02  6.3429184E-02  6.2059245E-02
     100.799  6.3580929E-02  6.2208256E-02  6.2990549E-02  6.1630623E-02
     100.999  6.3176133E-02  6.1812677E-02  6.2518063E-02  6.1168809E-02
     101.199  6.2605617E-02  6.1254883E-02  6.1998930E-02  6.0661286E-02
     101.399  6.1893785E-02  6.0558753E-02  6.1421373E-02  6.0096530E-02
     101.599  6.1088111E-02  5.9770735E-02  6.0775864E-02  5.9465222E-02
     101.799  6.0241237E-02  5.8942340E-02  6.0055974E-02  5.8761071E-02
     101.999  5.9393010E-02  5.8112556E-02  5.9258733E-02  5.7981174E-02
     102.199  5.8557889E-02  5.7295535E-02  5.8384354E-02  5.7125741E-02
     102.399  5.7721436E-02  5.6477153E-02  5.7435455E-02  5.6197336E-02
     102.599  5.6846486E-02  5.5621047E-02  5.6415932E-02  5.5199774E-02
     102.799  5.5886526E-02  5.4681712E-02  5.5329662E-02  5.4136853E-02
     102.999  5.4801755E-02  5.3620208E-02  5.4179451E-02  5.3011321E-02
     103.199  5.3572349E-02  5.2417142E-02  5.2966261E-02  5.1824123E-02
     103.399  5.2204808E-02  5.1078879E-02  5.1689055E-02  5.0574249E-02
     103.599  5.0729259E-02  4.9634903E-02  5.0345079E-02  4.9259010E-02
     103.799  4.9188893E-02  4.8127478E-02  4.8930643E-02  4.7874799E-02
     103.999  4.7625050E-02  4.6597057E-02  4.7442149E-02  4.6418103E-02
     104.199  4.6062869E-02  4.5068241E-02  4.5877062E-02  4.4886447E-02
     104.399  4.4502463E-02  4.3541148E-02  4.4234769E-02  4.3279237E-02
     104.599  4.2918403E-02  4.1990900E-02  4.2516930E-02  4.1598103E-02
     104.799  4.1268036E-02  4.0375771E-02  4.0727498E-02  3.9846920E-02
     104.999  3.9505869E-02  3.8651261E-02  3.8872177E-02  3.8031278E-02
     105.199  3.7599596E-02  3.6785771E-02  3.6957664E-02  3.6157733E-02
     105.399  3.5542517E-02  3.4772756E-02  3.4990767E-02  3.4232955E-02
     105.599  3.3358102E-02  3.2635188E-02  3.2977522E-02  3.2262856E-02
     105.799  3.1095190E-02  3.0420861E-02  3.0922707E-02  3.0252118E-02
     105.999  2.8814760E-02  2.8189437E-02  2.8829578E-02  2.8203933E-02
     106.199  2.6572491E-02  2.5995394E-02  2.6700144E-02  2.6120274E-02
     106.399  2.4402178E-02  2.3871795E-02  2.4535624E-02  2.4002341E-02
     106.599  2.2305479E-02  2.1820266E-02  2.2337171E-02  2.1851268E-02
     106.799  2.0251307E-02  1.9810397E-02  2.0106619E-02  1.9668858E-02
     106.999  1.8185268E-02  1.7788981E-02  1.7846955E-02  1.7458040E-02
     107.199  1.6046788E-02  1.5696774E-02  1.5562672E-02  1.5223217E-02
     107.399  1.3788613E-02  1.3487560E-02  1.3259611E-02  1.2970108E-02
     107.599  1.1393076E-02  1.1144074E-02  1.0944665E-02  1.0705464E-02
     107.799  8.8797834E-03  8.6855073E-03  8.6251089E-03  8.4364048E-03
     107.999  6.3023930E-03  6.1643569E-03  6.3079649E-03  6.1698067E-03
     108.199  3.7350555E-03  3.6531581E-03  3.9994597E-03  3.9117648E-03
     108.399  1.2522171E-03  1.2247285E-03  1.7045773E-03  1.6671585E-03
     108.599 -1.0920343E-03 -1.0680335E-03 -5.7292010E-04 -5.6032844E-04
     108.799 -3.2792641E-03 -3.2071042E-03 -2.8303438E-03 -2.7680624E-03
     108.999 -5.3316536E-03 -5.2141839E-03 -5.0655754E-03 -4.9539681E-03
     109.199 -7.3050670E-03 -7.1439106E-03 -7.2764425E-03 -7.1159177E-03
     109.399 -9.2721183E-03 -9.0672967E-03 -9.4602256E-03 -9.2512487E-03
     109.599 -1.1299827E-02 -1.1049875E-02 -1.1613155E-02 -1.1356272E-02
     109.799 -1.3428654E-02 -1.3131201E-02 -1.3730341E-02 -1.3426206E-02
     109.999 -1.5658807E-02 -1.5311462E-02 -1.5805833E-02 -1.5455227E-02
     110.199 -1.7948259E-02 -1.7549553E-02 -1.7833105E-02 -1.7436956E-02
     110.399 -2.0222992E-02 -1.9773089E-02 -1.9805637E-02 -1.9365018E-02
     110.599 -2.2396729E-02 -2.1897712E-02 -2.1717553E-02 -2.1233669E-02
     110.799 -2.4394648E-02 -2.3850277E-02 -2.3564293E-02 -2.3038452E-02
     110.999 -2.6173987E-02 -2.5588991E-02 -2.5342938E-02 -2.4776516E-02
     111.199 -2.7735850E-02 -2.7114952E-02 -2.7052427E-02 -2.6446828E-02
     111.399 -2.9124487E-02 -2.8471438E-02 -2.8693337E-02 -2.8049955E-02
     111.599 -3.0414463E-02 -2.9731355E-02 -3.0267552E-02 -2.9587743E-02
     111.799 -3.1689215E-02 -3.0976272E-02 -3.1777692E-02 -3.1062758E-02
     111.999 -3.3017269E-02 -3.2273169E-02 -3.3226511E-02 -3.2477696E-02
     112.199 -3.4433019E-02 -3.3655655E-02 -3.4616443E-02 -3.3834938E-02
     112.399 -3.5927452E-02 -3.5114908E-02 -3.5949208E-02 -3.5136172E-02
     112.599 -3.7451613E-02 -3.6603069E-02 -3.7225748E-02 -3.6382321E-02
     112.799 -3.8931507E-02 -3.8047816E-02 -3.8446249E-02 -3.7573573E-02
     112.999 -4.0290221E-02 -3.9373988E-02 -3.9610424E-02 -3.8709650E-02
     113.199 -4.1470586E-02 -4.0525731E-02 -4.0717787E-02 -3.9790084E-02
     113.399 -4.2451841E-02 -4.1482778E-02 -4.1767913E-02 -4.0814463E-02
     113.599 -4.3255509E-02 -4.2266185E-02 -4.2760642E-02 -4.1782637E-02
     113.799 -4.3938729E-02 -4.2931802E-02 -4.3696066E-02 -4.2694700E-02
     113.999 -4.4577206E-02 -4.3553613E-02 -4.4574442E-02 -4.3550913E-02
     114.199 -4.5242738E-02 -4.4201767E-02 -4.5395943E-02 -4.4351447E-02
     114.399 -4.5982023E-02 -4.4921881E-02 -4.6160431E-02 -4.5096176E-02
     114.599 -4.6802884E-02 -4.5721586E-02 -4.6867252E-02 -4.5784466E-02
     114.799 -4.7671915E-02 -4.6568235E-02 -4.7515143E-02 -4.6415093E-02
     114.999 -4.8524207E-02 -4.7398418E-02 -4.8102343E-02 -4.6986341E-02
     115.199 -4.9282140E-02 -4.8136319E-02 -4.8626797E-02 -4.7496213E-02
     115.399 -4.9877810E-02 -4.8715629E-02 -4.9086529E-02 -4.7942786E-02
     115.599 -5.0272409E-02 -4.9098472E-02 -4.9479997E-02 -4.8324563E-02
     115.799 -5.0467060E-02 -4.9285972E-02 -4.9806441E-02 -4.8640814E-02
     115.999 -5.0501953E-02 -4.9317408E-02 -5.0066079E-02 -4.8891758E-02
     116.199 -5.0444236E-02 -4.9258376E-02 -5.0260130E-02 -4.9078598E-02
     116.399 -5.0368315E-02 -4.9181541E-02 -5.0390673E-02 -4.9203372E-02
     116.599 -5.0334400E-02 -4.9145696E-02 -5.0460338E-02 -4.9268660E-02
     116.799 -5.0371605E-02 -4.9179260E-02 -5.0471932E-02 -4.9277213E-02
     116.999 -5.0470452E-02 -4.9272967E-02 -5.0428066E-02 -4.9231586E-02
     117.199 -5.0586832E-02 -4.9383747E-02 -5.0330856E-02 -4.9133859E-02
     117.399 -5.0656063E-02 -4.9448456E-02 -5.0181775E-02 -4.8985475E-02
     117.599 -5.0612748E-02 -4.9403270E-02 -4.9981658E-02 -4.8787260E-02
     117.799 -5.0410490E-02 -4.9202921E-02 -4.9730839E-02 -4.8539550E-02
     117.999 -5.0035637E-02 -4.8834113E-02 -4.9429402E-02 -4.8242436E-02
     118.199 -4.9511082E-02 -4.8319220E-02 -4.9077426E-02 -4.7896003E-02
     118.399 -4.8889149E-02 -4.7709332E-02 -4.8675204E-02 -4.7500549E-02
     118.599 -4.8235843E-02 -4.7068874E-02 -4.8223370E-02 -4.7056702E-02
     118.799 -4.7611205E-02 -4.6456438E-02 -4.7722889E-02 -4.6565413E-02
     118.999 -4.7051744E-02 -4.5907641E-02 -4.7174984E-02 -4.6027885E-02
     119.199 -4.6560046E-02 -4.5424997E-02 -4.6580952E-02 -4.5445394E-02
     119.399 -4.6104650E-02 -4.4977801E-02 -4.5942033E-02 -4.4819158E-02
     119.599 -4.5630026E-02 -4.4511877E-02 -4.5259270E-02 -4.4150206E-02
     119.799 -4.5073624E-02 -4.3966217E-02 -4.4533490E-02 -4.3439353E-02
     119.999 -4.4384848E-02 -4.3291489E-02 -4.3765380E-02 -4.2687281E-02
     120.199 -4.3540247E-02 -4.2464848E-02 -4.2955603E-02 -4.1894644E-02
     120.399 -4.2550548E-02 -4.1496786E-02 -4.2104994E-02 -4.1062266E-02
     120.599 -4.1457435E-02 -4.0427984E-02 -4.1214680E-02 -4.0191257E-02
     120.799 -4.0321274E-02 -3.9317329E-02 -4.0286184E-02 -3.9283112E-02
     120.999 -3.9203407E-02 -3.8224639E-02 -3.9321373E-02 -3.8339660E-02
     121.199 -3.8148435E-02 -3.7193398E-02 -3.8322338E-02 -3.7362948E-02
     121.399 -3.7171703E-02 -3.6238556E-02 -3.7291210E-02 -3.6355063E-02
     121.599 -3.6255570E-02 -3.5342901E-02 -3.6229902E-02 -3.5317879E-02
     121.799 -3.5355553E-02 -3.4463061E-02 -3.5139973E-02 -3.4252923E-02
     121.999 -3.4414242E-02 -3.3543079E-02 -3.4022505E-02 -3.3161258E-02
     122.199 -3.3378879E-02 -3.2531546E-02 -3.2878201E-02 -3.2043578E-02
     122.399 -3.2217204E-02 -3.1397046E-02 -3.1707538E-02 -3.0900354E-02
     122.599 -3.0926999E-02 -3.0137445E-02 -3.0511076E-02 -2.9732140E-02
     122.799 -2.9536596E-02 -2.8780382E-02 -2.9289816E-02 -2.8539921E-02
     122.999 -2.8096309E-02 -2.7374903E-02 -2.8045474E-02 -2.7325372E-02
     123.199 -2.6663682E-02 -2.5977082E-02 -2.6780731E-02 -2.6091117E-02
     123.399 -2.5286900E-02 -2.4633863E-02 -2.5499244E-02 -2.4840723E-02
     123.599 -2.3991599E-02 -2.3370206E-02 -2.4205575E-02 -2.3578640E-02
     123.799 -2.2774754E-02 -2.2183150E-02 -2.2904858E-02 -2.2309875E-02
     123.999 -2.1607516E-02 -2.1044581E-02 -2.1602427E-02 -2.1039625E-02
     124.199 -2.0445872E-02 -1.9911626E-02 -2.0303392E-02 -1.9772870E-02
     124.399 -1.9245685E-02 -1.8741306E-02 -1.9012191E-02 -1.8513932E-02
     124.599 -1.7977535E-02 -1.7504987E-02 -1.7732348E-02 -1.7266244E-02
     124.799 -1.6636631E-02 -1.6198020E-02 -1.6466280E-02 -1.6032160E-02
     124.999 -1.5244940E-02 -1.4841811E-02 -1.5215392E-02 -1.4813044E-02
     125.199 -1.3844765E-02 -1.3477556E-02 -1.3980228E-02 -1.3609426E-02
     125.399 -1.2485950E-02 -1.2153777E-02 -1.2760825E-02 -1.2421341E-02
     125.599 -1.1210649E-02 -1.0911497E-02 -1.1557121E-02 -1.1248724E-02
     125.799 -1.0040337E-02 -9.7715960E-03 -1.0369314E-02 -1.0091767E-02
     125.999 -8.9692647E-03 -8.7284565E-03 -9.1982553E-03 -8.9512992E-03
     126.199 -7.9662720E-03 -7.7517343E-03 -8.0456664E-03 -7.8289905E-03
     126.399 -6.9846281E-03 -6.7959460E-03 -6.9142839E-03 -6.7275021E-03
     126.599 -5.9769170E-03 -5.8149568E-03 -5.8078857E-03 -5.6505059E-03
     126.799 -4.9104435E-03 -4.7769685E-03 -4.7311417E-03 -4.6025405E-03
     126.999 -3.7786037E-03 -3.6755738E-03 -3.6894524E-03 -3.5888534E-03
     127.199 -2.6045881E-03 -2.5333475E-03 -2.6886290E-03 -2.6150896E-03
     127.399 -1.4363772E-03 -1.3969661E-03 -1.7346162E-03 -1.6870220E-03
     127.599 -3.3427336E-04 -3.2507271E-04 -8.3311978E-04 -8.1018873E-04
     127.799  6.4526029E-04  6.2744383E-04  1.0703658E-05  1.0408117E-05
     127.999  1.4647736E-03  1.4242012E-03  7.9252926E-04  7.7057716E-04
     128.199  2.1156042E-03  2.0568183E-03  1.5091290E-03  1.4671951E-03
     128.399  2.6193149E-03  2.5463004E-03  2.1584981E-03  2.0983290E-03
     128.599  3.0205519E-03  2.9360836E-03  2.7399433E-03  2.6633220E-03
     128.799  3.3734094E-03  3.2787710E-03  3.2540089E-03  3.1627203E-03
     128.999  3.7254665E-03  3.6206154E-03  3.7023390E-03  3.5981389E-03
     129.199  4.1041832E-03  3.9883010E-03  4.0874107E-03  3.9720021E-03
     129.399  4.5096572E-03  4.3819148E-03  4.4122008E-03  4.2872190E-03
     129.599  4.9157982E-03  4.7761001E-03  4.6798339E-03  4.5468415E-03
     129.799  5.2793679E-03  5.1288504E-03  4.8932158E-03  4.7537077E-03
     129.999  5.5540774E-03  5.3952121E-03  5.0547462E-03  4.9101635E-03
     130.199  5.7053316E-03  5.5416072E-03  5.1661090E-03  5.0178585E-03
     130.399  5.7211649E-03  5.5564488E-03  5.2282013E-03  5.0776780E-03
     130.599  5.6160224E-03  5.4538032E-03  5.2411862E-03  5.0897941E-03
     130.799  5.4263163E-03  5.2690615E-03  5.2046717E-03  5.0538402E-03
     130.999  5.1991534E-03  5.0479854E-03  5.1179845E-03  4.9691765E-03
     131.199  4.9777582E-03  4.8325494E-03  4.9804971E-03  4.8352085E-03
     131.399  4.7880753E-03  4.6479377E-03  4.7919560E-03  4.6517049E-03
     131.599  4.6307321E-03  4.4947503E-03  4.5527773E-03  4.4190847E-03
     131.799  4.4808483E-03  4.3488307E-03  4.2642526E-03  4.1386165E-03
     131.999  4.2958430E-03  4.1688548E-03  3.9286624E-03  3.8125283E-03
     132.199  4.0289151E-03  3.9094203E-03  3.5492870E-03  3.4440177E-03
     132.399  3.6441303E-03  3.5356868E-03  3.1303052E-03  3.0371523E-03
     132.599  3.1285688E-03  3.0351558E-03  2.6766494E-03  2.5967299E-03
     132.799  2.4977799E-03  2.4229510E-03  2.1937931E-03  2.1280710E-03
     132.999  1.7928894E-03  1.7389973E-03  1.6875699E-03  1.6368436E-03
     133.199  1.0700849E-03  1.0378112E-03  1.1639852E-03  1.1288795E-03
     133.399  3.8564038E-04  3.7397026E-04  6.2909710E-04  6.1005957E-04
     133.599 -2.1909246E-04 -2.1243997E-04  8.8951716E-05  8.6250799E-05
     133.799 -7.2827331E-04 -7.0608534E-04 -4.5046305E-04 -4.3673899E-04
     133.999 -1.1544946E-03 -1.1192020E-03 -9.8319672E-04 -9.5314065E-04
     134.199 -1.5332307E-03 -1.4862012E-03 -1.5033532E-03 -1.4572402E-03
     134.399 -1.9104046E-03 -1.8516068E-03 -2.0051034E-03 -1.9433910E-03
     134.599 -2.3268260E-03 -2.2549680E-03 -2.4827408E-03 -2.4060678E-03
     134.799 -2.8041941E-03 -2.7172988E-03 -2.9308128E-03 -2.8399939E-03
     134.999 -3.3368513E-03 -3.2330975E-03 -3.3442587E-03 -3.2402745E-03
     135.199 -3.8918753E-03 -3.7704504E-03 -3.7186085E-03 -3.6025895E-03
     135.399 -4.4174807E-03 -4.2791857E-03 -4.0501373E-03 -3.9233425E-03
     135.599 -4.8573562E-03 -4.7047695E-03 -4.3360020E-03 -4.1997929E-03
     135.799 -5.1666332E-03 -5.0037743E-03 -4.5742750E-03 -4.4300881E-03
     135.999 -5.3247662E-03 -5.1563465E-03 -4.7638745E-03 -4.6131955E-03
     136.199 -5.3414600E-03 -5.1719316E-03 -4.9043922E-03 -4.7487355E-03
     136.399 -5.2537883E-03 -5.0864685E-03 -4.9958110E-03 -4.8367071E-03
     136.599 -5.1152903E-03 -4.9518200E-03 -5.0381779E-03 -4.8771720E-03
     136.799 -4.9801783E-03 -4.8204770E-03 -5.0312687E-03 -4.8699291E-03
     136.999 -4.8872401E-03 -4.7299779E-03 -4.9743207E-03 -4.8142565E-03
     137.199 -4.8481445E-03 -4.6916013E-03 -4.8658821E-03 -4.7087661E-03
     137.399 -4.8435637E-03 -4.6866273E-03 -4.7038281E-03 -4.5514194E-03
     137.599 -4.8282504E-03 -4.6712686E-03 -4.4855430E-03 -4.3397037E-03
     137.799 -4.7436104E-03 -4.5888460E-03 -4.2082666E-03 -4.0709682E-03
     137.999 -4.5341209E-03 -4.3856781E-03 -3.8695270E-03 -3.7428424E-03
     138.199 -4.1628684E-03 -4.0261069E-03 -3.4676195E-03 -3.3536988E-03
     138.399 -3.6217401E-03 -3.5023428E-03 -3.0020034E-03 -2.9030368E-03
     138.599 -2.9334218E-03 -2.8363798E-03 -2.4735765E-03 -2.3917469E-03
     138.799 -2.1447523E-03 -2.0735538E-03 -1.8847613E-03 -1.8221936E-03
     138.999 -1.3134330E-03 -1.2696796E-03 -1.2393491E-03 -1.1980636E-03
     139.199 -4.9212079E-04 -4.7567003E-04 -5.4219312E-04 -5.2406852E-04
     139.399  2.8557364E-04  2.7599411E-04  2.0128432E-04  1.9453226E-04
     139.599  1.0130758E-03  9.7897371E-04  9.8558268E-04  9.5240604E-04
     139.799  1.7107829E-03  1.6529936E-03  1.8056249E-03  1.7446318E-03
     139.999  2.4180978E-03  2.3361303E-03  2.6570957E-03  2.5670268E-03
     140.199  3.1801524E-03  3.0719762E-03  3.5365905E-03  3.4162898E-03
     140.399  4.0333067E-03  3.8956297E-03  4.4416022E-03  4.2899881E-03
     140.599  4.9936597E-03  4.8226045E-03  5.3702599E-03  5.1863045E-03
     140.799  6.0520103E-03  5.8439759E-03  6.3210159E-03  6.1037347E-03
     140.999  7.1764717E-03  6.9289204E-03  7.2922200E-03  7.0406760E-03
     141.199  8.3218889E-03  8.0338205E-03  8.2818138E-03  7.9951326E-03
     141.399  9.4429483E-03  9.1149274E-03  9.2871023E-03  8.9644951E-03
     141.599  1.0506985E-02  1.0140722E-02  1.0304692E-02  9.9454813E-03
     141.799  1.1502681E-02  1.1100302E-02  1.1330654E-02  1.0934293E-02
     141.999  1.2441992E-02  1.2005227E-02  1.2360747E-02  1.1926834E-02
     142.199  1.3355012E-02  1.2884550E-02  1.3390787E-02  1.2919065E-02
     142.399  1.4279378E-02  1.3774586E-02  1.4416965E-02  1.3907309E-02
     142.599  1.5247604E-02  1.4706690E-02  1.5436067E-02  1.4888467E-02
     142.799  1.6276321E-02  1.5696883E-02  1.6445616E-02  1.5860152E-02
     142.999  1.7360564E-02  1.6740354E-02  1.7443772E-02  1.6820590E-02
     143.199  1.8474953E-02  1.7812610E-02  1.8429173E-02  1.7768472E-02
     143.399  1.9581121E-02  1.8876652E-02  1.9400605E-02  1.8702631E-02
     143.599  2.0639178E-02  1.9894031E-02  2.0356737E-02  1.9621788E-02
     143.799  2.1619476E-02  2.0836192E-02  2.1295856E-02  2.0524296E-02
     143.999  2.2511079E-02  2.1692621E-02  2.2215732E-02  2.1408012E-02
     144.199  2.3324366E-02  2.2473353E-02  2.3113673E-02  2.2270348E-02
     144.399  2.4086913E-02  2.3204984E-02  2.3986656E-02  2.3108399E-02
     144.599  2.4834096E-02  2.3921609E-02  2.4831629E-02  2.3919233E-02
     144.799  2.5597263E-02  2.4653423E-02  2.5645774E-02  2.4700146E-02
     144.999  2.6393282E-02  2.5416665E-02  2.6426793E-02  2.5448936E-02
     145.199  2.7218664E-02  2.6207960E-02  2.7173041E-02  2.6164031E-02
     145.399  2.8050109E-02  2.7004863E-02  2.7883520E-02  2.6844482E-02
     145.599  2.8851361E-02  2.7772472E-02  2.8557761E-02  2.7489852E-02
     145.799  2.9584146E-02  2.8473960E-02  2.9195553E-02  2.8099950E-02
     145.999  3.0219878E-02  2.9081843E-02  2.9796674E-02  2.8674575E-02
     146.199  3.0748369E-02  2.9586354E-02  3.0360612E-02  2.9213251E-02
     146.399  3.1180880E-02  2.9998372E-02  3.0886444E-02  2.9715103E-02
     146.599  3.1546458E-02  3.0345875E-02  3.1372823E-02  3.0178848E-02
     146.799  3.1882671E-02  3.0665021E-02  3.1818130E-02  3.0602945E-02
     146.999  3.2223624E-02  3.0988622E-02  3.2220769E-02  3.0985876E-02
     147.199  3.2588956E-02  3.1335557E-02  3.2579477E-02  3.1326442E-02
     147.399  3.2977321E-02  3.1704523E-02  3.2893624E-02  3.1624056E-02
     147.599  3.3366440E-02  3.2074092E-02  3.3163374E-02  3.1878892E-02
     147.799  3.3719834E-02  3.2409205E-02  3.3389683E-02  3.2091887E-02
     147.999  3.3998207E-02  3.2672112E-02  3.3574092E-02  3.2264539E-02
     148.199  3.4171978E-02  3.2834418E-02  3.3718362E-02  3.2398558E-02
     148.399  3.4231053E-02  3.2886473E-02  3.3824035E-02  3.2495442E-02
     148.599  3.4188668E-02  3.2841033E-02  3.3892001E-02  3.2556060E-02
     148.799  3.4077939E-02  3.2729950E-02  3.3922196E-02  3.2580367E-02
     148.999  3.3942013E-02  3.2594685E-02  3.3913504E-02  3.2567307E-02
     149.199  3.3820685E-02  3.2473459E-02  3.3863902E-02  3.2514954E-02
     149.399  3.3737579E-02  3.2388946E-02  3.3770825E-02  3.2420864E-02
     149.599  3.3691882E-02  3.2340350E-02  3.3631690E-02  3.2282573E-02
     149.799  3.3657372E-02  3.2302488E-02  3.3444438E-02  3.2098126E-02
     149.999  3.3589279E-02  3.2232395E-02  3.3208004E-02  3.1866522E-02
     150.199  3.3437175E-02  3.2081700E-02  3.2922568E-02  3.1587955E-02
     150.399  3.3160137E-02  3.1811182E-02  3.2589547E-02  3.1263804E-02
     150.599  3.2739661E-02  3.1403146E-02  3.2211307E-02  3.0896361E-02
     150.799  3.2186304E-02  3.0867778E-02  3.1790657E-02  3.0488339E-02
     150.999  3.1537858E-02  3.0241374E-02  3.1330251E-02  3.0042302E-02
     151.199  3.0849256E-02  2.9576644E-02  3.0832020E-02  2.9560118E-02
     151.399  3.0177034E-02  2.8927799E-02  3.0296804E-02  2.9042610E-02
     151.599  2.9562718E-02  2.8334636E-02  2.9724236E-02  2.8489444E-02
     151.799  2.9020142E-02  2.7810388E-02  2.9112962E-02  2.7899338E-02
     151.999  2.8530532E-02  2.7337034E-02  2.8461130E-02  2.7270535E-02
     152.199  2.8047055E-02  2.6869687E-02  2.7767018E-02  2.6601406E-02
     152.399  2.7507826E-02  2.6349066E-02  2.7029714E-02  2.5891094E-02
     152.599  2.6853733E-02  2.5718581E-02  2.6249586E-02  2.5139973E-02
     152.799  2.6046070E-02  2.4941223E-02  2.5428526E-02  2.4349874E-02
     152.999  2.5078751E-02  2.4011230E-02  2.4569777E-02  2.3523922E-02
     153.199  2.3981442E-02  2.2957077E-02  2.3677457E-02  2.2666077E-02
     153.399  2.2812488E-02  2.1834664E-02  2.2755836E-02  2.1780441E-02
     153.599  2.1643301E-02  2.0712366E-02  2.1808486E-02  2.0870446E-02
     153.799  2.0538675E-02  1.9652183E-02  2.0837598E-02  1.9938203E-02
     153.999  1.9538377E-02  1.8692131E-02  1.9843504E-02  1.8984042E-02
     154.199  1.8645472E-02  1.7835096E-02  1.8824676E-02  1.8006511E-02
     154.399  1.7824682E-02  1.7047291E-02  1.7778070E-02  1.7002713E-02
     154.599  1.7011525E-02  1.6267027E-02  1.6699902E-02  1.5969042E-02
     154.799  1.6129785E-02  1.5421429E-02  1.5586639E-02  1.4902136E-02
     154.999  1.5112472E-02  1.4446495E-02  1.4435966E-02  1.3799800E-02
     155.199  1.3920572E-02  1.3304997E-02  1.3247646E-02  1.2661827E-02
     155.399  1.2554208E-02  1.1997134E-02  1.2023941E-02  1.1490396E-02
     155.599  1.1053256E-02  1.0561090E-02  1.0769657E-02  1.0290118E-02
     155.799  9.4870892E-03  9.0632002E-03  9.4916480E-03  9.0675553E-03
     155.999  7.9364603E-03  7.5806306E-03  8.1980015E-03  7.8304456E-03
     156.199  6.4725416E-03  6.1813456E-03  6.8970220E-03  6.5867288E-03
     156.399  5.1388488E-03  4.9068581E-03  5.5961466E-03  5.3435114E-03
     156.599  3.9411725E-03  3.7626375E-03  4.3011518E-03  4.1063098E-03
     156.799  2.8479476E-03  2.7184917E-03  3.0156014E-03  2.8785247E-03
     156.999  1.8009259E-03  1.7187818E-03  1.7408174E-03  1.6614149E-03
     157.199  7.3275605E-04  6.9921861E-04  4.7615886E-04  4.5436559E-04
     157.399 -4.1350347E-04 -3.9451288E-04 -7.8032109E-04 -7.4448401E-04
     157.599 -1.6685268E-03 -1.5916350E-03 -2.0310554E-03 -1.9374570E-03
     157.799 -3.0289496E-03 -2.8888860E-03 -3.2782068E-03 -3.1266171E-03
     157.999 -4.4595090E-03 -4.2525875E-03 -4.5229683E-03 -4.3131024E-03
     158.199 -5.9043404E-03 -5.6294409E-03 -5.7652131E-03 -5.4967912E-03
     158.399 -7.3037400E-03 -6.9625229E-03 -7.0033749E-03 -6.6761904E-03
     158.599 -8.6114139E-03 -8.2077299E-03 -8.2346022E-03 -7.8485823E-03
     158.799 -9.8072229E-03 -9.3459121E-03 -9.4551730E-03 -9.0104219E-03
     158.999 -1.0901644E-02 -1.0387105E-02 -1.0660919E-02 -1.0157742E-02
     159.199 -1.1931031E-02 -1.1365987E-02 -1.1847753E-02 -1.1286652E-02
     159.399 -1.2945125E-02 -1.2329965E-02 -1.3012019E-02 -1.2393680E-02
     159.599 -1.3990883E-02 -1.3323765E-02 -1.4150818E-02 -1.3476075E-02
     159.799 -1.5097438E-02 -1.4375109E-02 -1.5262148E-02 -1.4531939E-02
     159.999 -1.6266766E-02 -1.5485847E-02 -1.6344927E-02 -1.5560256E-02
     160.199 -1.7472888E-02 -1.6631220E-02 -1.7398999E-02 -1.6560890E-02
     160.399 -1.8669666E-02 -1.7767298E-02 -1.8425005E-02 -1.7534463E-02
     160.599 -1.9804974E-02 -1.8844489E-02 -1.9424291E-02 -1.8482269E-02
     160.799 -2.0836784E-02 -1.9822838E-02 -2.0398702E-02 -1.9406074E-02
     160.999 -2.1746470E-02 -2.0684678E-02 -2.1350387E-02 -2.0307935E-02
     161.199 -2.2545165E-02 -2.1440656E-02 -2.2281499E-02 -2.1189908E-02
     161.399 -2.3271260E-02 -2.2127329E-02 -2.3193816E-02 -2.2053693E-02
     161.599 -2.3979705E-02 -2.2796974E-02 -2.4088379E-02 -2.2900288E-02
     161.799 -2.4726098E-02 -2.3502443E-02 -2.4965075E-02 -2.3729593E-02
     161.999 -2.5550258E-02 -2.4281560E-02 -2.5822372E-02 -2.4540161E-02
     162.199 -2.6463963E-02 -2.5145474E-02 -2.6657165E-02 -2.5329050E-02
     162.399 -2.7446515E-02 -2.6074478E-02 -2.7464910E-02 -2.6091953E-02
     162.599 -2.8449388E-02 -2.7022443E-02 -2.8239972E-02 -2.6823530E-02
     162.799 -2.9408679E-02 -2.7928671E-02 -2.8976222E-02 -2.7517977E-02
     162.999 -3.0261924E-02 -2.8733872E-02 -2.9667825E-02 -2.8169771E-02
     163.199 -3.0964415E-02 -2.9395657E-02 -3.0310011E-02 -2.8774407E-02
     163.399 -3.1500638E-02 -2.9899375E-02 -3.0899804E-02 -2.9329084E-02
     163.599 -3.1887579E-02 -3.0261232E-02 -3.1436455E-02 -2.9833116E-02
     163.799 -3.2169267E-02 -3.0523077E-02 -3.1921566E-02 -3.0288052E-02
     163.999 -3.2404179E-02 -3.0740439E-02 -3.2358810E-02 -3.0697399E-02
     164.199 -3.2649253E-02 -3.0967345E-02 -3.2753282E-02 -3.1066016E-02
     164.399 -3.2945021E-02 -3.1242230E-02 -3.3110615E-02 -3.1399265E-02
     164.599 -3.3305934E-02 -3.1578766E-02 -3.3435957E-02 -3.1702046E-02
     164.799 -3.3718341E-02 -3.1963980E-02 -3.3733033E-02 -3.1977908E-02
     164.999 -3.4146298E-02 -3.2363777E-02 -3.4003421E-02 -3.2228358E-02
     165.199 -3.4543149E-02 -3.2733935E-02 -3.4246189E-02 -3.2452529E-02
     165.399 -3.4865229E-02 -3.3033101E-02 -3.4457939E-02 -3.2647213E-02
     165.599 -3.5083603E-02 -3.3233903E-02 -3.4633243E-02 -3.2807286E-02
     165.799 -3.5190533E-02 -3.3329065E-02 -3.4765403E-02 -3.2926423E-02
     165.999 -3.5199037E-02 -3.3330975E-02 -3.4847379E-02 -3.2997980E-02
     166.199 -3.5136127E-02 -3.3265257E-02 -3.4872750E-02 -3.3015904E-02
     166.399 -3.5032128E-02 -3.3160653E-02 -3.4836534E-02 -3.2975508E-02
     166.599 -3.4909657E-02 -3.3038590E-02 -3.4735765E-02 -3.2874019E-02
     166.799 -3.4775779E-02 -3.2905763E-02 -3.4569750E-02 -3.2710813E-02
     166.999 -3.4619776E-02 -3.2752038E-02 -3.4339986E-02 -3.2487343E-02
     167.199 -3.4417138E-02 -3.2554245E-02 -3.4049782E-02 -3.2206773E-02
     167.399 -3.4138393E-02 -3.2284536E-02 -3.3703675E-02 -3.1873425E-02
     167.599 -3.3759849E-02 -3.1920551E-02 -3.3306721E-02 -3.1492110E-02
     167.799 -3.3272736E-02 -3.1454054E-02 -3.2863795E-02 -3.1067464E-02
     167.999 -3.2687741E-02 -3.0895202E-02 -3.2378994E-02 -3.0603386E-02
     168.199 -3.2033289E-02 -3.0270911E-02 -3.1855193E-02 -3.0102613E-02
     168.399 -3.1348018E-02 -2.9617725E-02 -3.1293837E-02 -2.9566535E-02
     168.599 -3.0669553E-02 -2.8971201E-02 -3.0694934E-02 -2.8995178E-02
     168.799 -3.0023065E-02 -2.8355111E-02 -3.0057281E-02 -2.8387426E-02
     168.999 -2.9413055E-02 -2.7773687E-02 -2.9378813E-02 -2.7741354E-02
     169.199 -2.8821064E-02 -2.7209484E-02 -2.8657081E-02 -2.7054670E-02
     169.399 -2.8210144E-02 -2.6627616E-02 -2.7889755E-02 -2.6325200E-02
     169.599 -2.7534918E-02 -2.5985273E-02 -2.7075043E-02 -2.5551279E-02
     169.799 -2.6754460E-02 -2.5243874E-02 -2.6212065E-02 -2.4732103E-02
     169.999 -2.5844153E-02 -2.4380255E-02 -2.5301004E-02 -2.3867872E-02
     170.199 -2.4803156E-02 -2.3393695E-02 -2.4343154E-02 -2.2959834E-02
     170.399 -2.3655124E-02 -2.2306574E-02 -2.3340724E-02 -2.2010097E-02
     170.599 -2.2441990E-02 -2.1158485E-02 -2.2296558E-02 -2.1021371E-02
     170.799 -2.1212523E-02 -1.9995438E-02 -2.1213780E-02 -1.9996623E-02
     170.999 -2.0008870E-02 -1.8857162E-02 -2.0095381E-02 -1.8938695E-02
     171.199 -1.8855090E-02 -1.7766317E-02 -1.8943956E-02 -1.7850051E-02
     171.399 -1.7750818E-02 -1.6722530E-02 -1.7761484E-02 -1.6732578E-02
     171.599 -1.6672035E-02 -1.5703152E-02 -1.6549368E-02 -1.5587615E-02
     171.799 -1.5578558E-02 -1.4670332E-02 -1.5308559E-02 -1.4416074E-02
     171.999 -1.4426182E-02 -1.3582457E-02 -1.4039865E-02 -1.3218734E-02
     172.198 -1.3179920E-02 -1.2406629E-02 -1.2744332E-02 -1.1996598E-02
     172.398 -1.1824489E-02 -1.1128517E-02 -1.1423555E-02 -1.0751181E-02
     172.598 -1.0369197E-02 -9.7569426E-03 -1.0079979E-02 -9.4848020E-03
     172.798 -8.8457163E-03 -8.3217595E-03 -8.7169511E-03 -8.2006214E-03
     172.998 -7.2996748E-03 -6.8659242E-03 -7.3386834E-03 -6.9026149E-03
     173.198 -5.7783523E-03 -5.4339128E-03 -5.9499505E-03 -5.5952823E-03
     173.398 -4.3182373E-03 -4.0600196E-03 -4.5557265E-03 -4.2833076E-03
     173.598 -2.9359304E-03 -2.7598162E-03 -3.1607783E-03 -2.9711764E-03
     173.798 -1.6248626E-03 -1.5270865E-03 -1.7692297E-03 -1.6627663E-03
     173.998 -3.5879339E-04 -3.3713502E-04 -3.8434698E-04 -3.6114608E-04
     174.198  8.9928063E-04  8.4482530E-04  9.9161255E-04  9.3156612E-04
     174.398  2.1853718E-03  2.0526224E-03  2.3573032E-03  2.2141099E-03
     174.598  3.5234502E-03  3.3087484E-03  3.7120407E-03  3.4858472E-03
     174.798  4.9183553E-03  4.6177157E-03  5.0555242E-03  4.7465001E-03
     174.998  6.3544882E-03  5.9648481E-03  6.3874315E-03  5.9957715E-03
     175.198  7.8007031E-03  7.3208902E-03  7.7071678E-03  7.2331081E-03
     175.398  9.2195864E-03  8.6507296E-03  9.0136017E-03  8.4574543E-03
     175.598  1.0578459E-02  9.9237242E-03  1.0305017E-02  9.6672057E-03
     175.798  1.1858615E-02  1.1122362E-02  1.1579098E-02  1.0860199E-02
     175.998  1.3060125E-02  1.2246754E-02  1.2832989E-02  1.2033764E-02
     176.198  1.4200894E-02  1.3313732E-02  1.4063434E-02  1.3184859E-02
     176.398  1.5310175E-02  1.4350747E-02  1.5266799E-02  1.4310090E-02
     176.598  1.6418711E-02  1.5386629E-02  1.6439151E-02  1.5405784E-02
     176.798  1.7548311E-02  1.6441811E-02  1.7576193E-02  1.6467935E-02
     176.998  1.8704115E-02  1.7521094E-02  1.8673284E-02  1.7492213E-02
     177.198  1.9871691E-02  1.8610945E-02  1.9725418E-02  1.8473952E-02
     177.398  2.1019854E-02  1.9682155E-02  2.0727290E-02  1.9408210E-02
     177.598  2.2108382E-02  2.0697082E-02  2.1673518E-02  2.0289977E-02
     177.798  2.3098245E-02  2.1619226E-02  2.2558894E-02  2.1114411E-02
     177.998  2.3961522E-02  2.2422518E-02  2.3378796E-02  2.1877220E-02
     178.198  2.4688051E-02  2.3097525E-02  2.4129523E-02  2.2574980E-02
     178.398  2.5287122E-02  2.3653016E-02  2.4808640E-02  2.3205455E-02
     178.598  2.5783765E-02  2.4112474E-02  2.5415126E-02  2.3767730E-02
     178.798  2.6210908E-02  2.4506745E-02  2.5949326E-02  2.4262171E-02
     178.998  2.6599770E-02  2.4865055E-02  2.6412712E-02  2.4690196E-02
     179.198  2.6971242E-02  2.5206948E-02  2.6807418E-02  2.5053841E-02
     179.398  2.7330701E-02  2.5537460E-02  2.7135701E-02  2.5355255E-02
     179.598  2.7667515E-02  2.5846666E-02  2.7399356E-02  2.5596155E-02
     179.798  2.7959179E-02  2.6113557E-02  2.7599269E-02  2.5777406E-02
     179.998  2.8178561E-02  2.6312828E-02  2.7735135E-02  2.5898762E-02
     180.198  2.8301997E-02  2.6422428E-02  2.7805446E-02  2.5958853E-02
     180.398  2.8315772E-02  2.6429612E-02  2.7807721E-02  2.5955404E-02
     180.598  2.8219141E-02  2.6333753E-02  2.7738946E-02  2.5885641E-02
     180.798  2.8023207E-02  2.6145275E-02  2.7596119E-02  2.5746807E-02
     180.998  2.7746237E-02  2.5881277E-02  2.7376806E-02  2.5536677E-02
     181.198  2.7407076E-02  2.5559384E-02  2.7079590E-02  2.5253975E-02
     181.398  2.7018850E-02  2.5191871E-02  2.6704336E-02  2.4898624E-02
     181.598  2.6584963E-02  2.4781943E-02  2.6252255E-02  2.4471799E-02
     181.798  2.6098560E-02  2.4323238E-02  2.5725736E-02  2.3975775E-02
     181.998  2.5545585E-02  2.3802692E-02  2.5128080E-02  2.3413672E-02
     182.198  2.4910276E-02  2.3205664E-02  2.4463118E-02  2.2789105E-02
     182.398  2.4181354E-02  2.2521697E-02  2.3734923E-02  2.2105907E-02
     182.598  2.3356791E-02  2.1748963E-02  2.2947555E-02  2.1367898E-02
     182.798  2.2445705E-02  2.0896009E-02  2.2104991E-02  2.0578819E-02
     182.998  2.1466763E-02  1.9980264E-02  2.1211186E-02  1.9742384E-02
     183.198  2.0443576E-02  1.9023740E-02  2.0270182E-02  1.8862389E-02
     183.398  1.9398675E-02  1.8047428E-02  1.9286317E-02  1.7942896E-02
     183.598  1.8347869E-02  1.7066046E-02  1.8264308E-02  1.6988323E-02
     183.798  1.7296867E-02  1.6084910E-02  1.7209286E-02  1.6003465E-02
     183.998  1.6241194E-02  1.5099858E-02  1.6126689E-02  1.4993400E-02
     184.198  1.5169310E-02  1.4100168E-02  1.5021981E-02  1.3963223E-02
     184.398  1.4068026E-02  1.3073595E-02  1.3900360E-02  1.2917781E-02
     184.598  1.2928280E-02  1.2011737E-02  1.2766372E-02  1.1861308E-02
     184.798  1.1749509E-02  1.0914099E-02  1.1623667E-02  1.0797204E-02
     184.998  1.0541030E-02  9.7893561E-03  1.0474817E-02  9.7278641E-03
     185.198  9.3200327E-03  8.6534888E-03  9.3213505E-03  8.6547124E-03
     185.398  8.1067494E-03  7.5252881E-03  8.1639831E-03  7.5784167E-03
     185.598  6.9182846E-03  6.4206238E-03  7.0029312E-03  6.4991814E-03
     185.798  5.7632435E-03  5.3474659E-03  5.8384043E-03  5.4172045E-03
     185.998  4.6388077E-03  4.3031802E-03  4.6710111E-03  4.3330536E-03
     186.198  3.5315127E-03  3.2752607E-03  3.5021825E-03  3.2480587E-03
     186.398  2.4214934E-03  2.2452783E-03  2.3343673E-03  2.1644924E-03
     186.598  1.2891573E-03  1.1950730E-03  1.1711072E-03  1.0856383E-03
     186.798  1.2224793E-04  1.1330041E-04  1.6928309E-05  1.5689299E-05
     186.998 -1.0789365E-03 -9.9974016E-04 -1.1229769E-03 -1.0405479E-03
     187.198 -2.2997339E-03 -2.1304434E-03 -2.2430782E-03 -2.0779583E-03
     187.398 -3.5135982E-03 -3.2542094E-03 -3.3379557E-03 -3.0915336E-03
     187.598 -4.6881227E-03 -4.3410342E-03 -4.4026155E-03 -4.0766646E-03
     187.798 -5.7931220E-03 -5.3629973E-03 -5.4327923E-03 -5.0294213E-03
     187.998 -6.8083094E-03 -6.3013661E-03 -6.4250653E-03 -5.9466582E-03
     188.198 -7.7283696E-03 -7.1512784E-03 -7.3768385E-03 -6.8259967E-03
     188.398 -8.5639220E-03 -7.9226179E-03 -8.2862506E-03 -7.6657398E-03
     188.598 -9.3379074E-03 -8.6366562E-03 -9.1519297E-03 -8.4646449E-03
     188.798 -1.0078513E-02 -9.3194961E-03 -9.9727892E-03 -9.2217344E-03
     188.998 -1.0810522E-02 -9.9940702E-03 -1.0747767E-02 -9.9360546E-03
     189.198 -1.1547703E-02 -1.0673108E-02 -1.1475688E-02 -1.0606548E-02
     189.398 -1.2288362E-02 -1.1355042E-02 -1.2155162E-02 -1.1231960E-02
     189.598 -1.3015406E-02 -1.2024078E-02 -1.2784587E-02 -1.1810840E-02
     189.798 -1.3700939E-02 -1.2654457E-02 -1.3362257E-02 -1.2341644E-02
     189.998 -1.4313968E-02 -1.3217589E-02 -1.3886485E-02 -1.2822849E-02
     190.198 -1.4829097E-02 -1.3690073E-02 -1.4355803E-02 -1.3253133E-02
     190.398 -1.5233558E-02 -1.4060186E-02 -1.4769103E-02 -1.3631506E-02
     190.598 -1.5530637E-02 -1.4331034E-02 -1.5125772E-02 -1.3957442E-02
     190.798 -1.5738460E-02 -1.4519408E-02 -1.5425748E-02 -1.4230918E-02
     190.998 -1.5884542E-02 -1.4650742E-02 -1.5669503E-02 -1.4452406E-02
     191.198 -1.5997741E-02 -1.4751687E-02 -1.5857978E-02 -1.4622810E-02
     191.398 -1.6099970E-02 -1.4842465E-02 -1.5992457E-02 -1.4743350E-02
     191.598 -1.6200112E-02 -1.4931272E-02 -1.6074433E-02 -1.4815437E-02
     191.798 -1.6291903E-02 -1.5012336E-02 -1.6105488E-02 -1.4840561E-02
     191.998 -1.6356346E-02 -1.5068161E-02 -1.6087205E-02 -1.4820217E-02
     192.198 -1.6367914E-02 -1.5075255E-02 -1.6021145E-02 -1.4755872E-02
     192.398 -1.6302648E-02 -1.5011591E-02 -1.5908877E-02 -1.4649003E-02
     192.598 -1.6145753E-02 -1.4863598E-02 -1.5752051E-02 -1.4501160E-02
     192.798 -1.5896445E-02 -1.4630615E-02 -1.5552506E-02 -1.4314064E-02
     192.998 -1.5568648E-02 -1.4325516E-02 -1.5312353E-02 -1.4089686E-02
     193.198 -1.5187392E-02 -1.3971378E-02 -1.5034031E-02 -1.3830296E-02
     193.398 -1.4782031E-02 -1.3595233E-02 -1.4720300E-02 -1.3538458E-02
     193.598 -1.4378299E-02 -1.3220760E-02 -1.4374141E-02 -1.3216937E-02
     193.798 -1.3991611E-02 -1.2862129E-02 -1.3998619E-02 -1.2868571E-02
     193.998 -1.3623488E-02 -1.2520727E-02 -1.3596669E-02 -1.2496079E-02
     194.198 -1.3262164E-02 -1.2185731E-02 -1.3170910E-02 -1.2101884E-02
     194.398 -1.2887034E-02 -1.1838209E-02 -1.2723462E-02 -1.1687950E-02
     194.598 -1.2475566E-02 -1.1457476E-02 -1.2255858E-02 -1.1255698E-02
     194.798 -1.2010540E-02 -1.1027746E-02 -1.1769055E-02 -1.0806022E-02
     194.998 -1.1485416E-02 -1.0543053E-02 -1.1263533E-02 -1.0339375E-02
     195.198 -1.0906306E-02 -1.0009043E-02 -1.0739513E-02 -9.8559729E-03
     195.398 -1.0289982E-02 -9.4411445E-03 -1.0197195E-02 -9.3560119E-03
     195.598 -9.6587150E-03 -8.8598098E-03 -9.6370412E-03 -8.8399288E-03
     195.798 -9.0335295E-03 -8.2843298E-03 -9.0599739E-03 -8.3085810E-03
     195.998 -8.4280684E-03 -7.7272096E-03 -8.4675063E-03 -7.7633680E-03
     196.198 -7.8449488E-03 -7.1908355E-03 -7.8617606E-03 -7.2062455E-03
     196.398 -7.2756781E-03 -6.6674103E-03 -7.2453315E-03 -6.6396008E-03
     196.598 -6.7041736E-03 -6.1421906E-03 -6.6210970E-03 -6.0660780E-03
     196.798 -6.1126495E-03 -5.5988874E-03 -5.9919208E-03 -5.4883058E-03
     196.998 -5.4880615E-03 -5.0255694E-03 -5.3604015E-03 -4.9086676E-03
     197.198 -4.8269663E-03 -4.4191070E-03 -4.7286246E-03 -4.3290748E-03
     197.398 -4.1372966E-03 -3.7867856E-03 -4.0980403E-03 -3.7508552E-03
     197.598 -3.4364383E-03 -3.1445340E-03 -3.4694587E-03 -3.1747496E-03
     197.798 -2.7461467E-03 -2.5122626E-03 -2.8431293E-03 -2.6009854E-03
     197.998 -2.0859603E-03 -1.9078348E-03 -2.2189597E-03 -2.0294771E-03
     198.198 -1.4670833E-03 -1.3414757E-03 -1.5967333E-03 -1.4600254E-03
     198.398 -8.8878892E-04 -8.1249339E-04 -9.7637441E-04 -8.9256036E-04
     198.598 -3.3844098E-04 -3.0931231E-04 -3.5811884E-04 -3.2729655E-04
     198.798  2.0471395E-04  1.8704867E-04  2.5736822E-04  2.3515927E-04
     198.998  7.6310984E-04  6.9708708E-04  8.6897057E-04  7.9378895E-04
     199.198  1.3537388E-03  1.2363104E-03  1.4752186E-03  1.3472526E-03
     199.398  1.9824649E-03  1.8100507E-03  2.0744025E-03  1.8939924E-03
     199.598  2.6416342E-03  2.4112949E-03  2.6647538E-03  2.4323985E-03
     199.798  3.3117143E-03  3.0221974E-03  3.2445797E-03  2.9609318E-03
     199.998  3.9665664E-03  3.6189025E-03  3.8123498E-03  3.4782027E-03
