C8mimBF4		C2OHBF4		C6mimBF4		C4mimBF4		C2mimBF4		C3mimBF4	
X	Y	X	Y	X	Y	X	Y	X	Y	X	Y
0.137447589	0.032520014	0.250897033	0.007501942	0.15635583	0.040181386	0.78032777	0.005571029	1.964456338	0.006219983	1.149038462	0.006197592
0.142174649	0.036228557	0.383254717	0.006396294	0.15635583	0.038977193	1.546111514	0.006281422	2.283532898	0.006297036	1.390118529	0.006301185
0.142174649	0.035050542	0.695240687	0.005971236	0.15635583	0.03748878	1.858097484	0.006679784	2.595518868	0.006409818	1.829735123	0.006332461
0.142174649	0.033898706	1.007226657	0.005903152	0.922139574	0.006441388	2.170083454	0.007220936	2.907504838	0.006503563	2.141721093	0.006611831
0.16580995	0.026562908	1.319212627	0.005849347	1.234125544	0.007068214	2.482069424	0.007900118	3.219490808	0.006663942	2.453707063	0.006886443
0.17053701	0.031375004	1.631198597	0.005852657	1.517749153	0.008069068	2.794055394	0.008660214	3.531476778	0.006886197	2.765693033	0.007199131
0.17053701	0.030255163	1.943184567	0.005889286	1.744648041	0.009171651	3.106041364	0.009510743	3.843462748	0.007122731	3.077679003	0.007559416
0.17053701	0.029045153	2.255170537	0.005925914	1.929003387	0.010330111	3.418027334	0.010375552	4.155448718	0.007378304	3.389664973	0.007962538
0.17053701	0.027929965	2.567156507	0.005967302	2.084996372	0.011564993	3.730013304	0.011221322	4.467434688	0.007690992	3.701650943	0.008394218
0.184718191	0.024352225	2.879142477	0.006065806	2.226808176	0.012852297	4.041999274	0.011990937	4.779420658	0.008036998	4.013636913	0.008825898
0.184718191	0.020319924	3.191128447	0.006192868	2.3544388	0.014071604	4.353985244	0.0126606	5.091406628	0.00844012	4.325622883	0.009309934
0.194172311	0.016830338	3.503114417	0.00631517	2.467888244	0.015314538	4.665971214	0.01322079	5.403392598	0.008909877	4.637608853	0.00979397
0.198899371	0.022955993	3.815100387	0.00647079	2.581337687	0.016636005	4.993714051	0.013695763	5.715378568	0.00943675	4.949594823	0.010297044
0.198899371	0.021804156	4.127086357	0.006654968	2.694787131	0.017957473	5.289943154	0.013969918	6.027364538	0.01001122	5.261580793	0.010823917
0.203626431	0.018604588	4.439072327	0.006805828	2.808236575	0.019344386	5.601929124	0.014339723	6.315039913	0.010601441	5.552294993	0.011380042
0.222534672	0.014212395	4.751058297	0.007075679	2.921686018	0.02057423	5.923369215	0.014598953	6.651336478	0.011302948	5.885552733	0.012020453
0.227261732	0.01549884	5.063044267	0.007250338	3.035135462	0.021751718	6.225901064	0.014850868	6.963322448	0.012058285	6.197538703	0.012613961
0.247115385	0.012233216	5.375030237	0.007496391	3.176947267	0.02303815	6.537887034	0.015025526	7.284762538	0.012917232	6.509524673	0.013136074
0.260351153	0.01006112	5.687016207	0.007813839	3.418027334	0.024188073	6.849873004	0.015176386	7.573113208	0.013659933	6.821510643	0.013720063
0.307621755	0.008609885	5.999002177	0.008183643	3.701650943	0.024155554	7.161858974	0.015355804	7.95600508	0.014661966	7.133496613	0.014308812
0.4683418	0.006973721	6.310988147	0.008634362	4.084542816	0.022479831	7.473844944	0.015578059	8.253809869	0.015651544	7.445482583	0.014940397
0.78032777	0.006870415	6.622974117	0.00908508	4.297260522	0.021179288	7.785830914	0.01599546	8.480708757	0.016556253	7.704795597	0.015546389
1.049770198	0.007749106	6.934960087	0.009607194	4.495797049	0.019981652	8.097816884	0.016331947	8.835238268	0.017984883	8.154541606	0.016741014
1.248306725	0.008814941	7.246946057	0.010200702	4.708514756	0.018792365	8.409802854	0.016782665	9.062137155	0.01885199	8.466527576	0.017610582
1.40429971	0.010039353	7.558932027	0.010894163	4.935413643	0.01763293	8.721788824	0.017247663	9.501753749	0.020813307	8.778513546	0.018456352
1.531930334	0.011339812	7.870917997	0.011673297	5.204856072	0.016492931	9.033774794	0.017693622	9.757014998	0.022034639	9.090499516	0.019287843
1.645379777	0.012896882	8.182903967	0.012495269	5.516842042	0.015472916	9.345760764	0.01814434	9.983913885	0.023263956	9.402485486	0.020062218
1.744648041	0.014467108	8.494889937	0.013393395	5.828828012	0.014657566	9.657746734	0.018804483	10.21081277	0.024493274	9.714471456	0.021065057
1.829735123	0.015919598	8.806875907	0.014353397	6.140813982	0.014032602	9.913007983	0.019485289	10.43771166	0.025676779	10.02645743	0.022177367
1.886459845	0.017319863	9.118861877	0.015365755	6.452799952	0.013607544	10.57952346	0.021588409	10.65042937	0.026856611	10.3384434	0.023218283
1.962092808	0.019335226	9.416666667	0.016520492	6.764785922	0.013182486	10.86314707	0.022744165	10.86314707	0.027965388	10.62206701	0.024297937
2.014090469	0.020997294	9.686109095	0.017629774	7.076771892	0.012976372	11.48428278	0.025636579	11.07586478	0.029023679	10.84896589	0.025262564
2.079323899	0.023186703	9.927189163	0.018787763	7.388757862	0.012808335	11.65729318	0.026794593	11.28858249	0.03014274	11.55802492	0.02831837
2.127539913	0.024805682	10.15408805	0.019977814	7.700743832	0.012997272	11.82746734	0.027936913	11.51548137	0.031293523	11.75656144	0.029446847
2.141721093	0.026313475	10.35870223	0.021106262	8.012729802	0.013267124	11.98346033	0.029089771	11.74238026	0.032535929	11.89837325	0.03030134
2.188991695	0.028374346	10.53697992	0.022279709	8.324715772	0.013579812	12.12527213	0.030303776	11.95509797	0.033716696	12.42307692	0.033806769
2.226808176	0.029564401	10.73146468	0.023408204	8.537433478	0.013951267	12.25290276	0.031460256	12.15363449	0.034897529	12.55070755	0.034783493
2.245716417	0.030538139	10.89150943	0.024590462	9.187741896	0.015083255	12.38053338	0.032627207	12.33798984	0.036067208	13.0895924	0.038644879
2.283532898	0.032307978	11.0616836	0.025767687	9.909462687	0.017138625	12.52234519	0.033767914	13.55757136	0.04303801	13.24558539	0.039850093
2.311895259	0.034094315	11.25009071	0.026951059	10.18245041	0.018244691	12.64997581	0.034979368	13.78447025	0.044247694	13.41575955	0.040931331
2.3544388	0.036663311	11.40203193	0.028047964	10.43771166	0.019413667	12.76342525	0.036292982	13.98300677	0.045326619	13.58593372	0.042056199
2.3544388	0.035747078	11.5722061	0.029395347	10.65042937	0.020528989	12.8768747	0.037398044	14.19572448	0.04645129	13.75610789	0.043259602
2.368619981	0.038305922	11.77231831	0.030650967	10.84896589	0.021679903	12.99032414	0.038642722	14.45098573	0.047613576	13.94046323	0.044350747
2.396982342	0.039804487	11.89128266	0.031651727	11.02481253	0.022654408	13.10377358	0.039799268	14.66370343	0.048281584	14.15318094	0.045633421
2.425344702	0.040995459	12.03309446	0.032809449	11.27440131	0.024265821	13.23140421	0.041010721	15.11750121	0.048740211	14.39426101	0.046723783
2.467888244	0.04281464	12.19617804	0.034104508	11.9245283	0.029758864	13.33067247	0.041874138	15.78401669	0.047450316	14.67788462	0.047529492
2.482069424	0.044311962	12.39116927	0.035348372	12.40251572	0.035422279	13.87806604	0.047206694	15.9967344	0.046285857	15.01350589	0.04744226
2.524612966	0.045824859	12.5152546	0.036387067	12.70440252	0.037928617	14.05391268	0.048441484	16.16690856	0.045124504	15.3444001	0.046859569
2.538794146	0.047277678	12.65605346	0.037617719	13.2327044	0.043034523	14.2524492	0.04957744	16.32290155	0.043980669	15.59966134	0.04575105
2.567156507	0.049128339	12.8406339	0.038784488	13.78163401	0.047353739	14.50771045	0.050652617	16.46471335	0.042786289	15.75565433	0.044943167
2.586064748	0.050868222	12.96803943	0.039919943	13.95937147	0.048337211	14.81969642	0.050684486	16.60652516	0.041644264	16.26617683	0.041499248
2.633335349	0.052380516	13.13416183	0.04119068	14.49352927	0.050015365	15.06077649	0.050112207	16.74833696	0.040476062	16.4292604	0.040145082
2.642789469	0.053873109	13.34768989	0.042648931	14.87642114	0.048873966	15.4862119	0.047544777	16.89014877	0.039182205	18.88260462	0.023870539
2.691823899	0.055715053	13.47451016	0.043762033	15.10332003	0.047733542	15.65638607	0.046418328	17.03196057	0.037924997	19.14495646	0.022852301
2.742138365	0.057293767	13.64265844	0.044970432	15.28767537	0.046542205	15.81237905	0.04525006	17.17377238	0.036709675	19.44276125	0.021809982
2.850780116	0.058563357	13.82701379	0.046116426	15.44366836	0.045356485	15.94000968	0.043930091	17.31558418	0.035410582	19.75474722	0.020847082
2.968553459	0.057292716	14.01136913	0.047263667	15.60911547	0.044315573	16.05345912	0.042673887	17.45739598	0.03420573	19.95328374	0.020281348
2.992591921	0.05571801	14.2524492	0.048402485	15.72729197	0.042978195	16.18108974	0.04143158	17.61338897	0.032962418		
3.030408402	0.054548546	14.56443517	0.049414843	15.85492259	0.041810059	16.32290155	0.040158665	17.78356313	0.031696353		
3.077679003	0.053152161	14.87642114	0.04975133	15.96837204	0.040644606	16.45053217	0.038888434	17.9537373	0.03044774		
3.091860184	0.051843189	15.18840711	0.049311992	16.2094521	0.038358138	16.5781628	0.03763391	18.12391147	0.029260208		
3.134403725	0.050097785	15.47203072	0.048336004	16.33708273	0.03710885	16.7199746	0.036408116	18.29408563	0.028116307		
3.143857846	0.048736479	15.69892961	0.047012748	16.45053217	0.035995753	16.84760522	0.035208566	18.49262216	0.026954823		
3.191128447	0.047199387	15.88328495	0.045789	16.59234398	0.034703641	16.97523585	0.034019487	18.71952104	0.025821566		
3.219490808	0.045586029	16.02712264	0.044550481	16.74833696	0.03342368	17.11704765	0.032814636	18.86133285	0.025094465		
3.266761409	0.043846835	16.1275164	0.043498736	16.89014877	0.032124587	17.25885946	0.031620255				
3.304577891	0.041643211	16.2693282	0.042299701	17.04614175	0.030827174	17.40067126	0.030425875				
3.347121432	0.039883844	16.40798863	0.041048326	17.20213474	0.029620511	17.55666425	0.029271569				
3.380210853	0.038487137	16.54664906	0.039849306	17.34394654	0.028509901	17.72683841	0.02810149				
3.427481455	0.036989918	16.67743106	0.038554918	17.49993953	0.027352104	17.91119376	0.026935084				
3.474752056	0.035366655	16.81924286	0.037292475	17.68429487	0.026180713	18.10973029	0.025707531				
3.493660297	0.03370513	16.96105467	0.036092859	17.8828314	0.024975598	18.30826681	0.024577211				
3.540930898	0.032382044	17.10286647	0.034856594	18.08136792	0.023890154	18.5351657	0.023458393				
3.5882015	0.031072919	17.26358652	0.033749386	18.29408563	0.022786881	18.79042695	0.022293736				
3.616563861	0.029839507	17.4432148	0.032509455	18.54934688	0.021614225	19.07405056	0.021192939				
3.673288582	0.028442496	17.61136309	0.031207248	18.83297049	0.020482014	19.38603653	0.020120567				
3.720559184	0.026953615	17.76938195	0.030070467	19.13077528	0.019398285	19.6980225	0.019205264				
3.777283906	0.025801515	17.99628084	0.028797075	19.44276125	0.018440145	19.93910256	0.018606015				
3.843462748	0.024553385	18.19481737	0.027659275	19.75474722	0.017605757						
3.91436865	0.022905081	18.42171626	0.026483946	19.96746493	0.017131183						
4.013636913	0.02152466	18.66279632	0.025376801								
4.098723996	0.02030262	18.93223875	0.024263575								
4.197992259	0.018958349	19.24422472	0.023143607								
4.311441703	0.017701273										
4.439072327	0.016527901										
4.580884132	0.015427762										
4.765239478	0.014296012										
5.020500726	0.013158696										
5.318305515	0.012170637										
5.630291485	0.011540913										
5.942277455	0.011068258										
6.254263425	0.010809788										
6.566249395	0.010651271										
6.878235365	0.010602225										
7.190221335	0.010729287										
7.457637881	0.011142135										
8.438165215	0.012760624										
8.778513546	0.013687177										
9.090499516	0.014499629										
9.402485486	0.015483429										
9.700290276	0.016671008										
9.969732704	0.017768074										
10.21081277	0.018792991										
10.43771166	0.019917596										
10.65042937	0.021082469										
10.86314707	0.022291283										
11.0616836	0.023359301										
11.24603895	0.024624966										
11.43039429	0.025844509										
11.60056846	0.027108994										
11.75656144	0.02837878										
11.89837325	0.029446188										
12.02127681	0.030527646										
12.13945331	0.031788009										
12.23872158	0.032952474										
12.38053338	0.034302606										
12.52234519	0.035610853										
13.06123004	0.041734027										
13.18886067	0.0430659										
13.31649129	0.044183113										
13.4583031	0.045470417										
13.6001149	0.046621595										
13.78447025	0.047892995										
14.05391268	0.049145913										
14.35171746	0.049722829										
14.7629717	0.048653434										
14.9756894	0.047451162										
15.14586357	0.046211274										
15.30185656	0.045011592										
15.42948718	0.043796335										
15.5571178	0.042549665										
15.69892961	0.041323871										
15.82656023	0.040147881										
15.94000968	0.038982428										
16.05345912	0.037777709										
16.18108974	0.036557216										
16.30872037	0.035394315										
16.43635099	0.034220943										
16.5781628	0.032911379										
16.7199746	0.031832183										
16.86178641	0.030606389										
17.00359821	0.029432951										
17.15959119	0.028278645										
17.32976536	0.027038757										
17.51412071	0.025755174										
17.71265723	0.024594936										
17.92537494	0.023403779										
18.15227383	0.022218166										
18.39335389	0.021120474										
18.66279632	0.020048247										
18.96060111	0.018956427										
19.27258708	0.017941172										
19.58457305	0.017121062										
19.88237784	0.016450947										