 # k       S(k)       S(k)_form^2       S(k)_Lorch          S(k)_Lorch_form^2
       0.200  1.6777926E-05  9.2821626E-03 -1.0969711E-05 -6.0688456E-03
       0.400  1.4524566E-05  8.0355211E-03 -1.0945831E-05 -6.0556340E-03
       0.600  1.1015313E-05  6.0940740E-03 -1.0906320E-05 -6.0337749E-03
       0.800  6.5895901E-06  3.6456023E-03 -1.0851614E-05 -6.0035100E-03
       1.000  1.6663230E-06  9.2187085E-04 -1.0782325E-05 -5.9651765E-03
       1.200 -3.3036931E-06 -1.8277239E-03 -1.0699211E-05 -5.9191952E-03
       1.400 -7.8880024E-06 -4.3639315E-03 -1.0602990E-05 -5.8659620E-03
       1.600 -1.1719085E-05 -6.4834266E-03 -1.0499107E-05 -5.8084903E-03
       1.800 -1.4531730E-05 -8.0394847E-03 -1.0379091E-05 -5.7420927E-03
       2.000 -1.6186867E-05 -8.9551672E-03 -1.0252042E-05 -5.6718047E-03
       2.200 -1.6679388E-05 -9.2276478E-03 -1.0117508E-05 -5.5973755E-03
       2.400 -1.6129595E-05 -8.9234820E-03 -9.9767750E-06 -5.5195169E-03
       2.600 -1.4760031E-05 -8.1657892E-03 -9.8311326E-06 -5.4389422E-03
       2.800 -1.2861267E-05 -7.1153236E-03 -9.6817545E-06 -5.3563007E-03
       3.000 -1.0751494E-05 -5.9481199E-03 -9.5296386E-06 -5.2721447E-03
       3.200 -8.7353864E-06 -4.8327353E-03 -9.3755689E-06 -5.1869077E-03
       3.400 -7.0675421E-06 -3.9100228E-03 -9.2200957E-06 -5.1008942E-03
       3.600 -5.9249575E-06 -3.2779032E-03 -9.0635379E-06 -5.0142807E-03
       3.800 -5.3915778E-06 -2.9828181E-03 -8.9060051E-06 -4.9271278E-03
       4.000 -5.4562023E-06 -3.0185707E-03 -8.7474381E-06 -4.8394027E-03
       4.200 -6.0231642E-06 -3.3322347E-03 -8.5876626E-06 -4.7510091E-03
       4.400 -6.9335125E-06 -3.8358727E-03 -8.4264502E-06 -4.6618205E-03
       4.600 -7.9931269E-06 -4.4220902E-03 -8.2635783E-06 -4.5717138E-03
       4.800 -9.0034503E-06 -4.9810380E-03 -8.0988826E-06 -4.4805981E-03
       5.000 -9.7904186E-06 -5.4164177E-03 -7.9322943E-06 -4.3884353E-03
       5.200 -1.0227681E-05 -5.6583272E-03 -7.7638575E-06 -4.2952500E-03
       5.400 -1.0251234E-05 -5.6713577E-03 -7.5937246E-06 -4.2011262E-03
       5.600 -9.8639856E-06 -5.4571177E-03 -7.4221328E-06 -4.1061954E-03
       5.800 -9.1302680E-06 -5.0511983E-03 -7.2493552E-06 -4.0106085E-03
       6.000 -8.1617648E-06 -4.5153868E-03 -7.0756465E-06 -3.9145065E-03
       6.200 -7.0974580E-06 -3.9265734E-03 -6.9011801E-06 -3.8179853E-03
       6.400 -6.0809100E-06 -3.3641818E-03 -6.7259899E-06 -3.7210637E-03
       6.600 -5.2383502E-06 -2.8980469E-03 -6.5499186E-06 -3.6236546E-03
       6.800 -4.6608147E-06 -2.5785332E-03 -6.3725921E-06 -3.5255511E-03
       7.000 -4.3926301E-06 -2.4301637E-03 -6.1934077E-06 -3.4264197E-03
       7.200 -4.4276314E-06 -2.4495276E-03 -6.0115441E-06 -3.3258061E-03
       7.400 -4.7131949E-06 -2.6075118E-03 -5.8259996E-06 -3.2231561E-03
       7.600 -5.1609968E-06 -2.8552522E-03 -5.6356369E-06 -3.1178405E-03
       7.800 -5.6625258E-06 -3.1327164E-03 -5.4392343E-06 -3.0091834E-03
       8.000 -6.1066988E-06 -3.3784491E-03 -5.2355434E-06 -2.8964941E-03
       8.200 -6.3968508E-06 -3.5389719E-03 -5.0233273E-06 -2.7790884E-03
       8.400 -6.4645439E-06 -3.5764222E-03 -4.8013800E-06 -2.6562991E-03
       8.600 -6.2782744E-06 -3.4733711E-03 -4.5685318E-06 -2.5274789E-03
       8.800 -5.8460682E-06 -3.2342588E-03 -4.3236212E-06 -2.3919854E-03
       9.000 -5.2118601E-06 -2.8833917E-03 -4.0654454E-06 -2.2491531E-03
       9.200 -4.4465846E-06 -2.4600132E-03 -3.7927069E-06 -2.0982642E-03
       9.400 -3.6355717E-06 -2.0113312E-03 -3.5039488E-06 -1.9385127E-03
       9.600 -2.8643658E-06 -1.5846720E-03 -3.1974984E-06 -1.7689731E-03
       9.800 -2.2052593E-06 -1.2200301E-03 -2.8714505E-06 -1.5885915E-03
      10.000 -1.7064866E-06 -9.4409081E-04 -2.5236775E-06 -1.3961907E-03
      10.200 -1.3856438E-06 -7.6658882E-04 -2.1518874E-06 -1.1905028E-03
      10.400 -1.2281431E-06 -6.7945371E-04 -1.7537552E-06 -9.7024155E-04
      10.600 -1.1906573E-06 -6.5871519E-04 -1.3270952E-06 -7.3419762E-04
      10.800 -1.2088335E-06 -6.6877089E-04 -8.7008127E-07 -4.8136079E-04
      11.000 -1.2078959E-06 -6.6825219E-04 -3.8152709E-07 -2.1107474E-04
      11.200 -1.1144044E-06 -6.1652926E-04  1.3884947E-07  7.6816607E-05
      11.400 -8.6735007E-07 -4.7984979E-04  6.9013273E-07  3.8180667E-04
      11.600 -4.2696541E-07 -2.3621288E-04  1.2699709E-06  7.0259436E-04
      11.800  2.1996575E-07  1.2169310E-04  1.8743992E-06  1.0369862E-03
      12.000  1.0588687E-06  5.8580489E-04  2.4977182E-06  1.3818291E-03
      12.200  2.0502068E-06  1.1342494E-03  3.1325001E-06  1.7330136E-03
      12.400  3.1357315E-06  1.7348014E-03  3.7697085E-06  2.0855407E-03
      12.600  4.2469632E-06  2.3495754E-03  4.3989064E-06  2.4336359E-03
      12.800  5.3146034E-06  2.9402330E-03  5.0086044E-06  2.7709432E-03
      13.000  6.2773603E-06  3.4728654E-03  5.5866912E-06  3.0907619E-03
      13.200  7.0889208E-06  3.9218503E-03  6.1209211E-06  3.3863175E-03
      13.400  7.7222268E-06  4.2722184E-03  6.5994710E-06  3.6510687E-03
      13.600  8.1705342E-06  4.5202384E-03  7.0114732E-06  3.8790034E-03
      13.800  8.4454074E-06  4.6723083E-03  7.3475234E-06  4.0649187E-03
      14.000  8.5722129E-06  4.7424617E-03  7.6001403E-06  4.2046757E-03
      14.200  8.5839876E-06  4.7489759E-03  7.7641047E-06  4.2953867E-03
      14.400  8.5148326E-06  4.7107169E-03  7.8367033E-06  4.3355509E-03
      14.600  8.3939133E-06  4.6438199E-03  7.8178264E-06  4.3251075E-03
      14.800  8.2410190E-06  4.5592332E-03  7.7099375E-06  4.2654194E-03
      15.000  8.0642899E-06  4.4614601E-03  7.5179093E-06  4.1591825E-03
      15.200  7.8603539E-06  4.3486353E-03  7.2487496E-06  4.0102735E-03
      15.400  7.6166703E-06  4.2138206E-03  6.9112235E-06  3.8235417E-03
      15.600  7.3155529E-06  4.0472315E-03  6.5154167E-06  3.6045669E-03
      15.800  6.9390765E-06  3.8389509E-03  6.0722683E-06  3.3594009E-03
      16.000  6.4739402E-06  3.5816205E-03  5.5930770E-06  3.0942948E-03
      16.200  5.9154699E-06  3.2726543E-03  5.0890622E-06  2.8154554E-03
      16.400  5.2700240E-06  2.9155701E-03  4.5709407E-06  2.5288116E-03
      16.600  4.5554619E-06  2.5202481E-03  4.0485930E-06  2.2398297E-03
      16.800  3.7996081E-06  2.1020822E-03  3.5308128E-06  1.9533748E-03
      17.000  3.0369515E-06  1.6801527E-03  3.0251151E-06  1.6736043E-03
      17.200  2.3042314E-06  1.2747851E-03  2.5376693E-06  1.4039315E-03
      17.400  1.6355381E-06  9.0483949E-04  2.0732723E-06  1.1470101E-03
      17.600  1.0578121E-06  5.8522033E-04  1.6354150E-06  9.0477141E-04
      17.800  5.8741127E-07  3.2497740E-04  1.2264003E-06  6.7848950E-04
      18.000  2.2824740E-07  1.2627481E-04  8.4747712E-07  4.6885535E-04
      18.200 -2.8186463E-08 -1.5593782E-05  4.9902760E-07  2.7608032E-04
      18.400 -2.0101084E-07 -1.1120655E-04  1.8072908E-07  9.9985940E-05
      18.600 -3.1664463E-07 -1.7517939E-04 -1.0826013E-07 -5.9893462E-05
      18.800 -4.0457071E-07 -2.2382332E-04 -3.6915602E-07 -2.0423062E-04
      19.000 -4.9283172E-07 -2.7265254E-04 -6.0340898E-07 -3.3382792E-04
      19.200 -6.0396406E-07 -3.3413501E-04 -8.1259164E-07 -4.4955542E-04
      19.400 -7.5197538E-07 -4.1602029E-04 -9.9832351E-07 -5.5230909E-04
      19.600 -9.4077441E-07 -5.2047081E-04 -1.1622037E-06 -6.4297357E-04
      19.800 -1.1642495E-06 -6.4410539E-04 -1.3057799E-06 -7.2240518E-04
      20.000 -1.4078973E-06 -7.7890028E-04 -1.4305250E-06 -7.9141878E-04
      20.200 -1.6516844E-06 -9.1377221E-04 -1.5378284E-06 -8.5078291E-04
      20.400 -1.8736565E-06 -1.0365753E-03 -1.6290008E-06 -9.0122281E-04
      20.600 -2.0536711E-06 -1.1361660E-03 -1.7052769E-06 -9.4342156E-04
      20.800 -2.1766950E-06 -1.2042273E-03 -1.7678275E-06 -9.7802683E-04
      21.000 -2.2351415E-06 -1.2365620E-03 -1.8177665E-06 -1.0056549E-03
      21.200 -2.2299355E-06 -1.2336819E-03 -1.8561587E-06 -1.0268949E-03
      21.400 -2.1701884E-06 -1.2006276E-03 -1.8840279E-06 -1.0423132E-03
      21.600 -2.0715893E-06 -1.1460790E-03 -1.9023596E-06 -1.0524549E-03
      21.800 -1.9538182E-06 -1.0809237E-03 -1.9121050E-06 -1.0578464E-03
      22.000 -1.8374317E-06 -1.0165344E-03 -1.9141822E-06 -1.0589956E-03
      22.200 -1.7407318E-06 -9.6303648E-04 -1.9094760E-06 -1.0563920E-03
      22.400 -1.6771061E-06 -9.2783644E-04 -1.8988372E-06 -1.0505062E-03
      22.600 -1.6532513E-06 -9.1463910E-04 -1.8830807E-06 -1.0417891E-03
      22.800 -1.6685114E-06 -9.2308151E-04 -1.8629826E-06 -1.0306701E-03
      23.000 -1.7154006E-06 -9.4902236E-04 -1.8392760E-06 -1.0175548E-03
      23.200 -1.7811741E-06 -9.8541064E-04 -1.8126473E-06 -1.0028228E-03
      23.400 -1.8501615E-06 -1.0235770E-03 -1.7837299E-06 -9.8682461E-04
      23.600 -1.9064592E-06 -1.0547230E-03 -1.7530997E-06 -9.6987891E-04
      23.800 -1.9365485E-06 -1.0713695E-03 -1.7212694E-06 -9.5226922E-04
      24.000 -1.9314204E-06 -1.0685324E-03 -1.6886838E-06 -9.3424163E-04
      24.200 -1.8878977E-06 -1.0444541E-03 -1.6557172E-06 -9.1600330E-04
      24.400 -1.8089709E-06 -1.0007889E-03 -1.6226712E-06 -8.9772108E-04
      24.600 -1.7031373E-06 -9.4223784E-04 -1.5897768E-06 -8.7952269E-04
      24.800 -1.5828800E-06 -8.7570714E-04 -1.5571963E-06 -8.6149793E-04
      25.000 -1.4625676E-06 -8.0914589E-04 -1.5250295E-06 -8.4370212E-04
      25.200 -1.3561257E-06 -7.5025833E-04 -1.4933228E-06 -8.2616079E-04
      25.400 -1.2748534E-06 -7.0529553E-04 -1.4620767E-06 -8.0887432E-04
      25.600 -1.2257367E-06 -6.7812239E-04 -1.4312586E-06 -7.9182461E-04
      25.800 -1.2104949E-06 -6.6969004E-04 -1.4008120E-06 -7.7498044E-04
      26.000 -1.2254954E-06 -6.7798889E-04 -1.3706684E-06 -7.5830391E-04
      26.200 -1.2625134E-06 -6.9846858E-04 -1.3407555E-06 -7.4175498E-04
      26.400 -1.3101886E-06 -7.2484426E-04 -1.3110047E-06 -7.2529578E-04
      26.600 -1.3559232E-06 -7.5014629E-04 -1.2813573E-06 -7.0889376E-04
      26.800 -1.3879083E-06 -7.6784164E-04 -1.2517658E-06 -6.9252261E-04
      27.000 -1.3969512E-06 -7.7284453E-04 -1.2221955E-06 -6.7616325E-04
      27.200 -1.3778263E-06 -7.6226390E-04 -1.1926226E-06 -6.5980245E-04
      27.400 -1.3299498E-06 -7.3577690E-04 -1.1630313E-06 -6.4343143E-04
      27.600 -1.2573016E-06 -6.9558522E-04 -1.1334102E-06 -6.2704400E-04
      27.800 -1.1676258E-06 -6.4597330E-04 -1.1037478E-06 -6.1063367E-04
      28.000 -1.0710722E-06 -5.9255632E-04 -1.0740293E-06 -5.9419227E-04
      28.200 -9.7850060E-07 -5.4134233E-04 -1.0442327E-06 -5.7770771E-04
      28.400 -8.9973806E-07 -4.9776801E-04 -1.0143279E-06 -5.6116328E-04
      28.600 -8.4206060E-07 -4.6585872E-04 -9.8427635E-07 -5.4453768E-04
      28.800 -8.0912750E-07 -4.4763893E-04 -9.5403145E-07 -5.2780510E-04
      29.000 -8.0052806E-07 -4.4288140E-04 -9.2354177E-07 -5.1093709E-04
      29.200 -8.1198246E-07 -4.4921840E-04 -8.9275348E-07 -4.9390388E-04
      29.400 -8.3614792E-07 -4.6258761E-04 -8.6161469E-07 -4.7667677E-04
      29.600 -8.6387777E-07 -4.7792878E-04 -8.3007999E-07 -4.5923062E-04
      29.800 -8.8572266E-07 -4.9001417E-04 -7.9811325E-07 -4.4154544E-04
      30.000 -8.9342571E-07 -4.9427578E-04 -7.6569212E-07 -4.2360889E-04
      30.200 -8.8117996E-07 -4.8750099E-04 -7.3280935E-07 -4.0541694E-04
      30.400 -8.4645547E-07 -4.6829013E-04 -6.9947464E-07 -3.8697496E-04
      30.600 -7.9028431E-07 -4.3721419E-04 -6.6571538E-07 -3.6829810E-04
      30.800 -7.1697392E-07 -3.9665620E-04 -6.3157478E-07 -3.4941027E-04
      31.000 -6.3331987E-07 -3.5037572E-04 -5.9711157E-07 -3.3034396E-04
      31.200 -5.4745204E-07 -3.0287049E-04 -5.6239656E-07 -3.1113835E-04
      31.400 -4.6751613E-07 -2.5864703E-04 -5.2751051E-07 -2.9183811E-04
      31.600 -4.0040105E-07 -2.2151651E-04 -4.9254193E-07 -2.7249221E-04
      31.800 -3.5070687E-07 -1.9402387E-04 -4.5758330E-07 -2.5315182E-04
      32.000 -3.2011600E-07 -1.7709988E-04 -4.2273022E-07 -2.3386982E-04
      32.200 -3.0724318E-07 -1.6997817E-04 -3.8807853E-07 -2.1469924E-04
      32.400 -3.0797801E-07 -1.7038470E-04 -3.5372372E-07 -1.9569290E-04
      32.600 -3.1624436E-07 -1.7495795E-04 -3.1976086E-07 -1.7690341E-04
      32.800 -3.2504429E-07 -1.7982639E-04 -2.8628334E-07 -1.5838242E-04
      33.000 -3.2761089E-07 -1.8124633E-04 -2.5338452E-07 -1.4018159E-04
      33.200 -3.1848517E-07 -1.7619765E-04 -2.2115683E-07 -1.2235205E-04
      33.400 -2.9434914E-07 -1.6284471E-04 -1.8969352E-07 -1.0494539E-04
      33.600 -2.5449186E-07 -1.4079421E-04 -1.5908785E-07 -8.8013220E-05
      33.800 -2.0084788E-07 -1.1111639E-04 -1.2943351E-07 -7.1607353E-05
      34.000 -1.3761767E-07 -7.6135132E-05 -1.0082460E-07 -5.5779856E-05
      34.200 -7.0540123E-08 -3.9025376E-05 -7.3353734E-08 -4.0581969E-05
      34.400 -5.9505052E-09 -3.2920371E-06 -4.7111897E-08 -2.6064025E-05
      34.600  5.0228627E-08  2.7788314E-05 -2.2185853E-08 -1.2274025E-05
      34.800  9.3394732E-08  5.1669382E-05  1.3431788E-09  7.4309566E-07
      35.000  1.2093501E-07  6.6905672E-05  2.3400985E-08  1.2946281E-05
      35.200  1.3256211E-07  7.3338206E-05  4.3922769E-08  2.4299682E-05
      35.400  1.3027021E-07  7.2070247E-05  6.2853535E-08  3.4772875E-05
      35.600  1.1793526E-07  6.5246103E-05  8.0149613E-08  4.4341698E-05
      35.800  1.0063180E-07  5.5673194E-05  9.5778551E-08  5.2988198E-05
      36.000  8.3785649E-08  4.6353286E-05  1.0971857E-07  6.0700325E-05
      36.200  7.2299821E-08  3.9998906E-05  1.2195820E-07  6.7471739E-05
      36.400  6.9794606E-08  3.8612929E-05  1.3249447E-07  7.3300787E-05
      36.600  7.8075935E-08  4.3194463E-05  1.4133174E-07  7.8189886E-05
      36.800  9.6910069E-08  5.3614195E-05  1.4847988E-07  8.2144500E-05
      37.000  1.2412828E-07  6.8672302E-05  1.5395272E-07  8.5172275E-05
      37.200  1.5603601E-07  8.6324826E-05  1.5776707E-07  8.7282514E-05
      37.400  1.8804896E-07  1.0403556E-04  1.5994182E-07  8.8485663E-05
      37.600  2.1545159E-07  1.1919570E-04  1.6049793E-07  8.8793326E-05
      37.800  2.3415064E-07  1.2954070E-04  1.5945883E-07  8.8218458E-05
      38.000  2.4130671E-07  1.3349970E-04  1.5685143E-07  8.6775948E-05
      38.200  2.3574823E-07  1.3042455E-04  1.5270752E-07  8.4483388E-05
      38.400  2.1810825E-07  1.2066546E-04  1.4706559E-07  8.1362065E-05
      38.600  1.9067230E-07  1.0548689E-04  1.3997244E-07  7.7437873E-05
      38.800  1.5697072E-07  8.6841945E-05  1.3148483E-07  7.2742217E-05
      39.000  1.2118908E-07  6.7046230E-05  1.2167091E-07  6.7312796E-05
      39.200  8.7493408E-08  4.8404554E-05  1.1061061E-07  6.1193838E-05
      39.400  5.9384077E-08  3.2853444E-05  9.8396183E-08  5.4436368E-05
      39.600  3.9174901E-08  2.1672988E-05  8.5131190E-08  4.7097688E-05
      39.800  2.7680217E-08  1.5313709E-05  7.0929485E-08  3.9240786E-05
      40.000  2.4150450E-08  1.3360912E-05  5.5913653E-08  3.0933478E-05
      40.200  2.6458772E-08  1.4637961E-05  4.0212335E-08  2.2246934E-05
      40.400  3.1502017E-08  1.7428068E-05  2.3958428E-08  1.3254679E-05
      40.600  3.5744767E-08  1.9775313E-05  7.2860391E-09  4.0309033E-06
      40.800  3.5815678E-08  1.9814543E-05 -9.6711437E-09 -5.3504304E-06
      41.000  2.9059957E-08  1.6077031E-05 -2.6782394E-08 -1.4817000E-05
      41.200  1.3960842E-08  7.7236483E-06 -4.3921262E-08 -2.4298849E-05
      41.400 -9.6321936E-09 -5.3288818E-06 -6.0966423E-08 -3.3728855E-05
      41.600 -4.0500596E-08 -2.2406411E-05 -7.7802949E-08 -4.3043438E-05
      41.800 -7.6270761E-08 -4.2195775E-05 -9.4321924E-08 -5.2182339E-05
      42.000 -1.1380789E-07 -6.2962689E-05 -1.1042107E-07 -6.1088973E-05
      42.200 -1.4971887E-07 -8.2829958E-05 -1.2600435E-07 -6.9710215E-05
      42.400 -1.8088236E-07 -1.0007074E-04 -1.4098166E-07 -7.7996213E-05
      42.600 -2.0492306E-07 -1.1337093E-04 -1.5526932E-07 -8.5900669E-05
      42.800 -2.2055264E-07 -1.2201779E-04 -1.6878964E-07 -9.3380601E-05
      43.000 -2.2773134E-07 -1.2598931E-04 -1.8147181E-07 -1.0039685E-04
      43.200 -2.2762650E-07 -1.2593131E-04 -1.9325234E-07 -1.0691426E-04
      43.400 -2.2238250E-07 -1.2303014E-04 -2.0407561E-07 -1.1290209E-04
      43.600 -2.1474319E-07 -1.1880379E-04 -2.1389520E-07 -1.1833465E-04
      43.800 -2.0759146E-07 -1.1484719E-04 -2.2267427E-07 -1.2319155E-04
      44.000 -2.0348092E-07 -1.1257309E-04 -2.3038666E-07 -1.2745833E-04
      44.200 -2.0423511E-07 -1.1299033E-04 -2.3701712E-07 -1.3112654E-04
      44.400 -2.1067533E-07 -1.1655330E-04 -2.4256141E-07 -1.3419385E-04
      44.600 -2.2251723E-07 -1.2310467E-04 -2.4702623E-07 -1.3666395E-04
      44.800 -2.3844731E-07 -1.3191778E-04 -2.5042831E-07 -1.3854610E-04
      45.000 -2.5636316E-07 -1.4182948E-04 -2.5279358E-07 -1.3985466E-04
      45.200 -2.7373346E-07 -1.5143936E-04 -2.5415572E-07 -1.4060824E-04
      45.400 -2.8801761E-07 -1.5934188E-04 -2.5455461E-07 -1.4082892E-04
      45.600 -2.9707737E-07 -1.6435407E-04 -2.5403471E-07 -1.4054129E-04
      45.800 -2.9951328E-07 -1.6570170E-04 -2.5264341E-07 -1.3977158E-04
      46.000 -2.9487608E-07 -1.6313623E-04 -2.5042954E-07 -1.3854678E-04
      46.200 -2.8372117E-07 -1.5696493E-04 -2.4744194E-07 -1.3689393E-04
      46.400 -2.6750255E-07 -1.4799220E-04 -2.4372854E-07 -1.3483954E-04
      46.600 -2.4832588E-07 -1.3738296E-04 -2.3933542E-07 -1.3240911E-04
      46.800 -2.2860508E-07 -1.2647269E-04 -2.3430643E-07 -1.2962689E-04
      47.000 -2.1067735E-07 -1.1655441E-04 -2.2868282E-07 -1.2651570E-04
      47.200 -1.9644065E-07 -1.0867815E-04 -2.2250320E-07 -1.2309691E-04
      47.400 -1.8706980E-07 -1.0349386E-04 -2.1580372E-07 -1.1939051E-04
      47.600 -1.8285364E-07 -1.0116133E-04 -2.0861810E-07 -1.1541516E-04
      47.800 -1.8317744E-07 -1.0134046E-04 -2.0097802E-07 -1.1118839E-04
      48.000 -1.8664836E-07 -1.0326070E-04 -1.9291315E-07 -1.0672661E-04
      48.200 -1.9134133E-07 -1.0585702E-04 -1.8445161E-07 -1.0204538E-04
      48.400 -1.9512286E-07 -1.0794910E-04 -1.7561990E-07 -9.7159354E-05
      48.600 -1.9599955E-07 -1.0843412E-04 -1.6644316E-07 -9.2082445E-05
      48.800 -1.9243541E-07 -1.0646231E-04 -1.5694544E-07 -8.6827958E-05
      49.000 -1.8358830E-07 -1.0156776E-04 -1.4714952E-07 -8.1408497E-05
      49.200 -1.6943035E-07 -9.3735068E-05 -1.3707744E-07 -7.5836254E-05
      49.400 -1.5073539E-07 -8.3392329E-05 -1.2675031E-07 -7.0122908E-05
      49.600 -1.2893943E-07 -7.1334007E-05 -1.1618865E-07 -6.4279812E-05
      49.800 -1.0589967E-07 -5.8587574E-05 -1.0541276E-07 -5.8318194E-05
      50.000 -8.3591246E-08 -4.6245735E-05 -9.4442545E-08 -5.2249071E-05
      50.200 -6.3794360E-08 -3.5293374E-05 -8.3298355E-08 -4.6083697E-05
      50.400 -4.7817368E-08 -2.6454317E-05 -7.2000272E-08 -3.9833184E-05
      50.600 -3.6304508E-08 -2.0084982E-05 -6.0568944E-08 -3.3508955E-05
      50.800 -2.9152305E-08 -1.6128121E-05 -4.9025732E-08 -2.7122828E-05
      51.000 -2.5546843E-08 -1.4133448E-05 -3.7392402E-08 -2.0686845E-05
      51.200 -2.4113824E-08 -1.3340650E-05 -2.5691662E-08 -1.4213567E-05
      51.400 -2.3153830E-08 -1.2809546E-05 -1.3946745E-08 -7.7158495E-06
      51.600 -2.0924103E-08 -1.1575979E-05 -2.1819107E-09 -1.2071128E-06
      51.800 -1.5920607E-08 -8.8078620E-06  9.5779291E-09  5.2988608E-06
      52.000 -7.1156638E-09 -3.9366455E-06  2.1307008E-08  1.1787816E-05
      52.200  5.8853061E-09  3.2559666E-06  3.2978509E-08  1.8244918E-05
      52.400  2.2791721E-08  1.2609214E-05  4.4564976E-08  2.4654975E-05
      52.600  4.2684940E-08  2.3614870E-05  5.6037889E-08  3.1002210E-05
      52.800  6.4174875E-08  3.5503888E-05  6.7368230E-08  3.7270569E-05
      53.000  8.5626491E-08  4.7371707E-05  7.8526218E-08  4.3443577E-05
      53.200  1.0542138E-07  5.8322961E-05  8.9481994E-08  4.9504712E-05
      53.400  1.2220960E-07  6.7610820E-05  1.0020584E-07  5.5437538E-05
      53.600  1.3511328E-07  7.4749610E-05  1.1066854E-07  6.1225885E-05
      53.800  1.4385125E-07  7.9583775E-05  1.2084229E-07  6.6854375E-05
      54.000  1.4876515E-07  8.2302320E-05  1.3070093E-07  7.2308534E-05
      54.200  1.5074694E-07  8.3398720E-05  1.4022086E-07  7.7575310E-05
      54.400  1.5108042E-07  8.3583217E-05  1.4938145E-07  8.2643282E-05
      54.600  1.5122462E-07  8.3662993E-05  1.5816523E-07  8.7502793E-05
      54.800  1.5257464E-07  8.4409873E-05  1.6655846E-07  9.2146231E-05
      55.000  1.5623860E-07  8.6436909E-05  1.7455066E-07  9.6567813E-05
      55.200  1.6286591E-07  9.0103379E-05  1.8213475E-07  1.0076361E-04
      55.400  1.7255273E-07  9.5462482E-05  1.8930611E-07  1.0473106E-04
      55.600  1.8483844E-07  1.0225938E-04  1.9606217E-07  1.0846876E-04
      55.800  1.9879102E-07  1.0997846E-04  2.0240139E-07  1.1197585E-04
      56.000  2.1316570E-07  1.1793106E-04  2.0832227E-07  1.1525150E-04
      56.200  2.2661075E-07  1.2536936E-04  2.1382266E-07  1.1829452E-04
      56.400  2.3788481E-07  1.3160658E-04  2.1889879E-07  1.2110282E-04
      56.600  2.4605266E-07  1.3612533E-04  2.2354498E-07  1.2367326E-04
      56.800  2.5062683E-07  1.3865593E-04  2.2775323E-07  1.2600142E-04
      57.000  2.5163500E-07  1.3921369E-04  2.3151351E-07  1.2808174E-04
      57.200  2.4960292E-07  1.3808947E-04  2.3481420E-07  1.2990780E-04
      57.400  2.4545814E-07  1.3579642E-04  2.3764277E-07  1.3147267E-04
      57.600  2.4037117E-07  1.3298212E-04  2.3998698E-07  1.3276957E-04
      57.800  2.3556136E-07  1.3032116E-04  2.4183594E-07  1.3379249E-04
      58.000  2.3209870E-07  1.2840549E-04  2.4318141E-07  1.3453685E-04
      58.200  2.3073422E-07  1.2765061E-04  2.4401882E-07  1.3500014E-04
      58.400  2.3178510E-07  1.2823200E-04  2.4434828E-07  1.3518240E-04
      58.600  2.3509224E-07  1.3006163E-04  2.4417510E-07  1.3508660E-04
      58.800  2.4005554E-07  1.3280751E-04  2.4351007E-07  1.3471868E-04
      59.000  2.4574013E-07  1.3595243E-04  2.4236926E-07  1.3408754E-04
      59.200  2.5103462E-07  1.3888154E-04  2.4077346E-07  1.3320468E-04
      59.400  2.5483593E-07  1.4098456E-04  2.3874726E-07  1.3208372E-04
      59.600  2.5622943E-07  1.4175549E-04  2.3631796E-07  1.3073974E-04
      59.800  2.5463663E-07  1.4087430E-04  2.3351413E-07  1.2918856E-04
      60.000  2.4990639E-07  1.3825736E-04  2.3036441E-07  1.2744602E-04
      60.200  2.4233642E-07  1.3406937E-04  2.2689623E-07  1.2552729E-04
      60.400  2.3262227E-07  1.2869515E-04  2.2313474E-07  1.2344630E-04
      60.600  2.2174381E-07  1.2267679E-04  2.1910219E-07  1.2121535E-04
      60.800  2.1080707E-07  1.1662618E-04  2.1481739E-07  1.1884484E-04
      61.000  2.0086902E-07  1.1112809E-04  2.1029582E-07  1.1634334E-04
      61.200  1.9277183E-07  1.0664843E-04  2.0554984E-07  1.1371769E-04
      61.400  1.8701433E-07  1.0346317E-04  2.0058927E-07  1.1097332E-04
      61.600  1.8367984E-07  1.0161840E-04  1.9542230E-07  1.0811476E-04
      61.800  1.8243100E-07  1.0092750E-04  1.9005621E-07  1.0514605E-04
      62.000  1.8257197E-07  1.0100549E-04  1.8449852E-07  1.0207133E-04
      62.200  1.8316637E-07  1.0133434E-04  1.7875756E-07  9.8895219E-05
      62.400  1.8319193E-07  1.0134848E-04  1.7284329E-07  9.5623230E-05
      62.600  1.8170628E-07  1.0052656E-04  1.6676781E-07  9.2262053E-05
      62.800  1.7799756E-07  9.8474762E-05  1.6054535E-07  8.8819558E-05
      63.000  1.7169622E-07  9.4988627E-05  1.5419245E-07  8.5304901E-05
      63.200  1.6283046E-07  9.0083769E-05  1.4772744E-07  8.1728224E-05
      63.400  1.5181822E-07  8.3991393E-05  1.4117024E-07  7.8100538E-05
      63.600  1.3939684E-07  7.7119431E-05  1.3454149E-07  7.4433272E-05
      63.800  1.2650370E-07  6.9986476E-05  1.2786204E-07  7.0737956E-05
      64.000  1.1412716E-07  6.3139317E-05  1.2115237E-07  6.7025923E-05
      64.200  1.0315120E-07  5.7067020E-05  1.1443178E-07  6.3307844E-05
      64.400  9.4220184E-08  5.2126052E-05  1.0771814E-07  5.9593618E-05
      64.600  8.7642808E-08  4.8487208E-05  1.0102734E-07  5.5892021E-05
      64.800  8.3351761E-08  4.6113243E-05  9.4373281E-08  5.2210751E-05
      65.000  8.0922937E-08  4.4769529E-05  8.7767636E-08  4.8556267E-05
      65.200  7.9651221E-08  4.4065969E-05  8.1220010E-08  4.4933880E-05
      65.400  7.8669236E-08  4.3522699E-05  7.4738213E-08  4.1347913E-05
      65.600  7.7089591E-08  4.2648782E-05  6.8328277E-08  3.7801702E-05
      65.800  7.4147710E-08  4.1021226E-05  6.1994993E-08  3.4297898E-05
      66.000  6.9322300E-08  3.8351632E-05  5.5741948E-08  3.0838485E-05
      66.200  6.2415007E-08  3.4530265E-05  4.9572047E-08  2.7425070E-05
      66.400  5.3576837E-08  2.9640666E-05  4.3487535E-08  2.4058895E-05
      66.600  4.3278489E-08  2.3943243E-05  3.7490294E-08  2.0741002E-05
      66.800  3.2230285E-08  1.7830973E-05  3.1582088E-08  1.7472366E-05
      67.000  2.1264639E-08  1.1764376E-05  2.5764481E-08  1.4253854E-05
      67.200  1.1201724E-08  6.1972034E-06  2.0039171E-08  1.1086402E-05
      67.400  2.7185088E-09  1.5039785E-06  1.4407833E-08  7.9709400E-06
      67.600 -3.7564248E-09 -2.0781916E-06  8.8724207E-09  4.9085477E-06
      67.800 -8.1073434E-09 -4.4852789E-06  3.4350384E-09  1.9003889E-06
      68.000 -1.0544339E-08 -5.8335141E-06 -1.9019081E-09 -1.0522051E-06
      68.200 -1.1564205E-08 -6.3977414E-06 -7.1355664E-09 -3.9476564E-06
      68.400 -1.1866158E-08 -6.5647925E-06 -1.2262763E-08 -6.7842091E-06
      68.600 -1.2236384E-08 -6.7696151E-06 -1.7279749E-08 -9.5597890E-06
      68.800 -1.3420531E-08 -7.4247287E-06 -2.2182378E-08 -1.2272103E-05
      69.000 -1.6004527E-08 -8.8542896E-06 -2.6965913E-08 -1.4918530E-05
      69.200 -2.0322741E-08 -1.1243284E-05 -3.1625240E-08 -1.7496240E-05
      69.400 -2.6407650E-08 -1.4609678E-05 -3.6154867E-08 -2.0002195E-05
      69.600 -3.3988275E-08 -1.8803557E-05 -4.0548975E-08 -2.2433176E-05
      69.800 -4.2537381E-08 -2.3533235E-05 -4.4801728E-08 -2.4785955E-05
      70.000 -5.1358346E-08 -2.8413316E-05 -4.8907271E-08 -2.7057291E-05
      70.200 -5.9698294E-08 -3.3027280E-05 -5.2860074E-08 -2.9244127E-05
      70.400 -6.6868111E-08 -3.6993885E-05 -5.6655060E-08 -3.1343652E-05
      70.600 -7.2350556E-08 -4.0026974E-05 -6.0287741E-08 -3.3353384E-05
      70.800 -7.5879698E-08 -4.1979425E-05 -6.3754516E-08 -3.5271330E-05
      71.000 -7.7478722E-08 -4.2864063E-05 -6.7052664E-08 -3.7095987E-05
      71.200 -7.7451490E-08 -4.2848997E-05 -7.0180583E-08 -3.8826465E-05
      71.400 -7.6329382E-08 -4.2228206E-05 -7.3137707E-08 -4.0462455E-05
      71.600 -7.4782871E-08 -4.1372620E-05 -7.5924628E-08 -4.2004282E-05
      71.800 -7.3512368E-08 -4.0669731E-05 -7.8543005E-08 -4.3452863E-05
      72.000 -7.3136150E-08 -4.0461593E-05 -8.0995436E-08 -4.4809638E-05
      72.200 -7.4093187E-08 -4.0991062E-05 -8.3285430E-08 -4.6076546E-05
      72.400 -7.6576262E-08 -4.2364789E-05 -8.5417148E-08 -4.7255891E-05
      72.600 -8.0505571E-08 -4.4538627E-05 -8.7395316E-08 -4.8350286E-05
      72.800 -8.5546245E-08 -4.7327312E-05 -8.9224943E-08 -4.9362502E-05
      73.000 -9.1166651E-08 -5.0436726E-05 -9.0911201E-08 -5.0295402E-05
      73.200 -9.6727153E-08 -5.3512999E-05 -9.2459202E-08 -5.1151812E-05
      73.400 -1.0158481E-07 -5.6200430E-05 -9.3873805E-08 -5.1934423E-05
      73.600 -1.0519727E-07 -5.8198979E-05 -9.5159535E-08 -5.2645736E-05
      73.800 -1.0720876E-07 -5.9311806E-05 -9.6320412E-08 -5.3287975E-05
      74.000 -1.0750509E-07 -5.9475750E-05 -9.7359944E-08 -5.3863083E-05
      74.200 -1.0622908E-07 -5.8769814E-05 -9.8281059E-08 -5.4372677E-05
      74.400 -1.0375453E-07 -5.7400801E-05 -9.9086168E-08 -5.4818093E-05
      74.600 -1.0062353E-07 -5.5668618E-05 -9.9777219E-08 -5.5200407E-05
      74.800 -9.7457716E-08 -5.3917173E-05 -1.0035579E-07 -5.5520495E-05
      75.000 -9.4857762E-08 -5.2478784E-05 -1.0082326E-07 -5.5779113E-05
      75.200 -9.3307814E-08 -5.1621296E-05 -1.0118090E-07 -5.5976975E-05
      75.400 -9.3099639E-08 -5.1506126E-05 -1.0143010E-07 -5.6114840E-05
      75.600 -9.4288747E-08 -5.2163984E-05 -1.0157245E-07 -5.6193593E-05
      75.800 -9.6688878E-08 -5.3491824E-05 -1.0160989E-07 -5.6214310E-05
      76.000 -9.9905351E-08 -5.5271295E-05 -1.0154482E-07 -5.6178309E-05
      76.200 -1.0340129E-07 -5.7205379E-05 -1.0138009E-07 -5.6087172E-05
      76.400 -1.0658602E-07 -5.8967286E-05 -1.0111903E-07 -5.5942745E-05
      76.600 -1.0891070E-07 -6.0253381E-05 -1.0076541E-07 -5.5747112E-05
      76.800 -1.0995636E-07 -6.0831881E-05 -1.0032333E-07 -5.5502538E-05
      77.000 -1.0949991E-07 -6.0579355E-05 -9.9797101E-08 -5.5211407E-05
      77.200 -1.0754803E-07 -5.9499505E-05 -9.9191064E-08 -5.4876125E-05
      77.400 -1.0433388E-07 -5.7721318E-05 -9.8509457E-08 -5.4499035E-05
      77.600 -1.0027765E-07 -5.5477267E-05 -9.7756250E-08 -5.4082333E-05
      77.800 -9.5917551E-08 -5.3065098E-05 -9.6934981E-08 -5.3627978E-05
      78.000 -9.1822888E-08 -5.0799781E-05 -9.6048675E-08 -5.3137641E-05
      78.200 -8.8503001E-08 -4.8963098E-05 -9.5099737E-08 -5.2612653E-05
      78.400 -8.6327070E-08 -4.7759293E-05 -9.4089960E-08 -5.2054007E-05
      78.600 -8.5467022E-08 -4.7283483E-05 -9.3020509E-08 -5.1462348E-05
      78.800 -8.5872780E-08 -4.7507963E-05 -9.1891997E-08 -5.0838014E-05
      79.000 -8.7283131E-08 -4.8288221E-05 -9.0704589E-08 -5.0181097E-05
      79.200 -8.9270191E-08 -4.9387535E-05 -8.9458080E-08 -4.9491482E-05
      79.400 -9.1309844E-08 -5.0515946E-05 -8.8152070E-08 -4.8768950E-05
      79.600 -9.2866739E-08 -5.1377277E-05 -8.6786041E-08 -4.8013213E-05
      79.800 -9.3479909E-08 -5.1716505E-05 -8.5359489E-08 -4.7223992E-05
      80.000 -9.2835463E-08 -5.1359974E-05 -8.3872030E-08 -4.6401075E-05
      80.200 -9.0814871E-08 -5.0242108E-05 -8.2323412E-08 -4.5544323E-05
      80.400 -8.7511454E-08 -4.8414538E-05 -8.0713602E-08 -4.4653717E-05
      80.600 -8.3212723E-08 -4.6036322E-05 -7.9042727E-08 -4.3729328E-05
      80.800 -7.8352101E-08 -4.3347248E-05 -7.7311118E-08 -4.2771339E-05
      81.000 -7.3437692E-08 -4.0628418E-05 -7.5519217E-08 -4.1779993E-05
      81.200 -6.8970197E-08 -3.8156836E-05 -7.3667565E-08 -4.0755592E-05
      81.400 -6.5363039E-08 -3.6161224E-05 -7.1756801E-08 -3.9698487E-05
      81.600 -6.2877246E-08 -3.4785993E-05 -6.9787584E-08 -3.8609044E-05
      81.800 -6.1581772E-08 -3.4069289E-05 -6.7760676E-08 -3.7487685E-05
      82.000 -6.1344813E-08 -3.3938194E-05 -6.5676903E-08 -3.6334865E-05
      82.200 -6.1857493E-08 -3.4221828E-05 -6.3537294E-08 -3.5151155E-05
      82.400 -6.2685544E-08 -3.4679936E-05 -6.1343091E-08 -3.3937242E-05
      82.600 -6.3340477E-08 -3.5042269E-05 -5.9095872E-08 -3.2693998E-05
      82.800 -6.3358598E-08 -3.5052294E-05 -5.6797688E-08 -3.1422559E-05
      83.000 -6.2375211E-08 -3.4508249E-05 -5.4451061E-08 -3.0124319E-05
      83.200 -6.0182171E-08 -3.3294978E-05 -5.2059144E-08 -2.8801023E-05
      83.400 -5.6759760E-08 -3.1401576E-05 -4.9625652E-08 -2.7454726E-05
      83.600 -5.2278282E-08 -2.8922258E-05 -4.7154947E-08 -2.6087842E-05
      83.800 -4.7069161E-08 -2.6040382E-05 -4.4651897E-08 -2.4703063E-05
      84.000 -4.1570850E-08 -2.2998515E-05 -4.2121806E-08 -2.3303324E-05
      84.200 -3.6258411E-08 -2.0059479E-05 -3.9570316E-08 -2.1891747E-05
      84.400 -3.1567860E-08 -1.7464495E-05 -3.7003155E-08 -2.0471499E-05
      84.600 -2.7828064E-08 -1.5395503E-05 -3.4426056E-08 -1.9045753E-05
      84.800 -2.5210219E-08 -1.3947216E-05 -3.1844481E-08 -1.7617532E-05
      85.000 -2.3703424E-08 -1.3113601E-05 -2.9263570E-08 -1.6189677E-05
      85.200 -2.3119365E-08 -1.2790478E-05 -2.6687932E-08 -1.4764740E-05
      85.400 -2.3125401E-08 -1.2793818E-05 -2.4121613E-08 -1.3344958E-05
      85.600 -2.3300153E-08 -1.2890497E-05 -2.1568115E-08 -1.1932270E-05
      85.800 -2.3202546E-08 -1.2836497E-05 -1.9030355E-08 -1.0528289E-05
      86.000 -2.2443081E-08 -1.2416333E-05 -1.6510855E-08 -9.1344090E-06
      86.200 -2.0745904E-08 -1.1477393E-05 -1.4011784E-08 -7.7518313E-06
      86.400 -1.7991937E-08 -9.9537978E-06 -1.1535221E-08 -6.3817063E-06
      86.600 -1.4236302E-08 -7.8760430E-06 -9.0832506E-09 -5.0251865E-06
      86.800 -9.6977020E-09 -5.3651235E-06 -6.6581636E-09 -3.6835396E-06
      87.000 -4.7218712E-09 -2.6123119E-06 -4.2626361E-09 -2.3582462E-06
      87.200  2.7505961E-10  1.5217304E-07 -1.8997401E-09 -1.0510057E-06
      87.400  4.8733783E-09  2.6961311E-06  4.2692051E-10  2.3618804E-07
      87.600  8.7166452E-09  4.8223670E-06  2.7133148E-09  1.5011050E-06
      87.800  1.1567287E-08  6.3994463E-06  4.9550296E-09  2.7413036E-06
      88.000  1.3342485E-08  7.3815507E-06  7.1473701E-09  3.9541866E-06
      88.200  1.4124909E-08  7.8144165E-06  9.2856090E-09  5.1371386E-06
      88.400  1.4146644E-08  7.8264412E-06  1.1365090E-08  6.2875835E-06
      88.600  1.3749480E-08  7.6067154E-06  1.3381501E-08  7.4031360E-06
      88.800  1.3328092E-08  7.3735881E-06  1.5330959E-08  8.4816474E-06
      89.000  1.3265487E-08  7.3389529E-06  1.7210203E-08  9.5213140E-06
      89.200  1.3871191E-08  7.6740503E-06  1.9016633E-08  1.0520697E-05
      89.400  1.5332014E-08  8.4822309E-06  2.0748289E-08  1.1478712E-05
      89.600  1.7683225E-08  9.7830069E-06  2.2403850E-08  1.2394630E-05
      89.800  2.0804377E-08  1.1509742E-05  2.3982458E-08  1.3267973E-05
      90.000  2.4440386E-08  1.3521316E-05  2.5483616E-08  1.4098469E-05
      90.200  2.8243828E-08  1.5625519E-05  2.6906953E-08  1.4885911E-05
      90.400  3.1831825E-08  1.7610530E-05  2.8252092E-08  1.5630091E-05
      90.600  3.4847807E-08  1.9279082E-05  2.9518475E-08  1.6330700E-05
      90.800  3.7018349E-08  2.0479905E-05  3.0705233E-08  1.6987258E-05
      91.000  3.8196103E-08  2.1131481E-05  3.1811186E-08  1.7599112E-05
      91.200  3.8381783E-08  2.1234206E-05  3.2834819E-08  1.8165423E-05
      91.400  3.7722206E-08  2.0869304E-05  3.3774428E-08  1.8685249E-05
      91.600  3.6484795E-08  2.0184723E-05  3.4628242E-08  1.9157610E-05
      91.800  3.5012966E-08  1.9370453E-05  3.5394673E-08  1.9581628E-05
      92.000  3.3669830E-08  1.8627382E-05  3.6072548E-08  1.9956653E-05
      92.200  3.2779418E-08  1.8134773E-05  3.6661336E-08  2.0282392E-05
      92.400  3.2574834E-08  1.8021590E-05  3.7161396E-08  2.0559044E-05
      92.600  3.3161791E-08  1.8346316E-05  3.7574110E-08  2.0787372E-05
      92.800  3.4503117E-08  1.9088387E-05  3.7901991E-08  2.0968768E-05
      93.000  3.6426579E-08  2.0152516E-05  3.8148667E-08  2.1105238E-05
      93.200  3.8654565E-08  2.1385119E-05  3.8318787E-08  2.1199355E-05
      93.400  4.0850555E-08  2.2600021E-05  3.8417838E-08  2.1254153E-05
      93.600  4.2674709E-08  2.3609210E-05  3.8451877E-08  2.1272985E-05
      93.800  4.3839670E-08  2.4253709E-05  3.8427223E-08  2.1259345E-05
      93.999  4.4157294E-08  2.4429430E-05  3.8350128E-08  2.1216693E-05
      94.199  4.3569100E-08  2.4104020E-05  3.8226449E-08  2.1148270E-05
      94.399  4.2155472E-08  2.3321949E-05  3.8061384E-08  2.1056950E-05
      94.599  4.0122346E-08  2.2197149E-05  3.7859252E-08  2.0945123E-05
      94.799  3.7767705E-08  2.0894476E-05  3.7623393E-08  2.0814637E-05
      94.999  3.5433471E-08  1.9603092E-05  3.7356153E-08  2.0666790E-05
      95.199  3.3450469E-08  1.8506023E-05  3.7058976E-08  2.0502381E-05
      95.399  3.2085674E-08  1.7750969E-05  3.6732597E-08  2.0321816E-05
      95.599  3.1499894E-08  1.7426893E-05  3.6377293E-08  2.0125249E-05
      95.799  3.1722903E-08  1.7550270E-05  3.5993185E-08  1.9912747E-05
      95.999  3.2649730E-08  1.8063025E-05  3.5580559E-08  1.9684467E-05
      96.199  3.4058662E-08  1.8842497E-05  3.5140138E-08  1.9440810E-05
      96.399  3.5647842E-08  1.9721690E-05  3.4673331E-08  1.9182555E-05
      96.599  3.7084615E-08  2.0516566E-05  3.4182370E-08  1.8910938E-05
      96.799  3.8059415E-08  2.1055861E-05  3.3670378E-08  1.8627685E-05
      96.999  3.8335752E-08  2.1208740E-05  3.3141301E-08  1.8334980E-05
      97.199  3.7788116E-08  2.0905768E-05  3.2599769E-08  1.8035385E-05
      97.399  3.6421953E-08  2.0149957E-05  3.2050867E-08  1.7731712E-05
      97.599  3.4372519E-08  1.9016135E-05  3.1499822E-08  1.7426854E-05
      97.799  3.1883065E-08  1.7638878E-05  3.0951705E-08  1.7123615E-05
      97.999  2.9265771E-08  1.6190895E-05  3.0411083E-08  1.6824524E-05
      98.199  2.6852070E-08  1.4855548E-05  2.9881766E-08  1.6531686E-05
      98.399  2.4940026E-08  1.3797735E-05  2.9366563E-08  1.6246657E-05
      98.599  2.3747475E-08  1.3137972E-05  2.8867159E-08  1.5970368E-05
      98.799  2.3378199E-08  1.2933675E-05  2.8384090E-08  1.5703117E-05
      98.999  2.3806398E-08  1.3170570E-05  2.7916785E-08  1.5444587E-05
      99.199  2.4881895E-08  1.3765575E-05  2.7463742E-08  1.5193947E-05
      99.399  2.6355018E-08  1.4580560E-05  2.7022732E-08  1.4949964E-05
      99.599  2.7916985E-08  1.5444697E-05  2.6591094E-08  1.4711166E-05
      99.799  2.9249372E-08  1.6181822E-05  2.6166008E-08  1.4475993E-05
      99.999  3.0074563E-08  1.6638349E-05  2.5744785E-08  1.4242957E-05
     100.199  3.0199235E-08  1.6707321E-05  2.5325106E-08  1.4010775E-05
     100.399  2.9544052E-08  1.6344850E-05  2.4905235E-08  1.3778487E-05
     100.599  2.8154954E-08  1.5576351E-05  2.4484078E-08  1.3545487E-05
     100.799  2.6194341E-08  1.4491668E-05  2.4061236E-08  1.3311556E-05
     100.999  2.3913909E-08  1.3230049E-05  2.3636962E-08  1.3076832E-05
     101.199  2.1613625E-08  1.1957448E-05  2.3212040E-08  1.2841750E-05
     101.399  1.9593346E-08  1.0839756E-05  2.2787614E-08  1.2606942E-05
     101.599  1.8105166E-08  1.0016440E-05  2.2365011E-08  1.2373142E-05
     101.799  1.7313742E-08  9.5785953E-06  2.1945527E-08  1.2141068E-05
     101.999  1.7271131E-08  9.5550215E-06  2.1530271E-08  1.1911334E-05
     102.199  1.7909764E-08  9.9083364E-06  2.1120009E-08  1.1684362E-05
     102.399  1.9054632E-08  1.0541720E-05  2.0715083E-08  1.1460341E-05
     102.599  2.0452420E-08  1.1315027E-05  2.0315381E-08  1.1239212E-05
     102.799  2.1812861E-08  1.2067673E-05  1.9920353E-08  1.1020668E-05
     102.999  2.2855443E-08  1.2644467E-05  1.9529089E-08  1.0804206E-05
     103.199  2.3354104E-08  1.2920344E-05  1.9140417E-08  1.0589179E-05
     103.399  2.3172645E-08  1.2819955E-05  1.8753039E-08  1.0374867E-05
     103.599  2.2285434E-08  1.2329117E-05  1.8365648E-08  1.0160548E-05
     103.799  2.0780155E-08  1.1496342E-05  1.7977044E-08  9.9455581E-06
     103.999  1.8842455E-08  1.0424335E-05  1.7586222E-08  9.7293415E-06
     104.199  1.6725000E-08  9.2528818E-06  1.7192411E-08  9.5114707E-06
     104.399  1.4706273E-08  8.1360480E-06  1.6795088E-08  9.2916570E-06
     104.599  1.3045536E-08  7.2172674E-06  1.6393934E-08  9.0697239E-06
     104.799  1.1941508E-08  6.6064791E-06  1.5988784E-08  8.8455800E-06
     104.999  1.1501049E-08  6.3628009E-06  1.5579528E-08  8.6191646E-06
     105.199  1.1722970E-08  6.4855756E-06  1.5166025E-08  8.3903996E-06
     105.399  1.2499267E-08  6.9150515E-06  1.4748025E-08  8.1591468E-06
     105.599  1.3633463E-08  7.5425305E-06  1.4325089E-08  7.9251631E-06
     105.799  1.4872881E-08  8.2282218E-06  1.3896570E-08  7.6880910E-06
     105.999  1.5949626E-08  8.8239165E-06  1.3461597E-08  7.4474481E-06
     106.199  1.6623491E-08  9.1967234E-06  1.3019127E-08  7.2026573E-06
     106.399  1.6720045E-08  9.2501406E-06  1.2567997E-08  6.9530754E-06
     106.599  1.6157718E-08  8.9390408E-06  1.2107023E-08  6.6980479E-06
     106.799  1.4959777E-08  8.2762958E-06  1.1635114E-08  6.4369707E-06
     106.999  1.3249340E-08  7.3300193E-06  1.1151359E-08  6.1693398E-06
     107.199  1.1228533E-08  6.2120353E-06  1.0655140E-08  5.8948130E-06
     107.399  9.1451254E-09  5.0594179E-06  1.0146180E-08  5.6132379E-06
     107.599  7.2523568E-09  4.0122691E-06  9.6246052E-09  5.3246836E-06
     107.799  5.7682147E-09  3.1911874E-06  9.0909247E-09  5.0294321E-06
     107.999  4.8409309E-09  2.6781800E-06  8.5460060E-09  4.7279631E-06
     108.199  4.5260326E-09  2.5039668E-06  7.9910160E-09  4.4209224E-06
     108.399  4.7785113E-09  2.6436472E-06  7.4273118E-09  4.1090606E-06
     108.599  5.4612699E-09  3.0213743E-06  6.8563577E-09  3.7931879E-06
     108.799  6.3682724E-09  3.5231612E-06  6.2795997E-09  3.4741043E-06
     108.999  7.2585321E-09  4.0156855E-06  5.6983757E-09  3.1525499E-06
     109.199  7.8953489E-09  4.3679958E-06  5.1138477E-09  2.8291676E-06
     109.399  8.0844955E-09  4.4726386E-06  4.5269309E-09  2.5044638E-06
     109.599  7.7051370E-09  4.2627636E-06  3.9383001E-09  2.1788117E-06
     109.799  6.7286559E-09  3.7225386E-06  3.3483812E-09  1.8524469E-06
     109.999  5.2224624E-09  2.8892573E-06  2.7574206E-09  1.5255060E-06
     110.199  3.3382744E-09  1.8468555E-06  2.1655361E-09  1.1980538E-06
     110.399  1.2869758E-09  7.1200209E-07  1.5728118E-09  8.7013702E-07
     110.599 -6.9576983E-10 -3.8492532E-07  9.7940235E-10  5.4184121E-07
     110.799 -2.3876670E-09 -1.3209447E-06  3.8560293E-10  2.1332964E-07
     110.999 -3.6152780E-09 -2.0001040E-06 -2.0804760E-10 -1.1509954E-07
     111.199 -4.2814369E-09 -2.3686475E-06 -8.0073128E-10 -4.4299383E-07
     111.399 -4.3800113E-09 -2.4231825E-06 -1.3912938E-09 -7.6971465E-07
     111.599 -3.9959265E-09 -2.2106927E-06 -1.9782608E-09 -1.0944462E-06
     111.799 -3.2904581E-09 -1.8204018E-06 -2.5598532E-09 -1.4162044E-06
     111.999 -2.4743758E-09 -1.3689152E-06 -3.1340310E-09 -1.7338606E-06
     112.199 -1.7732828E-09 -9.8104493E-07 -3.6985896E-09 -2.0461951E-06
     112.399 -1.3908904E-09 -7.6949145E-07 -4.2512295E-09 -2.3519357E-06
     112.599 -1.4760601E-09 -8.1661043E-07 -4.7896839E-09 -2.6498283E-06
     112.799 -2.0989708E-09 -1.1612274E-06 -5.3118043E-09 -2.9386844E-06
     112.999 -3.2401302E-09 -1.7925585E-06 -5.8156837E-09 -3.2174489E-06
     113.199 -4.7939258E-09 -2.6521751E-06 -6.2997409E-09 -3.4852471E-06
     113.399 -6.5859842E-09 -3.6436074E-06 -6.7627897E-09 -3.7414226E-06
     113.599 -8.4015764E-09 -4.6480594E-06 -7.2041074E-09 -3.9855757E-06
     113.799 -1.0020222E-08 -5.5435533E-06 -7.6234431E-09 -4.2175676E-06
     113.999 -1.1251138E-08 -6.2245414E-06 -8.0210310E-09 -4.4375278E-06
     114.199 -1.1963592E-08 -6.6186966E-06 -8.3975397E-09 -4.6458261E-06
     114.399 -1.2107539E-08 -6.6983337E-06 -8.7540227E-09 -4.8430456E-06
     114.599 -1.1721155E-08 -6.4845716E-06 -9.0918219E-09 -5.0299284E-06
     114.799 -1.0924241E-08 -6.0436896E-06 -9.4124513E-09 -5.2073123E-06
     114.999 -9.8986109E-09 -5.4762736E-06 -9.7174818E-09 -5.3760664E-06
     115.199 -8.8587508E-09 -4.9009850E-06 -1.0008395E-08 -5.5370104E-06
     115.399 -8.0174191E-09 -4.4355295E-06 -1.0286467E-08 -5.6908497E-06
     115.599 -7.5518532E-09 -4.1779615E-06 -1.0552636E-08 -5.8381044E-06
     115.799 -7.5758370E-09 -4.1912301E-06 -1.0807426E-08 -5.9790632E-06
     115.999 -8.1221528E-09 -4.4934721E-06 -1.1050873E-08 -6.1137470E-06
     116.199 -9.1380389E-09 -5.0554974E-06 -1.1282507E-08 -6.2418956E-06
     116.399 -1.0494338E-08 -5.8058516E-06 -1.1501379E-08 -6.3629837E-06
     116.599 -1.2006655E-08 -6.6425205E-06 -1.1706118E-08 -6.4762526E-06
     116.799 -1.3465178E-08 -7.4494291E-06 -1.1895044E-08 -6.5807732E-06
     116.999 -1.4668144E-08 -8.1149538E-06 -1.2066301E-08 -6.6755189E-06
     117.199 -1.5453771E-08 -8.5495913E-06 -1.2218024E-08 -6.7594580E-06
     117.399 -1.5725416E-08 -8.6998752E-06 -1.2348508E-08 -6.8316461E-06
     117.599 -1.5466121E-08 -8.5564236E-06 -1.2456362E-08 -6.8913149E-06
     117.799 -1.4740312E-08 -8.1548800E-06 -1.2540661E-08 -6.9379522E-06
     117.999 -1.3682534E-08 -7.5696782E-06 -1.2601042E-08 -6.9713571E-06
     118.199 -1.2475120E-08 -6.9016927E-06 -1.2637763E-08 -6.9916727E-06
     118.399 -1.1318565E-08 -6.2618440E-06 -1.2651705E-08 -6.9993862E-06
     118.599 -1.0399386E-08 -5.7533207E-06 -1.2644317E-08 -6.9952989E-06
     118.799 -9.8605882E-09 -5.4552381E-06 -1.2617509E-08 -6.9804678E-06
     118.999 -9.7795391E-09 -5.4103988E-06 -1.2573505E-08 -6.9561229E-06
     119.199 -1.0156592E-08 -5.6189983E-06 -1.2514661E-08 -6.9235683E-06
     119.399 -1.0916223E-08 -6.0392538E-06 -1.2443280E-08 -6.8840777E-06
     119.599 -1.1920322E-08 -6.5947583E-06 -1.2361425E-08 -6.8387927E-06
     119.799 -1.2991357E-08 -7.1872939E-06 -1.2270764E-08 -6.7886354E-06
     119.999 -1.3941541E-08 -7.7129707E-06 -1.2172450E-08 -6.7342448E-06
     120.199 -1.4603338E-08 -8.0791005E-06 -1.2067063E-08 -6.6759404E-06
     120.399 -1.4856237E-08 -8.2190139E-06 -1.1954600E-08 -6.6137219E-06
     120.599 -1.4645683E-08 -8.1025275E-06 -1.1834536E-08 -6.5472980E-06
     120.799 -1.3991083E-08 -7.7403789E-06 -1.1705932E-08 -6.4761497E-06
     120.999 -1.2981795E-08 -7.1820037E-06 -1.1567588E-08 -6.3996129E-06
     121.199 -1.1761847E-08 -6.5070843E-06 -1.1418223E-08 -6.3169785E-06
     121.399 -1.0506030E-08 -5.8123202E-06 -1.1256662E-08 -6.2275974E-06
     121.599 -9.3912058E-09 -5.1955586E-06 -1.1082015E-08 -6.1309760E-06
     121.799 -8.5676879E-09 -4.7399584E-06 -1.0893824E-08 -6.0268618E-06
     121.999 -8.1351423E-09 -4.5006583E-06 -1.0692167E-08 -5.9152977E-06
     122.199 -8.1270175E-09 -4.4961634E-06 -1.0477717E-08 -5.7966561E-06
     122.399 -8.5058284E-09 -4.7057354E-06 -1.0251732E-08 -5.6716329E-06
     122.599 -9.1700337E-09 -5.0731981E-06 -1.0015999E-08 -5.5412168E-06
     122.799 -9.9712291E-09 -5.5164487E-06 -9.7727324E-09 -5.4066331E-06
     122.999 -1.0738852E-08 -5.9411256E-06 -9.5244263E-09 -5.2692610E-06
     123.199 -1.1308245E-08 -6.2561348E-06 -9.2737009E-09 -5.1305505E-06
     123.399 -1.1547613E-08 -6.3885620E-06 -9.0231293E-09 -4.9919252E-06
     123.599 -1.1379412E-08 -6.2955072E-06 -8.7750951E-09 -4.8547036E-06
     123.799 -1.0792832E-08 -5.9709896E-06 -8.5316568E-09 -4.7200246E-06
     123.999 -9.8453571E-09 -5.4468117E-06 -8.2944615E-09 -4.5887995E-06
     124.199 -8.6532855E-09 -4.7873141E-06 -8.0647009E-09 -4.4616876E-06
     124.399 -7.3727267E-09 -4.0788621E-06 -7.8430985E-09 -4.3390890E-06
     124.599 -6.1743353E-09 -3.4158682E-06 -7.6299550E-09 -4.2211702E-06
     124.799 -5.2157429E-09 -2.8855398E-06 -7.4252086E-09 -4.1078970E-06
     124.999 -4.6163223E-09 -2.5539183E-06 -7.2285360E-09 -3.9990905E-06
     125.199 -4.4381770E-09 -2.4553619E-06 -7.0394501E-09 -3.8944813E-06
     125.399 -4.6765142E-09 -2.5872187E-06 -6.8574085E-09 -3.7937692E-06
     125.599 -5.2607993E-09 -2.9104666E-06 -6.6819115E-09 -3.6966779E-06
     125.799 -6.0665002E-09 -3.3562098E-06 -6.5125750E-09 -3.6029947E-06
     125.999 -6.9354062E-09 -3.8369204E-06 -6.3491916E-09 -3.5126051E-06
     126.199 -7.7012753E-09 -4.2606272E-06 -6.1917549E-09 -3.4255053E-06
     126.399 -8.2165720E-09 -4.5457082E-06 -6.0404664E-09 -3.3418070E-06
     126.599 -8.3760372E-09 -4.6339302E-06 -5.8957204E-09 -3.2617282E-06
     126.799 -8.1333385E-09 -4.4996603E-06 -5.7580639E-09 -3.1855716E-06
     126.999 -7.5081375E-09 -4.1537763E-06 -5.6281556E-09 -3.1137016E-06
     127.199 -6.5825236E-09 -3.6416928E-06 -5.5067086E-09 -3.0465126E-06
     127.399 -5.4874950E-09 -3.0358830E-06 -5.3944422E-09 -2.9844028E-06
     127.599 -4.3816497E-09 -2.4240889E-06 -5.2920300E-09 -2.9277446E-06
     127.799 -3.4256491E-09 -1.8951944E-06 -5.2000600E-09 -2.8768634E-06
     127.999 -2.7565432E-09 -1.5250205E-06 -5.1190052E-09 -2.8320209E-06
     128.199 -2.4660284E-09 -1.3642971E-06 -5.0491978E-09 -2.7934009E-06
     128.399 -2.5861898E-09 -1.4307748E-06 -4.9908220E-09 -2.7611053E-06
     128.599 -3.0848644E-09 -1.7066598E-06 -4.9439074E-09 -2.7351504E-06
     128.799 -3.8713332E-09 -2.1417631E-06 -4.9083368E-09 -2.7154715E-06
     128.999 -4.8113526E-09 -2.6618162E-06 -4.8838555E-09 -2.7019275E-06
     129.199 -5.7490074E-09 -3.1805612E-06 -4.8700879E-09 -2.6943107E-06
     129.399 -6.5318267E-09 -3.6136454E-06 -4.8665570E-09 -2.6923574E-06
     129.599 -7.0351664E-09 -3.8921114E-06 -4.8727063E-09 -2.6957593E-06
     129.799 -7.1818543E-09 -3.9732645E-06 -4.8879222E-09 -2.7041773E-06
     129.999 -6.9540876E-09 -3.8472557E-06 -4.9115573E-09 -2.7172532E-06
     130.199 -6.3956754E-09 -3.5383216E-06 -4.9429504E-09 -2.7346210E-06
     130.399 -5.6043743E-09 -3.1005449E-06 -4.9814444E-09 -2.7559173E-06
     130.599 -4.7156350E-09 -2.6088618E-06 -5.0263974E-09 -2.7807869E-06
     130.799 -3.8804579E-09 -2.1468113E-06 -5.0771872E-09 -2.8088857E-06
     130.999 -3.2409001E-09 -1.7929845E-06 -5.1332088E-09 -2.8398789E-06
     131.199 -2.9072862E-09 -1.6084171E-06 -5.1938604E-09 -2.8734336E-06
     131.399 -2.9406578E-09 -1.6268795E-06 -5.2585251E-09 -2.9092085E-06
     131.599 -3.3433158E-09 -1.8496446E-06 -5.3265410E-09 -2.9468374E-06
     131.799 -4.0588513E-09 -2.2455050E-06 -5.3971721E-09 -2.9859130E-06
     131.999 -4.9815995E-09 -2.7560031E-06 -5.4695754E-09 -3.0259692E-06
     132.199 -5.9738768E-09 -3.3049672E-06 -5.5427724E-09 -3.0664644E-06
     132.399 -6.8882386E-09 -3.8108256E-06 -5.6156311E-09 -3.1067726E-06
     132.599 -7.5910219E-09 -4.1996310E-06 -5.6868566E-09 -3.1461771E-06
     132.799 -7.9835097E-09 -4.4167696E-06 -5.7550007E-09 -3.1838769E-06
     132.999 -8.0172178E-09 -4.4354182E-06 -5.8184840E-09 -3.2189982E-06
     133.199 -7.7009987E-09 -4.2604742E-06 -5.8756384E-09 -3.2506181E-06
     133.399 -7.0988281E-09 -3.9273314E-06 -5.9247598E-09 -3.2777939E-06
     133.599 -6.3187762E-09 -3.4957781E-06 -5.9641714E-09 -3.2995978E-06
     133.799 -5.4949542E-09 -3.0400097E-06 -5.9922915E-09 -3.3151548E-06
     133.999 -4.7654938E-09 -2.6364455E-06 -6.0076956E-09 -3.3236770E-06
     134.199 -4.2500422E-09 -2.3512788E-06 -6.0091718E-09 -3.3244937E-06
     134.399 -4.0304969E-09 -2.2298183E-06 -5.9957580E-09 -3.3170726E-06
     134.599 -4.1379973E-09 -2.2892915E-06 -5.9667600E-09 -3.3010299E-06
     134.799 -4.5482296E-09 -2.5162470E-06 -5.9217478E-09 -3.2761275E-06
     134.999 -5.1857316E-09 -2.8689364E-06 -5.8605305E-09 -3.2422599E-06
     135.199 -5.9364448E-09 -3.2842584E-06 -5.7831113E-09 -3.1994287E-06
     135.399 -6.6663654E-09 -3.6880772E-06 -5.6896329E-09 -3.1477130E-06
     135.599 -7.2433170E-09 -4.0072679E-06 -5.5803123E-09 -3.0872329E-06
     135.799 -7.5582257E-09 -4.1814869E-06 -5.4553814E-09 -3.0181166E-06
     135.999 -7.5425194E-09 -4.1727976E-06 -5.3150380E-09 -2.9404734E-06
     136.199 -7.1788715E-09 -3.9716143E-06 -5.1594066E-09 -2.8543725E-06
     136.399 -6.5035968E-09 -3.5980277E-06 -4.9885296E-09 -2.7598371E-06
     136.599 -5.6003702E-09 -3.0983297E-06 -4.8023690E-09 -2.6568462E-06
     136.799 -4.5864002E-09 -2.5373643E-06 -4.6008415E-09 -2.5453538E-06
     136.999 -3.5932589E-09 -1.9879223E-06 -4.3838575E-09 -2.4253103E-06
     137.199 -2.7455937E-09 -1.5189629E-06 -4.1513793E-09 -2.2966949E-06
     137.399 -2.1411281E-09 -1.1845504E-06 -3.9034822E-09 -2.1595491E-06
     137.599 -1.8351332E-09 -1.0152628E-06 -3.6403989E-09 -2.0140019E-06
     137.799 -1.8319248E-09 -1.0134878E-06 -3.3625679E-09 -1.8602956E-06
     137.999 -2.0846253E-09 -1.1532910E-06 -3.0706423E-09 -1.6987916E-06
     138.199 -2.5032127E-09 -1.3848688E-06 -2.7654980E-09 -1.5299747E-06
     138.399 -2.9694887E-09 -1.6428298E-06 -2.4481987E-09 -1.3544331E-06
     138.599 -3.3564889E-09 -1.8569324E-06 -2.1199540E-09 -1.1728361E-06
     138.799 -3.5491739E-09 -1.9635328E-06 -1.7820655E-09 -9.8590385E-07
     138.999 -3.4630752E-09 -1.9158999E-06 -1.4358490E-09 -7.9436421E-07
     139.199 -3.0578682E-09 -1.6917246E-06 -1.0825834E-09 -5.9892472E-07
     139.399 -2.3437341E-09 -1.2966395E-06 -7.2344241E-10 -4.0023480E-07
     139.599 -1.3795516E-09 -7.6321839E-07 -3.5947169E-10 -1.9887289E-07
     139.799 -2.6320937E-10 -1.4561705E-07  8.4401108E-12  4.6693780E-09
     139.999  8.8428152E-10  4.8921688E-07  3.7954869E-10  2.0998022E-07
     140.199  1.9382888E-09  1.0723322E-06  7.5321991E-10  4.1670881E-07
     140.399  2.7905724E-09  1.5438467E-06  1.1288974E-09  6.2454732E-07
     140.599  3.3664503E-09  1.8624435E-06  1.5060323E-09  8.3319213E-07
     140.799  3.6365100E-09  2.0118503E-06  1.8840417E-09  1.0423208E-06
     140.999  3.6208932E-09  2.0032106E-06  2.2622446E-09  1.2515565E-06
     141.199  3.3855969E-09  1.8730360E-06  2.6398400E-09  1.4604561E-06
     141.399  3.0313840E-09  1.6770725E-06  3.0158884E-09  1.6684998E-06
     141.599  2.6771775E-09  1.4811125E-06  3.3893148E-09  1.8750929E-06
     141.799  2.4406121E-09  1.3502359E-06  3.7589547E-09  2.0795913E-06
     141.999  2.4189391E-09  1.3382456E-06  4.1235897E-09  2.2813207E-06
     142.199  2.6733196E-09  1.4789782E-06  4.4820230E-09  2.4796191E-06
     142.399  3.2190556E-09  1.7808993E-06  4.8331402E-09  2.6738699E-06
     142.599  4.0232571E-09  2.2258130E-06  5.1759633E-09  2.8635322E-06
     142.799  5.0103335E-09  2.7718998E-06  5.5097080E-09  3.0481720E-06
     142.999  6.0742954E-09  3.3605224E-06  5.8337929E-09  3.2274676E-06
     143.199  7.0959572E-09  3.9257431E-06  6.1478486E-09  3.4012148E-06
     143.399  7.9621032E-09  4.4049268E-06  6.4516753E-09  3.5693028E-06
     143.599  8.5836623E-09  4.7487959E-06  6.7451991E-09  3.7316909E-06
     143.799  8.9098412E-09  4.9292501E-06  7.0283965E-09  3.8883660E-06
     143.999  8.9360363E-09  4.9437422E-06  7.3012106E-09  4.0392968E-06
     144.199  8.7042674E-09  4.8155191E-06  7.5634847E-09  4.1843964E-06
     144.399  8.2960868E-09  4.5896987E-06  7.8148878E-09  4.3234818E-06
     144.599  7.8191485E-09  4.3258390E-06  8.0548848E-09  4.4562569E-06
     144.799  7.3896571E-09  4.0882286E-06  8.2827158E-09  4.5823013E-06
     144.999  7.1134934E-09  3.9354448E-06  8.4974270E-09  4.7010874E-06
     145.199  7.0691155E-09  3.9108933E-06  8.6979215E-09  4.8120083E-06
     145.399  7.2949388E-09  4.0358270E-06  8.8830387E-09  4.9144219E-06
     145.599  7.7832242E-09  4.3059644E-06  9.0516617E-09  5.0077104E-06
     145.799  8.4814123E-09  4.6922276E-06  9.2028192E-09  5.0913362E-06
     145.999  9.3006950E-09  5.1454847E-06  9.3357950E-09  5.1649033E-06
     146.199  1.0130348E-08  5.6044791E-06  9.4502101E-09  5.2282019E-06
     146.399  1.0855595E-08  6.0057121E-06  9.5460858E-09  5.2812439E-06
     146.599  1.1376028E-08  6.2936351E-06  9.6238654E-09  5.3242744E-06
     146.799  1.1621690E-08  6.4295441E-06  9.6843988E-09  5.3577637E-06
     146.999  1.1564245E-08  6.3977632E-06  9.7288911E-09  5.3823784E-06
     147.199  1.1221448E-08  6.2081158E-06  9.7588140E-09  5.3989329E-06
     147.399  1.0654251E-08  5.8943212E-06  9.7757960E-09  5.4083279E-06
     147.599  9.9570366E-09  5.5085969E-06  9.7814975E-09  5.4114822E-06
     147.799  9.2425571E-09  5.1133207E-06  9.7774869E-09  5.4092634E-06
     147.999  8.6240315E-09  4.7711297E-06  9.7651287E-09  5.4024264E-06
     148.199  8.1972682E-09  4.5350286E-06  9.7454955E-09  5.3915646E-06
     148.399  8.0256220E-09  4.4400677E-06  9.7193120E-09  5.3770789E-06
     148.599  8.1302308E-09  4.4979411E-06  9.6869363E-09  5.3591675E-06
     148.799  8.4869966E-09  4.6953170E-06  9.6483765E-09  5.3378348E-06
     148.999  9.0307713E-09  4.9961530E-06  9.6033435E-09  5.3129209E-06
     149.199  9.6660428E-09  5.3476084E-06  9.5513271E-09  5.2841435E-06
     149.399  1.0282349E-08  5.6885713E-06  9.4916902E-09  5.2511502E-06
     149.599  1.0771934E-08  5.9594281E-06  9.4237697E-09  5.2135741E-06
     149.799  1.1046866E-08  6.1115304E-06  9.3469680E-09  5.1710846E-06
     149.999  1.1052813E-08  6.1148207E-06  9.2608338E-09  5.1234320E-06
     150.199  1.0777397E-08  5.9624502E-06  9.1651156E-09  5.0704772E-06
     150.399  1.0251770E-08  5.6716540E-06  9.0597901E-09  5.0122073E-06
     150.599  9.5452811E-09  5.2807987E-06  8.9450647E-09  4.9487370E-06
     150.799  8.7540765E-09  4.8430754E-06  8.8213476E-09  4.8802922E-06
     150.999  7.9855802E-09  4.4179151E-06  8.6892067E-09  4.8071870E-06
     151.199  7.3412742E-09  4.0614614E-06  8.5493053E-09  4.7297884E-06
     151.399  6.9006430E-09  3.8176881E-06  8.4023438E-09  4.6484839E-06
     151.599  6.7087299E-09  3.7115148E-06  8.2489941E-09  4.5636453E-06
     151.799  6.7693440E-09  3.7450487E-06  8.0898519E-09  4.4756020E-06
     151.999  7.0448947E-09  3.8974935E-06  7.9254048E-09  4.3846239E-06
     152.199  7.4628494E-09  4.1287213E-06  7.7560106E-09  4.2909088E-06
     152.399  7.9276998E-09  4.3858935E-06  7.5819063E-09  4.1945879E-06
     152.599  8.3365096E-09  4.6120621E-06  7.4032193E-09  4.0957317E-06
     152.799  8.5954754E-09  4.7553314E-06  7.2200047E-09  3.9943707E-06
     152.999  8.6349004E-09  4.7771428E-06  7.0322742E-09  3.8905113E-06
     153.199  8.4201500E-09  4.6583350E-06  6.8400352E-09  3.7841577E-06
     153.399  7.9569136E-09  4.4020557E-06  6.6433235E-09  3.6753296E-06
     153.599  7.2899475E-09  4.0330656E-06  6.4422175E-09  3.5640704E-06
     153.799  6.4956018E-09  3.5936045E-06  6.2368540E-09  3.4504557E-06
     153.999  5.6693154E-09  3.1364727E-06  6.0274158E-09  3.3345869E-06
     154.199  4.9102175E-09  2.7165119E-06  5.8141244E-09  3.2165863E-06
     154.399  4.3052161E-09  2.3818030E-06  5.5972091E-09  3.0965808E-06
     154.599  3.9152239E-09  2.1660451E-06  5.3768824E-09  2.9746880E-06
     154.799  3.7656492E-09  2.0832949E-06  5.1533183E-09  2.8510042E-06
     154.999  3.8426380E-09  2.1258879E-06  4.9266240E-09  2.7255886E-06
     155.199  4.0956462E-09  2.2658613E-06  4.6968397E-09  2.5984635E-06
     155.399  4.4458542E-09  2.4596091E-06  4.4639305E-09  2.4696097E-06
     155.599  4.7990203E-09  2.6549936E-06  4.2278113E-09  2.3389799E-06
     155.799  5.0607070E-09  2.7997682E-06  3.9883637E-09  2.2065087E-06
     155.999  5.1513866E-09  2.8499355E-06  3.7454736E-09  2.0721330E-06
     156.199  5.0190371E-09  2.7767149E-06  3.4990734E-09  1.9358154E-06
     156.399  4.6472296E-09  2.5710174E-06  3.2491700E-09  1.7975597E-06
     156.599  4.0574595E-09  2.2447350E-06  2.9958856E-09  1.6574335E-06
     156.799  3.3053786E-09  1.8286564E-06  2.7394694E-09  1.5155747E-06
     156.999  2.4716421E-09  1.3674028E-06  2.4803141E-09  1.3722005E-06
     157.199  1.6488053E-09  9.1217938E-07  2.2189406E-09  1.2275991E-06
     157.399  9.2648237E-10  5.1256394E-07  1.9559794E-09  1.0821194E-06
     157.599  3.7712394E-10  2.0863876E-07  1.6921410E-09  9.3615428E-07
     157.799  4.4650462E-11  2.4702269E-08  1.4281631E-09  7.9011209E-07
     157.999 -6.2192119E-11 -3.4406955E-08  1.1647753E-09  6.4439630E-07
     158.199  2.9186255E-11  1.6146904E-08  9.0264318E-10  4.9937522E-07
     158.399  2.6005789E-10  1.4387354E-07  6.4233332E-10  3.5536229E-07
     158.599  5.5016328E-10  3.0437045E-07  3.8428791E-10  2.1260213E-07
     158.799  8.1085917E-10  4.4859695E-07  1.2880014E-10  7.1256949E-08
     158.999  9.5945438E-10  5.3080526E-07 -1.2397604E-10 -6.8588079E-08
     159.199  9.3245762E-10  5.1586967E-07 -3.7402183E-10 -2.0692256E-07
     159.399  6.9559318E-10  3.8482759E-07 -6.2141620E-10 -3.4379018E-07
     159.599  2.4902731E-10  1.3777102E-07 -8.6630766E-10 -4.7927309E-07
     159.799 -3.7299608E-10 -2.0635507E-07 -1.1088677E-09 -6.1346618E-07
     159.999 -1.1079745E-09 -6.1297202E-07 -1.3492436E-09 -7.4645092E-07
     160.199 -1.8754846E-09 -1.0375867E-06 -1.5875267E-09 -8.7827783E-07
     160.399 -2.5902498E-09 -1.4330209E-06 -1.8237100E-09 -1.0089431E-06
     160.599 -3.1759134E-09 -1.7570315E-06 -2.0576757E-09 -1.1383814E-06
     160.799 -3.5771876E-09 -1.9790310E-06 -2.2891754E-09 -1.2664556E-06
     160.999 -3.7685397E-09 -2.0848940E-06 -2.5178414E-09 -1.3929620E-06
     161.199 -3.7579700E-09 -2.0790465E-06 -2.7431965E-09 -1.5176367E-06
     161.399 -3.5853685E-09 -1.9835570E-06 -2.9646753E-09 -1.6401668E-06
     161.599 -3.3157398E-09 -1.8343885E-06 -3.1816618E-09 -1.7602117E-06
     161.799 -3.0284466E-09 -1.6754474E-06 -3.3935155E-09 -1.8774169E-06
     161.999 -2.8042173E-09 -1.5513956E-06 -3.5996132E-09 -1.9914377E-06
     162.199 -2.7120600E-09 -1.5004108E-06 -3.7993731E-09 -2.1019522E-06
     162.399 -2.7981573E-09 -1.5480430E-06 -3.9922874E-09 -2.2086794E-06
     162.599 -3.0785455E-09 -1.7031640E-06 -4.1779388E-09 -2.3113886E-06
     162.799 -3.5366979E-09 -1.9566307E-06 -4.3560090E-09 -2.4099035E-06
     162.999 -4.1263957E-09 -2.2828730E-06 -4.5262894E-09 -2.5041088E-06
     163.199 -4.7793375E-09 -2.6441044E-06 -4.6886698E-09 -2.5939436E-06
     163.399 -5.4162918E-09 -2.9964908E-06 -4.8431364E-09 -2.6794002E-06
     163.599 -5.9598881E-09 -3.2972281E-06 -4.9897506E-09 -2.7605125E-06
     163.799 -6.3470672E-09 -3.5114298E-06 -5.1286376E-09 -2.8373499E-06
     163.999 -6.5391123E-09 -3.6176761E-06 -5.2599649E-09 -2.9100050E-06
     164.199 -6.5277110E-09 -3.6113685E-06 -5.3839210E-09 -2.9785820E-06
     164.399 -6.3360960E-09 -3.5053601E-06 -5.5007012E-09 -3.0431891E-06
     164.599 -6.0151075E-09 -3.3277775E-06 -5.6104853E-09 -3.1039257E-06
     164.799 -5.6348453E-09 -3.1174025E-06 -5.7134262E-09 -3.1608764E-06
     164.999 -5.2733064E-09 -2.9173860E-06 -5.8096328E-09 -3.2141014E-06
     165.199 -5.0038144E-09 -2.7682931E-06 -5.8991625E-09 -3.2636325E-06
     165.399 -4.8833077E-09 -2.7016245E-06 -5.9820122E-09 -3.3094680E-06
     165.599 -4.9433321E-09 -2.7348321E-06 -6.0581126E-09 -3.3515695E-06
     165.799 -5.1851661E-09 -2.8686236E-06 -6.1273306E-09 -3.3898634E-06
     165.999 -5.5798314E-09 -3.0869669E-06 -6.1894691E-09 -3.4242407E-06
     166.199 -6.0729546E-09 -3.3597806E-06 -6.2442770E-09 -3.4545625E-06
     166.399 -6.5936488E-09 -3.6478477E-06 -6.2914593E-09 -3.4806654E-06
     166.599 -7.0659570E-09 -3.9091459E-06 -6.3306910E-09 -3.5023699E-06
     166.799 -7.4210377E-09 -4.1055895E-06 -6.3616365E-09 -3.5194900E-06
     166.999 -7.6080749E-09 -4.2090653E-06 -6.3839669E-09 -3.5318440E-06
     167.199 -7.6022373E-09 -4.2058358E-06 -6.3973808E-09 -3.5392651E-06
     167.399 -7.4083890E-09 -4.0985918E-06 -6.4016216E-09 -3.5416112E-06
     167.599 -7.0600213E-09 -3.9058621E-06 -6.3964932E-09 -3.5387740E-06
     167.799 -6.6136056E-09 -3.6588885E-06 -6.3818706E-09 -3.5306843E-06
     167.999 -6.1393301E-09 -3.3965020E-06 -6.3577057E-09 -3.5173154E-06
     168.199 -5.7097011E-09 -3.1588155E-06 -6.3240264E-09 -3.4986827E-06
     168.399 -5.3879108E-09 -2.9807893E-06 -6.2809308E-09 -3.4748407E-06
     168.599 -5.2177765E-09 -2.8866649E-06 -6.2285753E-09 -3.4458757E-06
     168.799 -5.2169100E-09 -2.8861854E-06 -6.1671600E-09 -3.4118985E-06
     168.999 -5.3741365E-09 -2.9731689E-06 -6.0969107E-09 -3.3730340E-06
     169.199 -5.6515737E-09 -3.1266573E-06 -6.0180623E-09 -3.3294122E-06
     169.399 -5.9909683E-09 -3.3144228E-06 -5.9308452E-09 -3.2811605E-06
     169.599 -6.3232642E-09 -3.4982610E-06 -5.8354722E-09 -3.2283967E-06
     169.799 -6.5798018E-09 -3.6401870E-06 -5.7321373E-09 -3.1712280E-06
     169.999 -6.7033780E-09 -3.7085539E-06 -5.6210125E-09 -3.1097497E-06
     170.199 -6.6573514E-09 -3.6830903E-06 -5.5022602E-09 -3.0440516E-06
     170.399 -6.4313820E-09 -3.5580758E-06 -5.3760410E-09 -2.9742225E-06
     170.599 -6.0428889E-09 -3.3431472E-06 -5.2425318E-09 -2.9003604E-06
     170.799 -5.5340562E-09 -3.0616424E-06 -5.1019447E-09 -2.8225824E-06
     170.999 -4.9648701E-09 -2.7467477E-06 -4.9545377E-09 -2.7410315E-06
     171.199 -4.4033956E-09 -2.4361195E-06 -4.8006328E-09 -2.6558857E-06
     171.399 -3.9148106E-09 -2.1658165E-06 -4.6406156E-09 -2.5673583E-06
     171.599 -3.5510462E-09 -1.9645687E-06 -4.4749406E-09 -2.4757008E-06
     171.799 -3.3426164E-09 -1.8492577E-06 -4.3041166E-09 -2.3811947E-06
     171.999 -3.2939934E-09 -1.8223576E-06 -4.1286931E-09 -2.2841441E-06
     172.198 -3.3831986E-09 -1.8717092E-06 -3.9492414E-09 -2.1848648E-06
     172.398 -3.5656522E-09 -1.9726493E-06 -3.7663227E-09 -2.0836675E-06
     172.598 -3.7816187E-09 -2.0921298E-06 -3.5804697E-09 -1.9808468E-06
     172.798 -3.9660271E-09 -2.1941513E-06 -3.3921557E-09 -1.8766646E-06
     172.998 -4.0590454E-09 -2.2456124E-06 -3.2017841E-09 -1.7713441E-06
     173.198 -4.0157251E-09 -2.2216460E-06 -3.0096712E-09 -1.6650602E-06
     173.398 -3.8131471E-09 -2.1095725E-06 -2.8160482E-09 -1.5579409E-06
     173.598 -3.4539647E-09 -1.9108596E-06 -2.6210727E-09 -1.4500733E-06
     173.798 -2.9657780E-09 -1.6407769E-06 -2.4248400E-09 -1.3415102E-06
     173.998 -2.3965152E-09 -1.3258399E-06 -2.2274164E-09 -1.2322882E-06
     174.198 -1.8065484E-09 -9.9944863E-07 -2.0288627E-09 -1.1224411E-06
     174.398 -1.2588937E-09 -6.9646603E-07 -1.8292695E-09 -1.0120188E-06
     174.598 -8.0907161E-10 -4.4760801E-07 -1.6287906E-09 -9.0110653E-07
     174.798 -4.9623889E-10 -2.7453751E-07 -1.4276610E-09 -7.8983429E-07
     174.998 -3.3707078E-10 -1.8647989E-07 -1.2262229E-09 -6.7839137E-07
     175.198 -3.2329717E-10 -1.7885982E-07 -1.0249251E-09 -5.6702605E-07
     175.398 -4.2330701E-10 -2.3418892E-07 -8.2432808E-10 -4.5604845E-07
     175.598 -5.8750470E-10 -3.2502909E-07 -6.2508389E-10 -3.4581927E-07
     175.798 -7.5653748E-10 -4.1854421E-07 -4.2791678E-10 -2.3673922E-07
     175.998 -8.7103620E-10 -4.8188909E-07 -2.3359741E-10 -1.2923463E-07
     176.198 -8.8130067E-10 -4.8756777E-07 -4.2903505E-11 -2.3735788E-08
     176.398 -7.5535027E-10 -4.1788740E-07  1.4340521E-10  7.9337006E-08
     176.598 -4.8406379E-10 -2.6780180E-07  3.2462462E-10  1.7959421E-07
     176.798 -8.2601363E-11 -4.5698096E-08  5.0012327E-10  2.7668649E-07
     176.998  4.1211368E-10  2.2799636E-07  6.6936573E-10  3.7031761E-07
     177.198  9.4739973E-10  5.2413618E-07  8.3191808E-10  4.6024752E-07
     177.398  1.4633200E-09  8.0956215E-07  9.8744545E-10  5.4629094E-07
     177.598  1.9023331E-09  1.0524402E-06  1.1357097E-09  6.2831612E-07
     177.798  2.2184669E-09  1.2273370E-06  1.2765491E-09  7.0623365E-07
     177.998  2.3846133E-09  1.3192553E-06  1.4098670E-09  7.7999002E-07
     178.198  2.3967201E-09  1.3259532E-06  1.5356071E-09  8.4955404E-07
     178.398  2.2742736E-09  1.2582114E-06  1.6537403E-09  9.1490963E-07
     178.598  2.0569872E-09  1.1380006E-06  1.7642479E-09  9.7604647E-07
     178.798  1.7982775E-09  9.9487291E-07  1.8671100E-09  1.0329535E-06
     178.998  1.5565740E-09  8.6115370E-07  1.9623039E-09  1.0856183E-06
     179.198  1.3859033E-09  7.6673239E-07  2.0498003E-09  1.1340245E-06
     179.398  1.3272328E-09  7.3427372E-07  2.1295705E-09  1.1781563E-06
     179.598  1.4019903E-09  7.7563233E-07  2.2015899E-09  1.2180001E-06
     179.798  1.6087625E-09  8.9002628E-07  2.2658485E-09  1.2535502E-06
     179.998  1.9236953E-09  1.0642586E-06  2.3223568E-09  1.2848127E-06
     180.198  2.3044881E-09  1.2749271E-06  2.3711502E-09  1.3118070E-06
     180.398  2.6973440E-09  1.4922694E-06  2.4122927E-09  1.3345686E-06
     180.598  3.0456933E-09  1.6849890E-06  2.4458732E-09  1.3531465E-06
     180.798  3.2993289E-09  1.8253094E-06  2.4720021E-09  1.3676020E-06
     180.998  3.4224282E-09  1.8934125E-06  2.4908026E-09  1.3780031E-06
     181.198  3.3992286E-09  1.8805776E-06  2.5024025E-09  1.3844206E-06
     181.398  3.2364223E-09  1.7905072E-06  2.5069250E-09  1.3869226E-06
     181.598  2.9619378E-09  1.6386523E-06  2.5044822E-09  1.3855712E-06
     181.798  2.6203059E-09  1.4496491E-06  2.4951717E-09  1.3804202E-06
     181.998  2.2654064E-09  1.2533057E-06  2.4790772E-09  1.3715162E-06
     182.198  1.9517434E-09  1.0797759E-06  2.4562744E-09  1.3589009E-06
     182.398  1.7257082E-09  9.5472490E-07  2.4268409E-09  1.3426172E-06
     182.598  1.6181860E-09  8.9523971E-07  2.3908697E-09  1.3227166E-06
     182.798  1.6397290E-09  9.0715808E-07  2.3484847E-09  1.2992677E-06
     182.998  1.7790250E-09  9.8422170E-07  2.2998579E-09  1.2723655E-06
     183.198  2.0049020E-09  1.1091851E-06  2.2452218E-09  1.2421388E-06
     183.398  2.2715111E-09  1.2566830E-06  2.1848820E-09  1.2087566E-06
     183.598  2.5258515E-09  1.3973934E-06  2.1192206E-09  1.1724304E-06
     183.798  2.7163922E-09  1.5028075E-06  2.0486962E-09  1.1334137E-06
     183.998  2.8014092E-09  1.5498421E-06  1.9738371E-09  1.0919989E-06
     184.198  2.7557061E-09  1.5245574E-06  1.8952251E-09  1.0485079E-06
     184.398  2.5746349E-09  1.4243822E-06  1.8134796E-09  1.0032832E-06
     184.598  2.2747957E-09  1.2585002E-06  1.7292317E-09  9.5667426E-07
     184.798  1.8913317E-09  1.0463539E-06  1.6431045E-09  9.0902551E-07
     184.998  1.4722517E-09  8.1450351E-07  1.5556867E-09  8.6066279E-07
     185.198  1.0707353E-09  5.9236995E-07  1.4675151E-09  8.1188303E-07
     185.398  7.3665945E-10  4.0754695E-07  1.3790611E-09  7.6294705E-07
     185.598  5.0868646E-10  2.8142396E-07  1.2907198E-09  7.1407341E-07
     185.798  4.0822146E-10  2.2584305E-07  1.2028122E-09  6.6543973E-07
     185.998  4.3614948E-10  2.4129385E-07  1.1155876E-09  6.1718387E-07
     186.198  5.7288842E-10  3.1694283E-07  1.0292384E-09  5.6941232E-07
     186.398  7.8171012E-10  4.3247064E-07  9.4391327E-10  5.2220735E-07
     186.598  1.0147808E-09  5.6141387E-07  8.5973718E-10  4.7563806E-07
     186.798  1.2209272E-09  6.7546159E-07  7.7683146E-10  4.2977158E-07
     186.998  1.3538908E-09  7.4902193E-07  6.9532837E-10  3.8468109E-07
     187.198  1.3797197E-09  7.6331142E-07  6.1538827E-10  3.4045530E-07
     187.398  1.2821460E-09  7.0933007E-07  5.3720546E-10  2.9720171E-07
     187.598  1.0650879E-09  5.8924561E-07  4.6101478E-10  2.5505024E-07
     187.798  7.5190138E-10  4.1597935E-07  3.8708657E-10  2.1415045E-07
     187.998  3.8152793E-10  2.1107520E-07  3.1572032E-10  1.7466803E-07
     188.198  2.1868085E-12  1.2098225E-09  2.4723389E-10  1.3677883E-07
     188.398 -3.3638814E-10 -1.8610222E-07  1.8194650E-10  1.0065946E-07
     188.598 -5.9086735E-10 -3.2688943E-07  1.2016571E-10  6.6480069E-08
     188.798 -7.3118266E-10 -4.0451699E-07  6.2169630E-11  3.4394513E-08
     188.998 -7.4518736E-10 -4.1226491E-07  8.1961610E-12  4.5344161E-09
     189.198 -6.4042716E-10 -3.5430773E-07 -4.1569110E-11 -2.2997552E-08
     189.398 -4.4273705E-10 -2.4493833E-07 -8.6998142E-11 -4.8130555E-08
     189.598 -1.9193534E-10 -1.0618565E-07 -1.2802191E-10 -7.0826405E-08
     189.798  6.4693542E-11  3.5790834E-08 -1.6463012E-10 -9.1079403E-08
     189.998  2.8003674E-10  1.5492657E-07 -1.9686441E-10 -1.0891259E-07
     190.198  4.1471102E-10  2.2943330E-07 -2.2481239E-10 -1.2437444E-07
     190.398  4.4329704E-10  2.4524814E-07 -2.4859743E-10 -1.3753319E-07
     190.598  3.5829036E-10  1.9821933E-07 -2.6837053E-10 -1.4847239E-07
     190.798  1.7113259E-10  9.4676809E-08 -2.8430122E-10 -1.5728583E-07
     190.998 -8.9799352E-11 -4.9680286E-08 -2.9656997E-10 -1.6407335E-07
     191.198 -3.8391948E-10 -2.1239830E-07 -3.0536287E-10 -1.6893791E-07
     191.398 -6.6506566E-10 -3.6793865E-07 -3.1086693E-10 -1.7198296E-07
     191.598 -8.8899375E-10 -4.9182386E-07 -3.1326760E-10 -1.7331110E-07
     191.798 -1.0204900E-09 -5.6457240E-07 -3.1274677E-10 -1.7302295E-07
     191.998 -1.0389826E-09 -5.7480320E-07 -3.0948148E-10 -1.7121648E-07
     192.198 -9.4176265E-10 -5.2101755E-07 -3.0364258E-10 -1.6798618E-07
     192.398 -7.4430789E-10 -4.1177835E-07 -2.9539312E-10 -1.6342228E-07
     192.598 -4.7768193E-10 -2.6427112E-07 -2.8488586E-10 -1.5760928E-07
     192.798 -1.8346038E-10 -1.0149700E-07 -2.7226085E-10 -1.5062466E-07
     192.998  9.3007493E-11  5.1455147E-08 -2.5764208E-10 -1.4253703E-07
     193.198  3.0988115E-10  1.7143759E-07 -2.4113495E-10 -1.3340468E-07
     193.398  4.3549633E-10  2.4093250E-07 -2.2282463E-10 -1.2327474E-07
     193.598  4.5336074E-10  2.5081574E-07 -2.0277516E-10 -1.1218264E-07
     193.798  3.6466970E-10  2.0174862E-07 -1.8103177E-10 -1.0015340E-07
     193.998  1.8797312E-10  1.0399361E-07 -1.5762408E-10 -8.7203407E-08
     194.198 -4.3934148E-11 -2.4305978E-08 -1.3257328E-10 -7.3344390E-08
     194.398 -2.8938927E-10 -1.6010073E-07 -1.0589978E-10 -5.8587630E-08
     194.598 -5.0461177E-10 -2.7916969E-07 -7.7633429E-11 -4.2949653E-08
     194.798 -6.5074123E-10 -3.6001385E-07 -4.7824597E-11 -2.6458316E-08
     194.998 -7.0004384E-10 -3.8728986E-07 -1.6553248E-11 -9.1578623E-09
     195.198 -6.4027924E-10 -3.5422590E-07  1.6061307E-11  8.8857027E-09
     195.398 -4.7656127E-10 -2.6365113E-07  4.9855800E-11  2.7582052E-08
     195.598 -2.3042873E-10 -1.2748160E-07  8.4619409E-11  4.6814552E-08
     195.798  6.3709020E-11  3.5246160E-08  1.2009681E-10  6.6441949E-08
     195.998  3.6414907E-10  2.0146059E-07  1.5599393E-10  8.6301550E-08
     196.198  6.2858620E-10  3.4775688E-07  1.9198779E-10  1.0621467E-07
     196.398  8.2085662E-10  4.5412791E-07  2.2774159E-10  1.2599498E-07
     196.598  9.1662064E-10  5.0710807E-07  2.6291962E-10  1.4545675E-07
     196.798  9.0711873E-10  5.0185127E-07  2.9720610E-10  1.6442528E-07
     196.998  8.0039035E-10  4.4280522E-07  3.3032092E-10  1.8274561E-07
     197.198  6.1979803E-10  3.4289494E-07  3.6203619E-10  2.0029166E-07
     197.398  4.0011122E-10  2.2135616E-07  3.9218800E-10  2.1697275E-07
     197.598  1.8180859E-10  1.0058316E-07  4.2068410E-10  2.3273783E-07
     197.798  4.5110026E-12  2.4956516E-09  4.4750832E-10  2.4757797E-07
     197.998 -9.9366686E-11 -5.4973285E-08  4.7271767E-10  2.6152471E-07
     198.198 -1.0975611E-10 -6.0721096E-08  4.9643682E-10  2.7464701E-07
     198.398 -2.2030741E-11 -1.2188212E-08  5.1884617E-10  2.8704468E-07
     198.598  1.5240826E-10  8.4317826E-08  5.4016830E-10  2.9884086E-07
     198.798  3.8813537E-10  2.1473068E-07  5.6065097E-10  3.1017263E-07
     198.998  6.4993761E-10  3.5956926E-07  5.8054919E-10  3.2118105E-07
     199.198  8.9860446E-10  4.9714086E-07  6.0010846E-10  3.3200195E-07
     199.398  1.0972950E-09  6.0706373E-07  6.1954788E-10  3.4275655E-07
     199.598  1.2174874E-09  6.7355857E-07  6.3904721E-10  3.5354429E-07
     199.798  1.2435251E-09  6.8796359E-07  6.5873596E-10  3.6443683E-07
     199.998  1.1750585E-09  6.5008536E-07  6.7868612E-10  3.7547399E-07
