 # k       S(k)       S(k)_form^2       S(k)_Lorch          S(k)_Lorch_form^2
       0.200 -3.8666454E+00 -3.7631674E+00 -5.1208983E-01 -4.9838544E-01
       0.400 -3.5904979E+00 -3.4943900E+00 -4.5687738E-01 -4.4464802E-01
       0.600 -3.1546084E+00 -3.0701388E+00 -3.6955185E-01 -3.5965652E-01
       0.800 -2.5930374E+00 -2.5235710E+00 -2.5674236E-01 -2.4986434E-01
       1.000 -1.9488018E+00 -1.8965615E+00 -1.2694256E-01 -1.2353970E-01
       1.200 -1.2698273E+00 -1.2357618E+00  1.0186878E-02  9.9135969E-03
       1.400 -6.0454518E-01 -5.8831252E-01  1.4459749E-01  1.4071489E-01
       1.600  2.4001178E-03  2.3356050E-03  2.6664288E-01  2.5947578E-01
       1.800  5.1389286E-01  5.0006364E-01  3.6780911E-01  3.5791111E-01
       2.000  9.0317111E-01  8.7883410E-01  4.4132304E-01  4.2943107E-01
       2.200  1.1554856E+00  1.1243043E+00  4.8258987E-01  4.6956697E-01
       2.400  1.2684815E+00  1.2341964E+00  4.8942915E-01  4.7620064E-01
       2.600  1.2513397E+00  1.2174594E+00  4.6209895E-01  4.4958750E-01
       2.800  1.1228494E+00  1.0923911E+00  4.0311808E-01  3.9218314E-01
       3.000  9.0869333E-01  8.8399474E-01  3.1691494E-01  3.0830108E-01
       3.200  6.3829634E-01  6.2091003E-01  2.0934612E-01  2.0364382E-01
       3.400  3.4161244E-01  3.3228616E-01  8.7137055E-02  8.4758147E-02
       3.600  4.6204091E-02  4.4939635E-02 -4.2699121E-02 -4.1530585E-02
       3.800 -2.2509500E-01 -2.1891915E-01 -1.7341075E-01 -1.6865295E-01
       4.000 -4.5573473E-01 -4.4319728E-01 -2.9897873E-01 -2.9075370E-01
       4.200 -6.3613181E-01 -6.1858213E-01 -4.1447470E-01 -4.0304012E-01
       4.400 -7.6350327E-01 -7.4237732E-01 -5.1628593E-01 -5.0200043E-01
       4.600 -8.4097132E-01 -8.1762987E-01 -6.0220121E-01 -5.8548691E-01
       4.800 -8.7613553E-01 -8.5173962E-01 -6.7136626E-01 -6.5267213E-01
       5.000 -8.7935188E-01 -8.5478414E-01 -7.2412896E-01 -7.0389791E-01
       5.200 -8.6196690E-01 -8.3780076E-01 -7.6180333E-01 -7.4044538E-01
       5.400 -8.3473097E-01 -8.1124361E-01 -7.8638561E-01 -7.6425856E-01
       5.600 -8.0656542E-01 -7.8378533E-01 -8.0025584E-01 -7.7765396E-01
       5.800 -7.8378682E-01 -7.6156406E-01 -8.0589742E-01 -7.8304776E-01
       6.000 -7.6982274E-01 -7.4790826E-01 -8.0565699E-01 -7.8272242E-01
       6.200 -7.6537770E-01 -7.4349947E-01 -8.0156358E-01 -7.7865099E-01
       6.400 -7.6895454E-01 -7.4688018E-01 -7.9521434E-01 -7.7238614E-01
       6.600 -7.7759909E-01 -7.5517839E-01 -7.8772665E-01 -7.6501394E-01
       6.800 -7.8772230E-01 -7.6490695E-01 -7.7974976E-01 -7.5716532E-01
       7.000 -7.9586396E-01 -7.7270563E-01 -7.7152271E-01 -7.4907267E-01
       7.200 -7.9929021E-01 -7.7592118E-01 -7.6296320E-01 -7.4065627E-01
       7.400 -7.9635685E-01 -7.7295961E-01 -7.5377115E-01 -7.3162509E-01
       7.600 -7.8661838E-01 -7.6339132E-01 -7.4353137E-01 -7.2157656E-01
       7.800 -7.7070377E-01 -7.4782973E-01 -7.3180301E-01 -7.1008353E-01
       8.000 -7.5001706E-01 -7.2764001E-01 -7.1818808E-01 -6.9676066E-01
       8.200 -7.2633991E-01 -7.0455286E-01 -7.0237355E-01 -6.8130538E-01
       8.400 -7.0142002E-01 -6.8026497E-01 -6.8414725E-01 -6.6351316E-01
       8.600 -6.7662227E-01 -6.5610080E-01 -6.6339130E-01 -6.4327111E-01
       8.800 -6.5269536E-01 -6.3278642E-01 -6.4005714E-01 -6.2053370E-01
       9.000 -6.2968214E-01 -6.1036325E-01 -6.1412922E-01 -5.9528750E-01
       9.200 -6.0697311E-01 -5.8824040E-01 -5.8558582E-01 -5.6751317E-01
       9.400 -5.8347312E-01 -5.6535683E-01 -5.5436115E-01 -5.3714875E-01
       9.600 -5.5783652E-01 -5.4040969E-01 -5.2031477E-01 -5.0406012E-01
       9.800 -5.2871804E-01 -5.1209756E-01 -4.8321386E-01 -4.6802383E-01
      10.000 -4.9498590E-01 -4.7932689E-01 -4.4272742E-01 -4.2872162E-01
      10.200 -4.5585900E-01 -4.4134465E-01 -3.9843430E-01 -3.8574833E-01
      10.400 -4.1094923E-01 -3.9777901E-01 -3.4984650E-01 -3.3863452E-01
      10.600 -3.6020726E-01 -3.4858644E-01 -2.9644260E-01 -2.8687892E-01
      10.800 -3.0379311E-01 -2.9392616E-01 -2.3771043E-01 -2.2998979E-01
      11.000 -2.4191092E-01 -2.3400012E-01 -1.7319951E-01 -1.6753566E-01
      11.200 -1.7464412E-01 -1.6889346E-01 -1.0257318E-01 -9.9195665E-02
      11.400 -1.0184144E-01 -9.8464484E-02 -2.5665831E-02 -2.4814779E-02
      11.600 -2.3078832E-02 -2.2308127E-02  5.7465691E-02  5.5546655E-02
      11.800  6.2283510E-02  6.0188640E-02  1.4649776E-01  1.4157039E-01
      12.000  1.5494739E-01  1.4969795E-01  2.4080209E-01  2.3264399E-01
      12.200  2.5545429E-01  2.4673622E-01  3.3942543E-01  3.2784162E-01
      12.400  3.6392839E-01  3.5141618E-01  4.4108697E-01  4.2592197E-01
      12.600  4.7982497E-01  4.6320447E-01  5.4419094E-01  5.2534088E-01
      12.800  6.0174069E-01  5.8073948E-01  6.4686544E-01  6.2428934E-01
      13.000  7.2731872E-01  7.0174094E-01  7.4702066E-01  7.2075001E-01
      13.200  8.5327411E-01  8.2303573E-01  8.4242463E-01  8.1257073E-01
      13.400  9.7555592E-01  9.4071567E-01  9.3080021E-01  8.9755833E-01
      13.600  1.0896223E+00  1.0504038E+00  1.0099283E+00  9.7357826E-01
      13.800  1.1908038E+00  1.1476056E+00  1.0777561E+00  1.0386589E+00
      14.000  1.2747160E+00  1.2281066E+00  1.1325054E+00  1.0910959E+00
      14.200  1.3376572E+00  1.2883555E+00  1.1727651E+00  1.1295407E+00
      14.400  1.3769544E+00  1.3257961E+00  1.1975692E+00  1.1530757E+00
      14.600  1.3912036E+00  1.3390978E+00  1.2064480E+00  1.1612619E+00
      14.800  1.3803822E+00  1.3282610E+00  1.1994507E+00  1.1541612E+00
      15.000  1.3458198E+00  1.2945880E+00  1.1771378E+00  1.1323273E+00
      15.200  1.2900366E+00  1.2405247E+00  1.1405437E+00  1.0967695E+00
      15.400  1.2164712E+00  1.1693974E+00  1.0911109E+00  1.0488882E+00
      15.600  1.1291392E+00  1.0850828E+00  1.0306036E+00  9.9039176E-01
      15.800  1.0322667E+00  9.9165488E-01  9.6100873E-01  9.2320033E-01
      16.000  9.2993669E-01  8.9304526E-01  8.8442625E-01  8.4934025E-01
      16.200  8.2580011E-01  7.9276547E-01  8.0296696E-01  7.7084572E-01
      16.400  7.2286465E-01  6.9370487E-01  7.1865420E-01  6.8966426E-01
      16.600  6.2338746E-01  5.9802876E-01  6.3334475E-01  6.0758100E-01
      16.800  5.2886654E-01  5.0717130E-01  5.4866994E-01  5.2616233E-01
      17.000  4.4011204E-01  4.2190507E-01  4.6599436E-01  4.4671667E-01
      17.200  3.5738618E-01  3.4247631E-01  3.8640297E-01  3.7028254E-01
      17.400  2.8056866E-01  2.6876433E-01  3.1070188E-01  2.9762975E-01
      17.600  2.0933000E-01  2.0044815E-01  2.3943989E-01  2.2928049E-01
      17.800  1.4328209E-01  1.3715103E-01  1.7294176E-01  1.6554156E-01
      18.000  8.2085343E-02  7.8543068E-02  1.1134494E-01  1.0654001E-01
      18.200  2.5511940E-02  2.4401658E-02  5.4643950E-02  5.2265841E-02
      18.400 -2.6544364E-02 -2.5379342E-02  2.7276759E-03  2.6079592E-03
      18.600 -7.4093393E-02 -7.0813865E-02 -4.4583261E-02 -4.2609913E-02
      18.800 -1.1710344E-01 -1.1187625E-01 -8.7510102E-02 -8.3603879E-02
      19.000 -1.5556250E-01 -1.4855978E-01 -1.2629421E-01 -1.2060902E-01
      19.200 -1.8953334E-01 -1.8092925E-01 -1.6118285E-01 -1.5386576E-01
      19.400 -2.1919174E-01 -2.0915726E-01 -1.9242280E-01 -1.8361378E-01
      19.600 -2.4483656E-01 -2.3353361E-01 -2.2025571E-01 -2.1008754E-01
      19.800 -2.6687593E-01 -2.5445193E-01 -2.4491869E-01 -2.3351688E-01
      20.000 -2.8579001E-01 -2.7237391E-01 -2.6664443E-01 -2.5412709E-01
      20.200 -3.0208081E-01 -2.8778134E-01 -2.8566149E-01 -2.7213926E-01
      20.400 -3.1621994E-01 -3.0112635E-01 -3.0219471E-01 -2.8777056E-01
      20.600 -3.2860261E-01 -3.1278762E-01 -3.1646298E-01 -3.0123225E-01
      20.800 -3.3951825E-01 -3.2304259E-01 -3.2867743E-01 -3.1272783E-01
      21.000 -3.4914035E-01 -3.3205798E-01 -3.3903806E-01 -3.2244997E-01
      21.200 -3.5753686E-01 -3.3989993E-01 -3.4773069E-01 -3.3057750E-01
      21.400 -3.6469785E-01 -3.4656049E-01 -3.5492486E-01 -3.3727354E-01
      21.600 -3.7057294E-01 -3.5199331E-01 -3.6077212E-01 -3.4268389E-01
      21.800 -3.7511183E-01 -3.5615221E-01 -3.6540624E-01 -3.4693718E-01
      22.000 -3.7829913E-01 -3.5902423E-01 -3.6894419E-01 -3.5014594E-01
      22.200 -3.8017773E-01 -3.6065175E-01 -3.7148830E-01 -3.5240861E-01
      22.400 -3.8085730E-01 -3.6114040E-01 -3.7312910E-01 -3.5381228E-01
      22.600 -3.8050704E-01 -3.6065206E-01 -3.7394811E-01 -3.5443538E-01
      22.800 -3.7933574E-01 -3.5938588E-01 -3.7402048E-01 -3.5435016E-01
      23.000 -3.7756375E-01 -3.5755156E-01 -3.7341685E-01 -3.5362446E-01
      23.200 -3.7539303E-01 -3.5534108E-01 -3.7220444E-01 -3.5232281E-01
      23.400 -3.7298133E-01 -3.5290424E-01 -3.7044724E-01 -3.5050656E-01
      23.600 -3.7042538E-01 -3.5033286E-01 -3.6820561E-01 -3.4823350E-01
      23.800 -3.6775576E-01 -3.4765608E-01 -3.6553533E-01 -3.4555701E-01
      24.000 -3.6494393E-01 -3.4484713E-01 -3.6248670E-01 -3.4252521E-01
      24.200 -3.6191945E-01 -3.4183968E-01 -3.5910385E-01 -3.3918029E-01
      24.400 -3.5859326E-01 -3.3854996E-01 -3.5542442E-01 -3.3555825E-01
      24.600 -3.5488269E-01 -3.3490038E-01 -3.5148007E-01 -3.3168936E-01
      24.800 -3.5073293E-01 -3.3083975E-01 -3.4729728E-01 -3.2759897E-01
      25.000 -3.4613147E-01 -3.2635686E-01 -3.4289884E-01 -3.2330891E-01
      25.200 -3.4111320E-01 -3.2148517E-01 -3.3830554E-01 -3.1883906E-01
      25.400 -3.3575551E-01 -3.1629813E-01 -3.3353757E-01 -3.1420873E-01
      25.600 -3.3016570E-01 -3.1089724E-01 -3.2861602E-01 -3.0943800E-01
      25.800 -3.2446291E-01 -3.0539494E-01 -3.2356335E-01 -3.0454825E-01
      26.000 -3.1875912E-01 -2.9989674E-01 -3.1840375E-01 -2.9956241E-01
      26.200 -3.1314236E-01 -2.9448546E-01 -3.1316236E-01 -2.9450426E-01
      26.400 -3.0766570E-01 -2.8921086E-01 -3.0786425E-01 -2.8939751E-01
      26.600 -3.0234347E-01 -2.8408629E-01 -3.0253314E-01 -2.8426450E-01
      26.800 -2.9715479E-01 -2.7909194E-01 -2.9718955E-01 -2.7912459E-01
      27.000 -2.9205356E-01 -2.7418439E-01 -2.9184971E-01 -2.7399301E-01
      27.200 -2.8698183E-01 -2.6930916E-01 -2.8652427E-01 -2.6887977E-01
      27.400 -2.8188405E-01 -2.6441410E-01 -2.8121782E-01 -2.6378917E-01
      27.600 -2.7671906E-01 -2.5946067E-01 -2.7592902E-01 -2.5871990E-01
      27.800 -2.7146734E-01 -2.5443064E-01 -2.7065087E-01 -2.5366541E-01
      28.000 -2.6613271E-01 -2.4932769E-01 -2.6537195E-01 -2.4861497E-01
      28.200 -2.6073799E-01 -2.4417327E-01 -2.6007739E-01 -2.4355465E-01
      28.400 -2.5531647E-01 -2.3899862E-01 -2.5475031E-01 -2.3846864E-01
      28.600 -2.4990102E-01 -2.3383450E-01 -2.4937306E-01 -2.3334048E-01
      28.800 -2.4451307E-01 -2.2870093E-01 -2.4392809E-01 -2.2815378E-01
      29.000 -2.3915464E-01 -2.2359975E-01 -2.3839885E-01 -2.2289312E-01
      29.200 -2.3380424E-01 -2.1851082E-01 -2.3277002E-01 -2.1754425E-01
      29.400 -2.2841820E-01 -2.1339332E-01 -2.2702776E-01 -2.1209434E-01
      29.600 -2.2293677E-01 -2.0819144E-01 -2.2115977E-01 -2.0653197E-01
      29.800 -2.1729345E-01 -2.0284319E-01 -2.1515499E-01 -2.0084694E-01
      30.000 -2.1142630E-01 -1.9729092E-01 -2.0900380E-01 -1.9503038E-01
      30.200 -2.0528803E-01 -1.9149069E-01 -2.0269782E-01 -1.8907457E-01
      30.400 -1.9885359E-01 -1.8541941E-01 -1.9623019E-01 -1.8297324E-01
      30.600 -1.9212357E-01 -1.7907786E-01 -1.8959595E-01 -1.7672187E-01
      30.800 -1.8512250E-01 -1.7248916E-01 -1.8279221E-01 -1.7031790E-01
      31.000 -1.7789332E-01 -1.6569351E-01 -1.7581882E-01 -1.6376128E-01
      31.200 -1.7048830E-01 -1.5873974E-01 -1.6867845E-01 -1.5705460E-01
      31.400 -1.6295921E-01 -1.5167611E-01 -1.6137685E-01 -1.5020331E-01
      31.600 -1.5534828E-01 -1.4454197E-01 -1.5392301E-01 -1.4321585E-01
      31.800 -1.4768157E-01 -1.3736155E-01 -1.4632863E-01 -1.3610316E-01
      32.000 -1.3996670E-01 -1.3014190E-01 -1.3860802E-01 -1.2887858E-01
      32.200 -1.3219433E-01 -1.2287427E-01 -1.3077730E-01 -1.2155714E-01
      32.400 -1.2434367E-01 -1.1553931E-01 -1.2285396E-01 -1.1415507E-01
      32.600 -1.1639056E-01 -1.0811453E-01 -1.1485636E-01 -1.0668943E-01
      32.800 -1.0831581E-01 -1.0058211E-01 -1.0680310E-01 -9.9177407E-02
      33.000 -1.0011316E-01 -9.2936228E-02 -9.8713024E-02 -9.1636464E-02
      33.200 -9.1793851E-02 -8.5187299E-02 -9.0604931E-02 -8.4083948E-02
      33.400 -8.3388303E-02 -7.7363527E-02 -8.2498041E-02 -7.6537586E-02
      33.600 -7.4943360E-02 -6.9508299E-02 -7.4412064E-02 -6.9015534E-02
      33.800 -6.6516738E-02 -6.1675030E-02 -6.6367770E-02 -6.1536906E-02
      34.000 -5.8169546E-02 -5.3920216E-02 -5.8387566E-02 -5.4122310E-02
      34.200 -4.9958076E-02 -4.6295823E-02 -5.0495615E-02 -4.6793957E-02
      34.400 -4.1927601E-02 -3.8843552E-02 -4.2718419E-02 -3.9576201E-02
      34.600 -3.4108276E-02 -3.1591063E-02 -3.5084619E-02 -3.2495351E-02
      34.800 -2.6514978E-02 -2.4551838E-02 -2.7625010E-02 -2.5579685E-02
      35.000 -1.9150639E-02 -1.7728300E-02 -2.0372351E-02 -1.8859273E-02
      35.200 -1.2012046E-02 -1.1117181E-02 -1.3360669E-02 -1.2365335E-02
      35.400 -5.0976902E-03 -4.7168041E-03 -6.6250372E-03 -6.1300318E-03
      35.600  1.5850212E-03  1.4662536E-03 -2.0078274E-04 -1.8573784E-04
      35.800  8.0138980E-03  7.4117428E-03  5.8768898E-03  5.4353069E-03
      36.000  1.4149066E-02  1.3083072E-02  1.1573222E-02  1.0701293E-02
      36.200  1.9933964E-02  1.8428249E-02  1.6854404E-02  1.5581304E-02
      36.400  2.5299369E-02  2.3383609E-02  2.1687535E-02  2.0045276E-02
      36.600  3.0170557E-02  2.7880440E-02  2.6040916E-02  2.4064262E-02
      36.800  3.4475473E-02  3.1852536E-02  2.9884014E-02  2.7610401E-02
      37.000  3.8152653E-02  3.5243507E-02  3.3187490E-02  3.0656938E-02
      37.200  4.1157475E-02  3.8012528E-02  3.5923458E-02  3.3178456E-02
      37.400  4.3465056E-02  4.0137015E-02  3.8065592E-02  3.5150979E-02
      37.600  4.5069812E-02  4.1612184E-02  3.9589612E-02  3.6552409E-02
      37.800  4.5981401E-02  4.2447298E-02  4.0473749E-02  3.7362961E-02
      38.000  4.6218177E-02  4.2659615E-02  4.0699408E-02  3.7565763E-02
      38.200  4.5799535E-02  4.2267314E-02  4.0251952E-02  3.7147580E-02
      38.400  4.4738740E-02  4.1282882E-02  3.9121502E-02  3.6099549E-02
      38.600  4.3037858E-02  3.9708437E-02  3.7303741E-02  3.4417913E-02
      38.800  4.0685947E-02  3.7534074E-02  3.4800638E-02  3.2104690E-02
      39.000  3.7661090E-02  3.4739738E-02  3.1621115E-02  2.9168281E-02
      39.200  3.3935826E-02  3.1300243E-02  2.7781386E-02  2.5623781E-02
      39.400  2.9485385E-02  2.7192867E-02  2.3305300E-02  2.1493290E-02
      39.600  2.4296753E-02  2.2405705E-02  1.8224206E-02  1.6805792E-02
      39.800  1.8377210E-02  1.6945540E-02  1.2576740E-02  1.1596954E-02
      40.000  1.1760580E-02  1.0843596E-02  6.4084498E-03  5.9087768E-03
      40.200  4.5095187E-03  4.1576395E-03 -2.2909741E-04 -2.1122086E-04
      40.400 -3.2859711E-03 -3.0293937E-03 -7.2789190E-03 -6.7105615E-03
      40.600 -1.1514661E-02 -1.0615043E-02 -1.4679858E-02 -1.3532950E-02
      40.800 -2.0052792E-02 -1.8485337E-02 -2.2367359E-02 -2.0618982E-02
      41.000 -2.8775022E-02 -2.6524879E-02 -3.0274803E-02 -2.7907380E-02
      41.200 -3.7564835E-02 -3.4626431E-02 -3.8334473E-02 -3.5335867E-02
      41.400 -4.6322999E-02 -4.2698705E-02 -4.6478434E-02 -4.2841980E-02
      41.600 -5.4973141E-02 -5.0671489E-02 -5.4639727E-02 -5.0364165E-02
      41.800 -6.3462533E-02 -5.8496364E-02 -6.2752839E-02 -5.7842206E-02
      42.000 -7.1759370E-02 -6.6144190E-02 -7.0754648E-02 -6.5218087E-02
      42.200 -7.9846193E-02 -7.3599043E-02 -7.8584815E-02 -7.2436355E-02
      42.400 -8.7711249E-02 -8.0850250E-02 -8.6186061E-02 -7.9444366E-02
      42.600 -9.5339886E-02 -8.7884453E-02 -9.3504719E-02 -8.6192794E-02
      42.800 -1.0270671E-01 -9.4678383E-02 -1.0049063E-01 -9.2635522E-02
      43.000 -1.0977115E-01 -1.0119475E-01 -1.0709752E-01 -9.8730013E-02
      43.200 -1.1647628E-01 -1.0738120E-01 -1.1328303E-01 -1.0443730E-01
      43.400 -1.2275159E-01 -1.1317280E-01 -1.1900873E-01 -1.0972201E-01
      43.600 -1.2851935E-01 -1.1849792E-01 -1.2424046E-01 -1.1455269E-01
      43.800 -1.3370255E-01 -1.2328560E-01 -1.2894826E-01 -1.1890173E-01
      44.000 -1.3823398E-01 -1.2747384E-01 -1.3310675E-01 -1.2274571E-01
      44.200 -1.4206382E-01 -1.3101662E-01 -1.3669522E-01 -1.2606549E-01
      44.400 -1.4516483E-01 -1.3388874E-01 -1.3969775E-01 -1.2884633E-01
      44.600 -1.4753431E-01 -1.3608758E-01 -1.4210345E-01 -1.3107808E-01
      44.800 -1.4919209E-01 -1.3763125E-01 -1.4390633E-01 -1.3275509E-01
      45.000 -1.5017550E-01 -1.3855404E-01 -1.4510534E-01 -1.3387623E-01
      45.200 -1.5053196E-01 -1.3889947E-01 -1.4570403E-01 -1.3444463E-01
      45.400 -1.5031068E-01 -1.3871278E-01 -1.4571024E-01 -1.3446730E-01
      45.600 -1.4955512E-01 -1.3803385E-01 -1.4513555E-01 -1.3395474E-01
      45.800 -1.4829736E-01 -1.3689206E-01 -1.4399467E-01 -1.3292028E-01
      46.000 -1.4655531E-01 -1.3530374E-01 -1.4230473E-01 -1.3137950E-01
      46.200 -1.4433327E-01 -1.3327262E-01 -1.4008452E-01 -1.2934946E-01
      46.400 -1.4162532E-01 -1.3079297E-01 -1.3735382E-01 -1.2684818E-01
      46.600 -1.3842072E-01 -1.2785461E-01 -1.3413263E-01 -1.2389385E-01
      46.800 -1.3471032E-01 -1.2444879E-01 -1.3044080E-01 -1.2050449E-01
      47.000 -1.3049228E-01 -1.2057349E-01 -1.2629739E-01 -1.1669746E-01
      47.200 -1.2577617E-01 -1.1623723E-01 -1.2172057E-01 -1.1248920E-01
      47.400 -1.2058466E-01 -1.1146061E-01 -1.1672749E-01 -1.0789529E-01
      47.600 -1.1495212E-01 -1.0627507E-01 -1.1133423E-01 -1.0293027E-01
      47.800 -1.0892108E-01 -1.0071958E-01 -1.0555610E-01 -9.7607978E-02
      48.000 -1.0253651E-01 -9.4835431E-02 -9.9407719E-02 -9.1941630E-02
      48.200 -9.5840035E-02 -8.8660796E-02 -9.2903539E-02 -8.5944269E-02
      48.400 -8.8864289E-02 -8.2225575E-02 -8.6057960E-02 -7.9628896E-02
      48.600 -8.1629383E-02 -7.5548098E-02 -7.8885737E-02 -7.3008851E-02
      48.800 -7.4141921E-02 -6.8634199E-02 -7.1402389E-02 -6.6098176E-02
      49.000 -6.6396421E-02 -6.1478523E-02 -6.3624173E-02 -5.8911612E-02
      49.200 -5.8379774E-02 -5.4068638E-02 -5.5568567E-02 -5.1465029E-02
      49.400 -5.0076826E-02 -4.6390207E-02 -4.7254109E-02 -4.3775296E-02
      49.600 -4.1476926E-02 -3.8433040E-02 -3.8700556E-02 -3.5860420E-02
      49.800 -3.2579834E-02 -3.0196585E-02 -2.9929010E-02 -2.7739671E-02
      50.000 -2.3399442E-02 -2.1693386E-02 -2.0961544E-02 -1.9433235E-02
      50.200 -1.3965770E-02 -1.2950950E-02 -1.1821575E-02 -1.0962563E-02
      50.400 -4.3229123E-03 -4.0098680E-03 -2.5329740E-03 -2.3495483E-03
      50.600  5.4742882E-03  5.0792567E-03  6.8796018E-03  6.3831611E-03
      50.800  1.5365939E-02  1.4261079E-02  1.6390939E-02  1.5212377E-02
      51.000  2.5293934E-02  2.3481847E-02  2.5975864E-02  2.4114923E-02
      51.200  3.5207634E-02  3.2694684E-02  3.5609146E-02  3.3067538E-02
      51.400  4.5068838E-02  4.1864207E-02  4.5266154E-02  4.2047492E-02
      51.600  5.4853661E-02  5.0968287E-02  5.4922727E-02  5.1032461E-02
      51.800  6.4552506E-02  5.9998048E-02  6.4555721E-02  6.0001036E-02
      52.000  7.4167058E-02  6.8955084E-02  7.4143008E-02  6.8932724E-02
      52.200  8.3705415E-02  7.7846949E-02  8.3663388E-02  7.7807863E-02
      52.400  9.3176763E-02  8.6682214E-02  9.3096879E-02  8.6607898E-02
      52.600  1.0258551E-01  9.5465008E-02  1.0242419E-01  9.5314890E-02
      52.800  1.1192734E-01  1.0419135E-01  1.1162686E-01  1.0391163E-01
      53.000  1.2118649E-01  1.1284656E-01  1.2068652E-01  1.1238101E-01
      53.200  1.3033595E-01  1.2140551E-01  1.2958490E-01  1.2070591E-01
      53.400  1.3933946E-01  1.2983434E-01  1.3830321E-01  1.2886878E-01
      53.600  1.4815504E-01  1.3809389E-01  1.4682171E-01  1.3685111E-01
      53.800  1.5673991E-01  1.4614414E-01  1.5511970E-01  1.4463346E-01
      54.000  1.6505450E-01  1.5394803E-01  1.6317500E-01  1.5219501E-01
      54.200  1.7306608E-01  1.6147482E-01  1.7096429E-01  1.5951380E-01
      54.400  1.8075025E-01  1.6870149E-01  1.7846308E-01  1.6656677E-01
      54.600  1.8809054E-01  1.7561238E-01  1.8564601E-01  1.7333002E-01
      54.800  1.9507646E-01  1.8219741E-01  1.9248764E-01  1.7977950E-01
      55.000  2.0169988E-01  1.8844866E-01  1.9896286E-01  1.8589146E-01
      55.200  2.0795141E-01  1.9435704E-01  2.0504790E-01  1.9164334E-01
      55.400  2.1381690E-01  1.9990897E-01  2.1072090E-01  1.9701434E-01
      55.600  2.1927560E-01  2.0508467E-01  2.1596290E-01  2.0198636E-01
      55.800  2.2429999E-01  2.0985801E-01  2.2075841E-01  2.0654446E-01
      56.000  2.2885773E-01  2.1419829E-01  2.2509585E-01  2.1067738E-01
      56.200  2.3291558E-01  2.1807393E-01  2.2896794E-01  2.1437785E-01
      56.400  2.3644419E-01  2.2145695E-01  2.3237164E-01  2.1764254E-01
      56.600  2.3942341E-01  2.2432791E-01  2.3530800E-01  2.2047197E-01
      56.800  2.4184640E-01  2.2667984E-01  2.3778161E-01  2.2286995E-01
      57.000  2.4372230E-01  2.2852074E-01  2.3980002E-01  2.2484310E-01
      57.200  2.4507632E-01  2.2987368E-01  2.4137293E-01  2.2640002E-01
      57.400  2.4594720E-01  2.3077447E-01  2.4251129E-01  2.2755053E-01
      57.600  2.4638248E-01  2.3126722E-01  2.4322655E-01  2.2830491E-01
      57.800  2.4643201E-01  2.3139826E-01  2.4352992E-01  2.2867323E-01
      58.000  2.4614099E-01  2.3120965E-01  2.4343183E-01  2.2866484E-01
      58.200  2.4554363E-01  2.3073315E-01  2.4294160E-01  2.2828807E-01
      58.400  2.4465855E-01  2.2998593E-01  2.4206741E-01  2.2755018E-01
      58.600  2.4348684E-01  2.2896869E-01  2.4081639E-01  2.2645747E-01
      58.800  2.4201308E-01  2.2766661E-01  2.3919512E-01  2.2501569E-01
      59.000  2.4020928E-01  2.2605301E-01  2.3721000E-01  2.2323049E-01
      59.200  2.3804111E-01  2.2409522E-01  2.3486799E-01  2.2110800E-01
      59.400  2.3547531E-01  2.2176151E-01  2.3217706E-01  2.1865535E-01
      59.600  2.3248724E-01  2.1902823E-01  2.2914681E-01  2.1588118E-01
      59.800  2.2906689E-01  2.1588550E-01  2.2578868E-01  2.1279592E-01
      60.000  2.2522281E-01  2.1234089E-01  2.2211611E-01  2.0941188E-01
      60.200  2.2098292E-01  2.0842030E-01  2.1814450E-01  2.0574324E-01
      60.400  2.1639210E-01  2.0416563E-01  2.1389071E-01  2.0180558E-01
      60.600  2.1150716E-01  1.9963014E-01  2.0937272E-01  1.9761555E-01
      60.800  2.0638974E-01  1.9487168E-01  2.0460878E-01  1.9319011E-01
      61.000  2.0109860E-01  1.8994553E-01  1.9961693E-01  1.8854603E-01
      61.200  1.9568233E-01  1.8489740E-01  1.9441416E-01  1.8369913E-01
      61.400  1.9017385E-01  1.7975827E-01  1.8901599E-01  1.7866383E-01
      61.600  1.8458759E-01  1.7454170E-01  1.8343618E-01  1.7345295E-01
      61.800  1.7891949E-01  1.6924375E-01  1.7768647E-01  1.6807741E-01
      62.000  1.7315024E-01  1.6384607E-01  1.7177690E-01  1.6254652E-01
      62.200  1.6725060E-01  1.5832087E-01  1.6571600E-01  1.5686820E-01
      62.400  1.6118829E-01  1.5263747E-01  1.5951135E-01  1.5104949E-01
      62.600  1.5493528E-01  1.4676912E-01  1.5317032E-01  1.4509719E-01
      62.800  1.4847371E-01  1.4069875E-01  1.4670043E-01  1.3901833E-01
      63.000  1.4180051E-01  1.3442321E-01  1.4011015E-01  1.3282079E-01
      63.200  1.3492883E-01  1.2795478E-01  1.3340902E-01  1.2651353E-01
      63.400  1.2788735E-01  1.2132048E-01  1.2660809E-01  1.2010691E-01
      63.600  1.2071660E-01  1.1455861E-01  1.1971958E-01  1.1361246E-01
      63.800  1.1346377E-01  1.0771388E-01  1.1275674E-01  1.0704267E-01
      64.000  1.0617674E-01  1.0083166E-01  1.0573338E-01  1.0041062E-01
      64.200  9.8897785E-02  9.3952110E-02  9.8663112E-02  9.3729173E-02
      64.400  9.1659016E-02  8.7105784E-02  9.1558881E-02  8.7010623E-02
      64.600  8.4479032E-02  8.0310422E-02  8.4432118E-02  8.0265823E-02
      64.800  7.7362350E-02  7.3570404E-02  7.7292521E-02  7.3503997E-02
      65.000  7.0300500E-02  6.6877760E-02  7.0147524E-02  6.6732231E-02
      65.200  6.3275306E-02  6.0215273E-02  6.3002352E-02  5.9955520E-02
      65.400  5.6263360E-02  5.3560727E-02  5.5860332E-02  5.3177058E-02
      65.600  4.9240564E-02  4.6891212E-02  4.8723068E-02  4.6398407E-02
      65.800  4.2186807E-02  4.0187591E-02  4.1591345E-02  3.9620348E-02
      66.000  3.5089054E-02  3.3437445E-02  3.4465550E-02  3.2843290E-02
      66.200  2.7943539E-02  2.6637175E-02  2.7346701E-02  2.6068239E-02
      66.400  2.0755827E-02  1.9792074E-02  2.0236867E-02  1.9297210E-02
      66.600  1.3539770E-02  1.2915352E-02  1.3139807E-02  1.2533835E-02
      66.800  6.3153964E-03  6.0261291E-03  6.0614123E-03  5.7837784E-03
      67.000 -8.9413317E-04 -8.5345777E-04 -9.9044764E-04 -9.4539076E-04
      67.200 -8.0650314E-03 -7.7006440E-03 -8.0057686E-03 -7.6440588E-03
      67.400 -1.5175501E-02 -1.4494536E-02 -1.4973037E-02 -1.4301157E-02
      67.600 -2.2206975E-02 -2.1217298E-02 -2.1879450E-02 -2.0904369E-02
      67.800 -2.9144961E-02 -2.7854967E-02 -2.8711754E-02 -2.7440934E-02
      68.000 -3.5978662E-02 -3.4397096E-02 -3.5456751E-02 -3.3898126E-02
      68.200 -4.2699970E-02 -4.0835795E-02 -4.2101766E-02 -4.0263707E-02
      68.400 -4.9302497E-02 -4.7164811E-02 -4.8635335E-02 -4.6526576E-02
      68.600 -5.5780134E-02 -5.3378155E-02 -5.5047235E-02 -5.2676815E-02
      68.800 -6.2126486E-02 -5.9469551E-02 -6.1328875E-02 -5.8706051E-02
      69.000 -6.8334269E-02 -6.5431870E-02 -6.7472990E-02 -6.4607173E-02
      69.200 -7.4395737E-02 -7.1257533E-02 -7.3473663E-02 -7.0374354E-02
      69.400 -8.0303188E-02 -7.6938992E-02 -7.9325921E-02 -7.6002667E-02
      69.600 -8.6049688E-02 -8.2469432E-02 -8.5025278E-02 -8.1487645E-02
      69.800 -9.1630014E-02 -8.7843670E-02 -9.0567554E-02 -8.6825113E-02
      70.000 -9.7040849E-02 -9.3058346E-02 -9.5948307E-02 -9.2010641E-02
      70.200 -1.0228092E-01 -9.8112061E-02 -1.0116276E-01 -9.7039475E-02
      70.400 -1.0735033E-01 -1.0300473E-01 -1.0620556E-01 -1.0190630E-01
      70.600 -1.1224943E-01 -1.0773651E-01 -1.1107063E-01 -1.0660511E-01
      70.800 -1.1697770E-01 -1.1230674E-01 -1.1575146E-01 -1.1112947E-01
      71.000 -1.2153232E-01 -1.1671254E-01 -1.2024100E-01 -1.1547243E-01
      71.200 -1.2590740E-01 -1.2094807E-01 -1.2453213E-01 -1.1962697E-01
      71.400 -1.3009337E-01 -1.2500396E-01 -1.2861775E-01 -1.2358606E-01
      71.600 -1.3407750E-01 -1.2886779E-01 -1.3249118E-01 -1.2734310E-01
      71.800 -1.3784479E-01 -1.3252495E-01 -1.3614639E-01 -1.3089210E-01
      72.000 -1.4137950E-01 -1.3596012E-01 -1.3957816E-01 -1.3422784E-01
      72.200 -1.4466718E-01 -1.3915919E-01 -1.4278243E-01 -1.3734620E-01
      72.400 -1.4769642E-01 -1.4211095E-01 -1.4575623E-01 -1.4024413E-01
      72.600 -1.5046048E-01 -1.4480871E-01 -1.4849788E-01 -1.4291983E-01
      72.800 -1.5295810E-01 -1.4725103E-01 -1.5100693E-01 -1.4537265E-01
      73.000 -1.5519372E-01 -1.4944196E-01 -1.5328413E-01 -1.4760314E-01
      73.200 -1.5717672E-01 -1.5139034E-01 -1.5533138E-01 -1.4961293E-01
      73.400 -1.5892003E-01 -1.5310839E-01 -1.5715151E-01 -1.5140455E-01
      73.600 -1.6043829E-01 -1.5461008E-01 -1.5874825E-01 -1.5298143E-01
      73.800 -1.6174588E-01 -1.5590905E-01 -1.6012596E-01 -1.5434759E-01
      74.000 -1.6285514E-01 -1.5701707E-01 -1.6128952E-01 -1.5550757E-01
      74.200 -1.6377511E-01 -1.5794269E-01 -1.6224410E-01 -1.5646620E-01
      74.400 -1.6451100E-01 -1.5869079E-01 -1.6299503E-01 -1.5722845E-01
      74.600 -1.6506432E-01 -1.5926271E-01 -1.6354760E-01 -1.5779930E-01
      74.800 -1.6543378E-01 -1.5965707E-01 -1.6390694E-01 -1.5818355E-01
      75.000 -1.6561660E-01 -1.5987106E-01 -1.6407793E-01 -1.5838576E-01
      75.200 -1.6561002E-01 -1.5990187E-01 -1.6406513E-01 -1.5841022E-01
      75.400 -1.6541267E-01 -1.5974806E-01 -1.6387276E-01 -1.5826088E-01
      75.600 -1.6502558E-01 -1.5941050E-01 -1.6350478E-01 -1.5794145E-01
      75.800 -1.6445260E-01 -1.5889279E-01 -1.6296495E-01 -1.5745544E-01
      76.000 -1.6370027E-01 -1.5820113E-01 -1.6225694E-01 -1.5680629E-01
      76.200 -1.6277709E-01 -1.5734363E-01 -1.6138449E-01 -1.5599752E-01
      76.400 -1.6169247E-01 -1.5632929E-01 -1.6035157E-01 -1.5503287E-01
      76.600 -1.6045561E-01 -1.5516690E-01 -1.5916248E-01 -1.5391639E-01
      76.800 -1.5907445E-01 -1.5386405E-01 -1.5782195E-01 -1.5265259E-01
      77.000 -1.5755508E-01 -1.5242658E-01 -1.5633523E-01 -1.5124644E-01
      77.200 -1.5590162E-01 -1.5085837E-01 -1.5470803E-01 -1.4970340E-01
      77.400 -1.5411658E-01 -1.4916181E-01 -1.5294646E-01 -1.4802930E-01
      77.600 -1.5220174E-01 -1.4733853E-01 -1.5105695E-01 -1.4623032E-01
      77.800 -1.5015910E-01 -1.4539043E-01 -1.4904605E-01 -1.4431272E-01
      78.000 -1.4799199E-01 -1.4332064E-01 -1.4692026E-01 -1.4228275E-01
      78.200 -1.4570569E-01 -1.4113426E-01 -1.4468585E-01 -1.4014641E-01
      78.400 -1.4330783E-01 -1.3883860E-01 -1.4234870E-01 -1.3790938E-01
      78.600 -1.4080802E-01 -1.3644294E-01 -1.3991415E-01 -1.3557678E-01
      78.800 -1.3821710E-01 -1.3395774E-01 -1.3738694E-01 -1.3315316E-01
      79.000 -1.3554595E-01 -1.3139351E-01 -1.3477124E-01 -1.3064253E-01
      79.200 -1.3280411E-01 -1.2875950E-01 -1.3207058E-01 -1.2804830E-01
      79.400 -1.2999864E-01 -1.2606250E-01 -1.2928808E-01 -1.2537345E-01
      79.600 -1.2713318E-01 -1.2330605E-01 -1.2642644E-01 -1.2262059E-01
      79.800 -1.2420776E-01 -1.2049016E-01 -1.2348814E-01 -1.1979209E-01
      80.000 -1.2121922E-01 -1.1761176E-01 -1.2047560E-01 -1.1689027E-01
      80.200 -1.1816214E-01 -1.1466558E-01 -1.1739117E-01 -1.1391742E-01
      80.400 -1.1503045E-01 -1.1164570E-01 -1.1423736E-01 -1.1087594E-01
      80.600 -1.1181892E-01 -1.0854703E-01 -1.1101670E-01 -1.0776829E-01
      80.800 -1.0852478E-01 -1.0536688E-01 -1.0773189E-01 -1.0459706E-01
      81.000 -1.0514875E-01 -1.0210591E-01 -1.0438559E-01 -1.0136483E-01
      81.200 -1.0169544E-01 -9.8768595E-02 -1.0098042E-01 -9.8074156E-02
      81.400 -9.8173086E-02 -9.5362918E-02 -9.7518914E-02 -9.4727472E-02
      81.600 -9.4592400E-02 -9.1899273E-02 -9.4003300E-02 -9.1326945E-02
      81.800 -9.0965089E-02 -8.8389034E-02 -9.0435580E-02 -8.7874520E-02
      82.000 -8.7301887E-02 -8.4842634E-02 -8.6817353E-02 -8.4371749E-02
      82.200 -8.3610950E-02 -8.1268009E-02 -8.3149955E-02 -8.0819932E-02
      82.400 -7.9896411E-02 -7.7669187E-02 -7.9434385E-02 -7.7220042E-02
      82.600 -7.6157802E-02 -7.4045728E-02 -7.5671433E-02 -7.3572848E-02
      82.800 -7.2390302E-02 -7.0392956E-02 -7.1861857E-02 -6.9879092E-02
      83.000 -6.8585611E-02 -6.6702810E-02 -6.8006385E-02 -6.6139485E-02
      83.200 -6.4733747E-02 -6.2965589E-02 -6.4106020E-02 -6.2355008E-02
      83.400 -6.0824906E-02 -5.9171760E-02 -6.0162033E-02 -5.8526903E-02
      83.600 -5.6851639E-02 -5.5314075E-02 -5.6176259E-02 -5.4656961E-02
      83.800 -5.2810389E-02 -5.1389073E-02 -5.2151083E-02 -5.0747511E-02
      84.000 -4.8702596E-02 -4.7398151E-02 -4.8089589E-02 -4.6801563E-02
      84.200 -4.4534985E-02 -4.3347854E-02 -4.3995691E-02 -4.2822936E-02
      84.400 -4.0318830E-02 -3.9249159E-02 -3.9874015E-02 -3.8816145E-02
      84.600 -3.6068814E-02 -3.5116366E-02 -3.5730057E-02 -3.4786555E-02
      84.800 -3.1801110E-02 -3.0965238E-02 -3.1569965E-02 -3.0740168E-02
      85.000 -2.7531687E-02 -2.6811341E-02 -2.7400618E-02 -2.6683702E-02
      85.200 -2.3274507E-02 -2.2668301E-02 -2.3229350E-02 -2.2624319E-02
      85.400 -1.9040464E-02 -1.8546753E-02 -1.9063846E-02 -1.8569529E-02
      85.600 -1.4836988E-02 -1.4453972E-02 -1.4912011E-02 -1.4527058E-02
      85.800 -1.0668184E-02 -1.0393988E-02 -1.0781615E-02 -1.0504504E-02
      86.000 -6.5358867E-03 -6.3686249E-03 -6.6802414E-03 -6.5092854E-03
      86.200 -2.4407665E-03 -2.3785705E-03 -2.6149275E-03 -2.5482934E-03
      86.400  1.6161445E-03  1.5751351E-03  1.4078339E-03  1.3721103E-03
      86.600  5.6324653E-03  5.4901367E-03  5.3823401E-03  5.2463319E-03
      86.800  9.6037456E-03  9.3620619E-03  9.3036458E-03  9.0695143E-03
      87.000  1.3523364E-02  1.3184420E-02  1.3167448E-02  1.2837425E-02
      87.200  1.7383233E-02  1.6949290E-02  1.6970078E-02  1.6546449E-02
      87.400  2.1174677E-02  2.0648174E-02  2.0708116E-02  2.0193214E-02
      87.600  2.4889807E-02  2.4273338E-02  2.4378242E-02  2.3774443E-02
      87.800  2.8522594E-02  2.7818861E-02  2.7976847E-02  2.7286579E-02
      88.000  3.2069528E-02  3.1281277E-02  3.1499670E-02  3.0725425E-02
      88.200  3.5529816E-02  3.4659772E-02  3.4941645E-02  3.4086004E-02
      88.400  3.8904567E-02  3.7955387E-02  3.8296579E-02  3.7362232E-02
      88.600  4.2195593E-02  4.1169850E-02  4.1557223E-02  4.0546998E-02
      88.800  4.5403487E-02  4.4303702E-02  4.4715217E-02  4.3632103E-02
      89.000  4.8525869E-02  4.7354582E-02  4.7761435E-02  4.6608599E-02
      89.200  5.1555778E-02  5.0315662E-02  5.0686301E-02  4.9467100E-02
      89.400  5.4480787E-02  5.3174775E-02  5.3480230E-02  5.2198204E-02
      89.600  5.7283255E-02  5.5914662E-02  5.6134272E-02  5.4793131E-02
      89.800  5.9941462E-02  5.8514079E-02  5.8640559E-02  5.7244154E-02
      90.000  6.2431995E-02  6.0950121E-02  6.0992918E-02  5.9545202E-02
      90.200  6.4732629E-02  6.3201041E-02  6.3187172E-02  6.1692150E-02
      90.400  6.6825667E-02  6.5249505E-02  6.5221474E-02  6.3683148E-02
      90.600  6.8700850E-02  6.7085441E-02  6.7096328E-02  6.5518647E-02
      90.800  7.0357456E-02  6.8708089E-02  6.8814440E-02  6.7201245E-02
      91.000  7.1805216E-02  7.0126898E-02  7.0380467E-02  6.8735450E-02
      91.200  7.3063574E-02  7.1360810E-02  7.1800496E-02  7.0127169E-02
      91.400  7.4159582E-02  7.2436207E-02  7.3081552E-02  7.1383229E-02
      91.600  7.5124434E-02  7.3383522E-02  7.4230962E-02  7.2510755E-02
      91.800  7.5989350E-02  7.4233224E-02  7.5255851E-02  7.3516676E-02
      92.000  7.6781300E-02  7.5011640E-02  7.6162663E-02  7.4407261E-02
      92.200  7.7519329E-02  7.5737361E-02  7.6956835E-02  7.5187798E-02
      92.400  7.8212120E-02  7.6418860E-02  7.7642684E-02  7.5862480E-02
      92.600  7.8857143E-02  7.7053653E-02  7.8223396E-02  7.6434400E-02
      92.800  7.9441665E-02  7.7629288E-02  7.8701247E-02  7.6905762E-02
      93.000  7.9945377E-02  7.8125907E-02  7.9077883E-02  7.7278156E-02
      93.200  8.0344336E-02  7.8520096E-02  7.9354725E-02  7.7552953E-02
      93.400  8.0615487E-02  7.8789303E-02  7.9533363E-02  7.7731693E-02
      93.600  8.0741075E-02  7.8916156E-02  7.9615926E-02  7.7816438E-02
      93.800  8.0712201E-02  7.8891935E-02  7.9605370E-02  7.7810065E-02
      93.999  8.0530915E-02  7.8718620E-02  7.9505652E-02  7.7716429E-02
      94.199  8.0210500E-02  7.8409176E-02  7.9321784E-02  7.7540418E-02
      94.399  7.9773918E-02  7.7986034E-02  7.9059763E-02  7.7287884E-02
      94.599  7.9250666E-02  7.7478017E-02  7.8726399E-02  7.6965476E-02
      94.799  7.8672614E-02  7.6916275E-02  7.8329081E-02  7.6580412E-02
      94.999  7.8069543E-02  7.6329922E-02  7.7875527E-02  7.6140229E-02
      95.199  7.7465120E-02  7.5742097E-02  7.7373511E-02  7.5652526E-02
      95.399  7.6874069E-02  7.5167202E-02  7.6830683E-02  7.5124779E-02
      95.599  7.6300943E-02  7.4609692E-02  7.6254398E-02  7.4564179E-02
      95.799  7.5740747E-02  7.4064689E-02  7.5651649E-02  7.3977563E-02
      95.999  7.5181268E-02  7.3520253E-02  7.5029062E-02  7.3371410E-02
      96.199  7.4606631E-02  7.2960862E-02  7.4392892E-02  7.2751838E-02
      96.399  7.4001503E-02  7.2371523E-02  7.3749094E-02  7.2124674E-02
      96.599  7.3355079E-02  7.1741667E-02  7.3103320E-02  7.1495445E-02
      96.799  7.2664216E-02  7.1068221E-02  7.2460936E-02  7.0869406E-02
      96.999  7.1935033E-02  7.0357168E-02  7.1826943E-02  7.0251449E-02
      97.199  7.1182751E-02  6.9623394E-02  7.1205864E-02  6.9646002E-02
      97.399  7.0429747E-02  6.8888791E-02  7.0601600E-02  6.9056884E-02
      97.599  6.9702132E-02  6.8178901E-02  7.0017213E-02  6.8487096E-02
      97.799  6.9025519E-02  6.7518782E-02  6.9454778E-02  6.7938670E-02
      97.999  6.8420638E-02  6.6928719E-02  6.8915202E-02  6.7412499E-02
      98.199  6.7899685E-02  6.6420651E-02  6.8398166E-02  6.6908274E-02
      98.399  6.7463969E-02  6.5995866E-02  6.7902104E-02  6.6424467E-02
      98.599  6.7103357E-02  6.5644460E-02  6.7424303E-02  6.5958428E-02
      98.799  6.6797615E-02  6.5346643E-02  6.6961094E-02  6.5506571E-02
      98.999  6.6519402E-02  6.5075673E-02  6.6508088E-02  6.5064605E-02
      99.199  6.6238467E-02  6.4801960E-02  6.6060491E-02  6.4627843E-02
      99.399  6.5926274E-02  6.4497584E-02  6.5613387E-02  6.4191477E-02
      99.599  6.5560298E-02  6.4140509E-02  6.5162026E-02  6.3750862E-02
      99.799  6.5127222E-02  6.3717707E-02  6.4702016E-02  6.3301704E-02
      99.999  6.4624516E-02  6.3226702E-02  6.4229451E-02  6.2840182E-02
     100.199  6.4060114E-02  6.2675254E-02  6.3740921E-02  6.2362961E-02
     100.399  6.3450318E-02  6.2079313E-02  6.3233483E-02  6.1867164E-02
     100.599  6.2816145E-02  6.1459446E-02  6.2704446E-02  6.1350160E-02
     100.799  6.2178999E-02  6.0836593E-02  6.2151218E-02  6.0809412E-02
     100.999  6.1556253E-02  6.0227757E-02  6.1571086E-02  6.0242270E-02
     101.199  6.0957605E-02  5.9642428E-02  6.0961053E-02  5.9645802E-02
     101.399  6.0382772E-02  5.9080332E-02  6.0317688E-02  5.9016652E-02
     101.599  5.9820997E-02  5.8530947E-02  5.9637101E-02  5.8351017E-02
     101.799  5.9252353E-02  5.7974778E-02  5.8914963E-02  5.7644663E-02
     101.999  5.8650683E-02  5.7386233E-02  5.8146650E-02  5.6893067E-02
     102.199  5.7987565E-02  5.6737505E-02  5.7327409E-02  5.6091581E-02
     102.399  5.7236660E-02  5.6002826E-02  5.6452586E-02  5.5235655E-02
     102.599  5.6377675E-02  5.5162342E-02  5.5517878E-02  5.4321080E-02
     102.799  5.5399195E-02  5.4204887E-02  5.4519500E-02  5.3344157E-02
     102.999  5.4300017E-02  5.3129287E-02  5.3454377E-02  5.2301879E-02
     103.199  5.3088655E-02  5.1943878E-02  5.2320185E-02  5.1191978E-02
     103.399  5.1781275E-02  5.0664481E-02  5.1115406E-02  5.0012972E-02
     103.599  5.0398306E-02  4.9311089E-02  4.9839229E-02  4.8764073E-02
     103.799  4.8960485E-02  4.7903998E-02  4.8491462E-02  4.7445096E-02
     103.999  4.7485002E-02  4.6460031E-02  4.7072418E-02  4.6056353E-02
     104.199  4.5982358E-02  4.4989469E-02  4.5582744E-02  4.4598484E-02
     104.399  4.4454657E-02  4.3494374E-02  4.4023381E-02  4.3072415E-02
     104.599  4.2895400E-02  4.1968394E-02  4.2395452E-02  4.1479250E-02
     104.799  4.1291031E-02  4.0398269E-02  4.0700338E-02  3.9820347E-02
     104.999  3.9623702E-02  3.8766545E-02  3.8939687E-02  3.8097327E-02
     105.199  3.7874936E-02  3.7055151E-02  3.7115551E-02  3.6312202E-02
     105.399  3.6029452E-02  3.5249145E-02  3.5230541E-02  3.4467536E-02
     105.599  3.4078388E-02  3.3339865E-02  3.3287901E-02  3.2566509E-02
     105.799  3.2021561E-02  3.1327142E-02  3.1291669E-02  3.0613079E-02
     105.999  2.9868111E-02  2.9219928E-02  2.9246648E-02  2.8611952E-02
     106.199  2.7635722E-02  2.7035533E-02  2.7158445E-02  2.6568622E-02
     106.399  2.5348287E-02  2.4797341E-02  2.5033291E-02  2.4489190E-02
     106.599  2.3032674E-02  2.2531642E-02  2.2877880E-02  2.2380216E-02
     106.799  2.0715080E-02  2.0264072E-02  2.0699165E-02  2.0248504E-02
     106.999  1.8417495E-02  1.8016148E-02  1.8504001E-02  1.8100769E-02
     107.199  1.6155134E-02  1.5802756E-02  1.6298956E-02  1.5943441E-02
     107.399  1.3934912E-02  1.3630665E-02  1.4089981E-02  1.3782348E-02
     107.599  1.1755537E-02  1.1498613E-02  1.1882303E-02  1.1622609E-02
     107.799  9.6087892E-03  9.3985637E-03  9.6802413E-03  9.4684525E-03
     107.999  7.4820013E-03  7.3181292E-03  7.4872180E-03  7.3232316E-03
     108.199  5.3611207E-03  5.2435691E-03  5.3058566E-03  5.1895168E-03
     108.399  3.2337133E-03  3.1627269E-03  3.1380506E-03  3.0691642E-03
     108.599  1.0916188E-03  1.0676272E-03  9.8525141E-04  9.6359752E-04
     108.799 -1.0674889E-03 -1.0439989E-03 -1.1513735E-03 -1.1260376E-03
     108.999 -3.2396116E-03 -3.1682348E-03 -3.2706713E-03 -3.1986102E-03
     109.199 -5.4151281E-03 -5.2956655E-03 -5.3712591E-03 -5.2527643E-03
     109.399 -7.5805950E-03 -7.4131393E-03 -7.4514297E-03 -7.2868272E-03
     109.599 -9.7209963E-03 -9.5059681E-03 -9.5089617E-03 -9.2986237E-03
     109.799 -1.1822305E-02 -1.1560434E-02 -1.1541165E-02 -1.1285520E-02
     109.999 -1.3873534E-02 -1.3565790E-02 -1.3544826E-02 -1.3244374E-02
     110.199 -1.5868206E-02 -1.5515706E-02 -1.5516371E-02 -1.5171687E-02
     110.399 -1.7804756E-02 -1.7408651E-02 -1.7451964E-02 -1.7063708E-02
     110.599 -1.9685920E-02 -1.9247302E-02 -1.9347639E-02 -1.8916559E-02
     110.799 -2.1517377E-02 -2.1037214E-02 -2.1199535E-02 -2.0726463E-02
     110.999 -2.3305716E-02 -2.2784827E-02 -2.3003972E-02 -2.2489827E-02
     111.199 -2.5056443E-02 -2.4495526E-02 -2.4757666E-02 -2.4203437E-02
     111.399 -2.6772161E-02 -2.6171857E-02 -2.6457745E-02 -2.5864491E-02
     111.599 -2.8451557E-02 -2.7812536E-02 -2.8101873E-02 -2.7470706E-02
     111.799 -3.0089189E-02 -2.9412243E-02 -2.9688234E-02 -2.9020309E-02
     111.999 -3.1676192E-02 -3.0962316E-02 -3.1215486E-02 -3.0511992E-02
     112.199 -3.3201836E-02 -3.2452267E-02 -3.2682753E-02 -3.1944903E-02
     112.399 -3.4655420E-02 -3.3871645E-02 -3.4089486E-02 -3.3318510E-02
     112.599 -3.6028356E-02 -3.5212059E-02 -3.5435420E-02 -3.4632557E-02
     112.799 -3.7315771E-02 -3.6468755E-02 -3.6720417E-02 -3.5886915E-02
     112.999 -3.8517530E-02 -3.7641610E-02 -3.7944409E-02 -3.7081522E-02
     113.199 -3.9638276E-02 -3.8735167E-02 -3.9107297E-02 -3.8216286E-02
     113.399 -4.0686539E-02 -3.9757773E-02 -4.0208863E-02 -3.9291001E-02
     113.599 -4.1673123E-02 -4.0719990E-02 -4.1248773E-02 -4.0305346E-02
     113.799 -4.2608930E-02 -4.1632478E-02 -4.2226522E-02 -4.1258833E-02
     113.999 -4.3502803E-02 -4.2503880E-02 -4.3141489E-02 -4.2150863E-02
     114.199 -4.4359649E-02 -4.3338996E-02 -4.3992949E-02 -4.2980734E-02
     114.399 -4.5179348E-02 -4.4137712E-02 -4.4780171E-02 -4.3747739E-02
     114.599 -4.5956572E-02 -4.4894826E-02 -4.5502491E-02 -4.4451236E-02
     114.799 -4.6681606E-02 -4.5600853E-02 -4.6159390E-02 -4.5090728E-02
     114.999 -4.7342076E-02 -4.6243712E-02 -4.6750617E-02 -4.5665975E-02
     115.199 -4.7925182E-02 -4.6810910E-02 -4.7276230E-02 -4.6177047E-02
     115.399 -4.8420142E-02 -4.7291926E-02 -4.7736683E-02 -4.6624392E-02
     115.599 -4.8820289E-02 -4.7680260E-02 -4.8132823E-02 -4.7008848E-02
     115.799 -4.9124518E-02 -4.7974849E-02 -4.8465898E-02 -4.7331643E-02
     115.999 -4.9337747E-02 -4.8180509E-02 -4.8737503E-02 -4.7594345E-02
     116.199 -4.9470318E-02 -4.8307353E-02 -4.8949502E-02 -4.7798780E-02
     116.399 -4.9536449E-02 -4.8369276E-02 -4.9103925E-02 -4.7946942E-02
     116.599 -4.9551973E-02 -4.8381748E-02 -4.9202850E-02 -4.8040870E-02
     116.799 -4.9531804E-02 -4.8359338E-02 -4.9248282E-02 -4.8082527E-02
     116.999 -4.9487550E-02 -4.8313386E-02 -4.9242038E-02 -4.8073699E-02
     117.199 -4.9425727E-02 -4.8250256E-02 -4.9185657E-02 -4.8015895E-02
     117.399 -4.9346862E-02 -4.8170466E-02 -4.9080338E-02 -4.7910295E-02
     117.599 -4.9245664E-02 -4.8068854E-02 -4.8926914E-02 -4.7757721E-02
     117.799 -4.9112194E-02 -4.7935724E-02 -4.8725858E-02 -4.7558643E-02
     117.999 -4.8933843E-02 -4.7758777E-02 -4.8477332E-02 -4.7313228E-02
     118.199 -4.8697722E-02 -4.7525440E-02 -4.8181247E-02 -4.7021398E-02
     118.399 -4.8393042E-02 -4.7225197E-02 -4.7837350E-02 -4.6682915E-02
     118.599 -4.8013059E-02 -4.6851480E-02 -4.7445325E-02 -4.6297481E-02
     118.799 -4.7556215E-02 -4.6402781E-02 -4.7004867E-02 -4.5864806E-02
     118.999 -4.7026315E-02 -4.5882831E-02 -4.6515776E-02 -4.5384706E-02
     119.199 -4.6431695E-02 -4.5299775E-02 -4.5977996E-02 -4.4857136E-02
     119.399 -4.5783595E-02 -4.4664593E-02 -4.5391677E-02 -4.4282253E-02
     119.599 -4.5094004E-02 -4.3988989E-02 -4.4757174E-02 -4.3660414E-02
     119.799 -4.4373443E-02 -4.3283239E-02 -4.4075056E-02 -4.2992183E-02
     119.999 -4.3629097E-02 -4.2554355E-02 -4.3346109E-02 -4.2278338E-02
     120.199 -4.2863588E-02 -4.1804901E-02 -4.2571292E-02 -4.1519825E-02
     120.399 -4.2074717E-02 -4.1032739E-02 -4.1751751E-02 -4.0717772E-02
     120.599 -4.1256102E-02 -4.0231651E-02 -4.0888772E-02 -3.9873442E-02
     120.799 -4.0398695E-02 -3.9392821E-02 -3.9983802E-02 -3.8988259E-02
     120.999 -3.9492767E-02 -3.8506775E-02 -3.9038416E-02 -3.8063767E-02
     121.199 -3.8530085E-02 -3.7565494E-02 -3.8054331E-02 -3.7101650E-02
     121.399 -3.7505816E-02 -3.6564281E-02 -3.7033422E-02 -3.6103746E-02
     121.599 -3.6419758E-02 -3.5502956E-02 -3.5977691E-02 -3.5072016E-02
     121.799 -3.5276791E-02 -3.4386287E-02 -3.4889310E-02 -3.4008588E-02
     121.999 -3.4086293E-02 -3.3223432E-02 -3.3770578E-02 -3.2915709E-02
     122.199 -3.2860828E-02 -3.2026646E-02 -3.2623954E-02 -3.1795785E-02
     122.399 -3.1614160E-02 -3.0809354E-02 -3.1452009E-02 -3.0651331E-02
     122.599 -3.0359144E-02 -2.9584087E-02 -3.0257430E-02 -2.9484970E-02
     122.799 -2.9105805E-02 -2.8360620E-02 -2.9043020E-02 -2.8299443E-02
     122.999 -2.7859932E-02 -2.7144595E-02 -2.7811640E-02 -2.7097542E-02
     123.199 -2.6622592E-02 -2.5937051E-02 -2.6566242E-02 -2.5882151E-02
     123.399 -2.5390463E-02 -2.4734751E-02 -2.5309800E-02 -2.4656172E-02
     123.599 -2.4157108E-02 -2.3531429E-02 -2.4045342E-02 -2.3422557E-02
     123.799 -2.2914770E-02 -2.2319529E-02 -2.2775882E-02 -2.2184249E-02
     123.999 -2.1656471E-02 -2.1092260E-02 -2.1504416E-02 -2.0944167E-02
     124.199 -2.0377956E-02 -1.9845485E-02 -2.0233910E-02 -1.9705203E-02
     124.399 -1.9079052E-02 -1.8579041E-02 -1.8967227E-02 -1.8470146E-02
     124.599 -1.7764311E-02 -1.7297368E-02 -1.7707145E-02 -1.7241704E-02
     124.799 -1.6442630E-02 -1.6009134E-02 -1.6456290E-02 -1.6022433E-02
     124.999 -1.5126106E-02 -1.4726120E-02 -1.5217167E-02 -1.4814772E-02
     125.199 -1.3828147E-02 -1.3461379E-02 -1.3992126E-02 -1.3621009E-02
     125.399 -1.2561358E-02 -1.2227180E-02 -1.2783402E-02 -1.2443317E-02
     125.599 -1.1335547E-02 -1.1033062E-02 -1.1593183E-02 -1.1283823E-02
     125.799 -1.0156174E-02 -9.8843329E-03 -1.0423625E-02 -1.0144626E-02
     125.999 -9.0237196E-03 -8.7814494E-03 -9.2769877E-03 -9.0279178E-03
     126.199 -7.9339240E-03 -7.7202575E-03 -8.1556649E-03 -7.9360267E-03
     126.399 -6.8790268E-03 -6.6931974E-03 -7.0622804E-03 -6.8715006E-03
     126.599 -5.8497279E-03 -5.6912143E-03 -5.9997506E-03 -5.8371717E-03
     126.799 -4.8374707E-03 -4.7059793E-03 -4.9712606E-03 -4.8361326E-03
     126.999 -3.8367416E-03 -3.7321265E-03 -3.9802762E-03 -3.8717474E-03
     127.199 -2.8467937E-03 -2.7689282E-03 -3.0304222E-03 -2.9475342E-03
     127.399 -1.8726048E-03 -1.8212245E-03 -2.1253968E-03 -2.0670804E-03
     127.599 -9.2470957E-04 -8.9925758E-04 -1.2687745E-03 -1.2338523E-03
     127.799 -1.8014809E-05 -1.7517397E-05 -4.6383902E-04 -4.5103183E-04
     127.999  8.3027338E-04  8.0727582E-04  2.8658804E-04  2.7864990E-04
     128.199  1.6033060E-03  1.5587552E-03  9.8033305E-04  9.5309270E-04
     128.399  2.2872676E-03  2.2235090E-03  1.6159523E-03  1.5709069E-03
     128.599  2.8737196E-03  2.7933573E-03  2.1928079E-03  2.1314870E-03
     128.799  3.3610661E-03  3.2667740E-03  2.7110167E-03  2.6349613E-03
     128.999  3.7549619E-03  3.6492808E-03  3.1713712E-03  3.0821149E-03
     129.199  4.0674839E-03  3.9526379E-03  3.5751648E-03  3.4742195E-03
     129.399  4.3152186E-03  4.1929839E-03  3.9239777E-03  3.8128255E-03
     129.599  4.5165781E-03  4.3882251E-03  4.2194632E-03  4.0995537E-03
     129.799  4.6887575E-03  4.5550786E-03  4.4631208E-03  4.3358749E-03
     129.999  4.8448887E-03  4.7063086E-03  4.6561383E-03  4.5229570E-03
     130.199  4.9918459E-03  4.8485961E-03  4.7992837E-03  4.6615599E-03
     130.399  5.1291153E-03  4.9814448E-03  4.8929019E-03  4.7520321E-03
     130.599  5.2489141E-03  5.0972989E-03  4.9369926E-03  4.7943872E-03
     130.799  5.3375617E-03  5.1828790E-03  4.9313788E-03  4.7884673E-03
     130.999  5.3778908E-03  5.2215259E-03  4.8759418E-03  4.7341713E-03
     131.199  5.3522911E-03  5.1961567E-03  4.7708910E-03  4.6317169E-03
     131.399  5.2458944E-03  5.0923574E-03  4.6170311E-03  4.4818997E-03
     131.599  5.0493692E-03  4.9010941E-03  4.4159988E-03  4.2863227E-03
     131.799  4.7608604E-03  4.6205930E-03  4.1704188E-03  4.0475473E-03
     131.999  4.3867632E-03  4.2570874E-03  3.8839718E-03  3.7691588E-03
     132.199  3.9412139E-03  3.8243203E-03  3.5613581E-03  3.4557307E-03
     132.399  3.4443636E-03  3.3418648E-03  3.2081408E-03  3.1126716E-03
     132.599  2.9197749E-03  2.8325961E-03  2.8305224E-03  2.7460085E-03
     132.799  2.3913114E-03  2.3196720E-03  2.4350330E-03  2.3620839E-03
     132.999  1.8801011E-03  1.8235875E-03  2.0282227E-03  1.9672567E-03
     133.199  1.4019865E-03  1.3597026E-03  1.6163372E-03  1.5675885E-03
     133.399  9.6591891E-04  9.3668859E-04  1.2050637E-03  1.1685965E-03
     133.599  5.7350102E-04  5.5608732E-04  7.9935576E-04  7.7508424E-04
     133.799  2.1969464E-04  2.1300130E-04  4.0333403E-04  3.9104584E-04
     133.999 -1.0541636E-04 -1.0219381E-04  2.0319304E-05  1.9698148E-05
     134.199 -4.1419253E-04 -4.0148781E-04 -3.4707285E-04 -3.3642693E-04
     134.399 -7.1871902E-04 -6.9659852E-04 -6.9674607E-04 -6.7530185E-04
     134.599 -1.0282794E-03 -9.9652366E-04 -1.0268974E-03 -9.9518431E-04
     134.799 -1.3474475E-03 -1.3056933E-03 -1.3358007E-03 -1.2944075E-03
     134.999 -1.6750533E-03 -1.6229703E-03 -1.6215914E-03 -1.5711707E-03
     135.199 -2.0042019E-03 -1.9416717E-03 -1.8821281E-03 -1.8234066E-03
     135.399 -2.3232472E-03 -2.2505149E-03 -2.1149041E-03 -2.0486943E-03
     135.599 -2.6175583E-03 -2.5353315E-03 -2.3170563E-03 -2.2442694E-03
     135.799 -2.8717044E-03 -2.7811847E-03 -2.4854355E-03 -2.4070914E-03
     135.999 -3.0716845E-03 -2.9745286E-03 -2.6167382E-03 -2.5339721E-03
     136.199 -3.2068288E-03 -3.1050497E-03 -2.7076824E-03 -2.6217454E-03
     136.399 -3.2710405E-03 -3.1668662E-03 -2.7551845E-03 -2.6674389E-03
     136.599 -3.2632243E-03 -3.1589409E-03 -2.7565287E-03 -2.6684379E-03
     136.799 -3.1868541E-03 -3.0846600E-03 -2.7094964E-03 -2.6226099E-03
     136.999 -3.0488121E-03 -2.9507071E-03 -2.6124455E-03 -2.5283820E-03
     137.199 -2.8577371E-03 -2.7654628E-03 -2.4643334E-03 -2.3847618E-03
     137.399 -2.6222091E-03 -2.5372469E-03 -2.2646900E-03 -2.1913118E-03
     137.599 -2.3490821E-03 -2.2727059E-03 -2.0135406E-03 -1.9480739E-03
     137.799 -2.0422850E-03 -1.9756537E-03 -1.7113160E-03 -1.6554828E-03
     137.999 -1.7022454E-03 -1.6465155E-03 -1.3587389E-03 -1.3142551E-03
     138.199 -1.3260506E-03 -1.2824863E-03 -9.5674226E-04 -9.2531069E-04
     138.399 -9.0823848E-04 -8.7829671E-04 -5.0638959E-04 -4.8969552E-04
     138.599 -4.4208136E-04 -4.2745665E-04 -8.8439486E-06 -8.5513776E-06
     138.799  7.8902047E-05  7.6282766E-05  5.3462344E-04  5.1687576E-04
     138.999  6.5951930E-04  6.3754925E-04  1.1226212E-03  1.0852242E-03
     139.199  1.3017587E-03  1.2582431E-03  1.7535659E-03  1.6949471E-03
     139.399  2.0042002E-03  1.9369695E-03  2.4256481E-03  2.3442800E-03
     139.599  2.7619807E-03  2.6690071E-03  3.1367560E-03  3.0311666E-03
     139.799  3.5673925E-03  3.4468878E-03  3.8844653E-03  3.7532500E-03
     139.999  4.4109051E-03  4.2613864E-03  4.6660224E-03  4.5078558E-03
     140.199  5.2824380E-03  5.1027505E-03  5.4783531E-03  5.2920013E-03
     140.399  6.1726911E-03  5.9619862E-03  6.3181381E-03  6.1024684E-03
     140.599  7.0741917E-03  6.8318689E-03  7.1818481E-03  6.9358377E-03
     140.799  7.9820090E-03  7.7076321E-03  8.0658558E-03  7.7885967E-03
     140.999  8.8938910E-03  8.5870976E-03  8.9664791E-03  8.6571818E-03
     141.199  9.8099557E-03  9.4703768E-03  9.8800804E-03  9.5380740E-03
     141.399  1.0731911E-02  1.0359115E-02  1.0803105E-02  1.0427836E-02
     141.599  1.1662009E-02  1.1255483E-02  1.1732101E-02  1.1323132E-02
     141.799  1.2601984E-02  1.2161150E-02  1.2663762E-02  1.2220767E-02
     141.999  1.3552067E-02  1.3076334E-02  1.3594893E-02  1.3117656E-02
     142.199  1.4510392E-02  1.3999229E-02  1.4522434E-02  1.4010846E-02
     142.399  1.5472777E-02  1.4925797E-02  1.5443439E-02  1.4897496E-02
     142.599  1.6432969E-02  1.5850004E-02  1.6355068E-02  1.5774867E-02
     142.799  1.7383335E-02  1.6764488E-02  1.7254632E-02  1.6640366E-02
     142.999  1.8315753E-02  1.7661420E-02  1.8139585E-02  1.7491545E-02
     143.199  1.9222685E-02  1.8533536E-02  1.9007607E-02  1.8326168E-02
     143.399  2.0098094E-02  1.9375026E-02  1.9856609E-02  1.9142229E-02
     143.599  2.0938175E-02  2.0182234E-02  2.0684812E-02  1.9938018E-02
     143.799  2.1741691E-02  2.0953979E-02  2.1490763E-02  2.0712141E-02
     143.999  2.2509882E-02  2.1691467E-02  2.2273330E-02  2.1463516E-02
     144.199  2.3246035E-02  2.2397880E-02  2.3031716E-02  2.2191381E-02
     144.399  2.3954692E-02  2.3077605E-02  2.3765372E-02  2.2895217E-02
     144.599  2.4640759E-02  2.3735376E-02  2.4473958E-02  2.3574704E-02
     144.799  2.5308542E-02  2.4375349E-02  2.5157212E-02  2.4229598E-02
     144.999  2.5960991E-02  2.5000370E-02  2.5814869E-02  2.4859654E-02
     145.199  2.6599164E-02  2.5611463E-02  2.6446550E-02  2.5464516E-02
     145.399  2.7222029E-02  2.6207640E-02  2.7051662E-02  2.6043622E-02
     145.599  2.7826629E-02  2.6786060E-02  2.7629366E-02  2.6596174E-02
     145.799  2.8408496E-02  2.7342428E-02  2.8178529E-02  2.7121091E-02
     145.999  2.8962309E-02  2.7871631E-02  2.8697763E-02  2.7617048E-02
     146.199  2.9482583E-02  2.8368404E-02  2.9185463E-02  2.8082512E-02
     146.399  2.9964364E-02  2.8827992E-02  2.9639910E-02  2.8515842E-02
     146.599  3.0403749E-02  2.9246655E-02  3.0059368E-02  2.8915380E-02
     146.799  3.0798198E-02  2.9621966E-02  3.0442190E-02  2.9279555E-02
     146.999  3.1146626E-02  2.9952901E-02  3.0786934E-02  2.9606994E-02
     147.199  3.1449253E-02  3.0239688E-02  3.1092428E-02  2.9896586E-02
     147.399  3.1707298E-02  3.0483518E-02  3.1357827E-02  3.0147535E-02
     147.599  3.1922566E-02  3.0686143E-02  3.1582618E-02  3.0359361E-02
     147.799  3.2097034E-02  3.0849481E-02  3.1766593E-02  3.0531883E-02
     147.999  3.2232479E-02  3.0975255E-02  3.1909792E-02  3.0665156E-02
     148.199  3.2330216E-02  3.1064747E-02  3.2012416E-02  3.0759386E-02
     148.399  3.2390974E-02  3.1118671E-02  3.2074734E-02  3.0814852E-02
     148.599  3.2414882E-02  3.1137165E-02  3.2096994E-02  3.0831808E-02
     148.799  3.2401558E-02  3.1119879E-02  3.2079346E-02  3.0810413E-02
     148.999  3.2350256E-02  3.1066112E-02  3.2021792E-02  3.0750687E-02
     149.199  3.2260021E-02  3.0974963E-02  3.1924165E-02  3.0652486E-02
     149.399  3.2129825E-02  3.0845461E-02  3.1786149E-02  3.0515523E-02
     149.599  3.1958665E-02  3.0676660E-02  3.1607324E-02  3.0339413E-02
     149.799  3.1745606E-02  3.0467681E-02  3.1387232E-02  3.0123733E-02
     149.999  3.1489805E-02  3.0217732E-02  3.1125474E-02  2.9868118E-02
     150.199  3.1190517E-02  2.9926117E-02  3.0821784E-02  2.9572332E-02
     150.399  3.0847124E-02  2.9592263E-02  3.0476116E-02  2.9236348E-02
     150.599  3.0459203E-02  2.9215782E-02  3.0088708E-02  2.8860412E-02
     150.799  3.0026616E-02  2.8796563E-02  2.9660100E-02  2.8445062E-02
     150.999  2.9549661E-02  2.8334909E-02  2.9191152E-02  2.7991138E-02
     151.199  2.9029188E-02  2.7831657E-02  2.8682990E-02  2.7499742E-02
     151.399  2.8466724E-02  2.7288291E-02  2.8136971E-02  2.6972188E-02
     151.599  2.7864492E-02  2.6706957E-02  2.7554572E-02  2.6409911E-02
     151.799  2.7225346E-02  2.6090411E-02  2.6937307E-02  2.5814379E-02
     151.999  2.6552604E-02  2.5441847E-02  2.6286637E-02  2.5187006E-02
     152.199  2.5849733E-02  2.4764605E-02  2.5603851E-02  2.4529045E-02
     152.399  2.5120016E-02  2.4061842E-02  2.4890027E-02  2.3841541E-02
     152.599  2.4366129E-02  2.3336132E-02  2.4145957E-02  2.3125268E-02
     152.799  2.3589816E-02  2.2589160E-02  2.3372158E-02  2.2380736E-02
     152.999  2.2791617E-02  2.1821452E-02  2.2568874E-02  2.1608191E-02
     153.199  2.1970778E-02  2.1032298E-02  2.1736133E-02  2.0807676E-02
     153.399  2.1125357E-02  2.0219850E-02  2.0873845E-02  1.9979118E-02
     153.599  2.0252480E-02  1.9381368E-02  1.9981871E-02  1.9122399E-02
     153.799  1.9348815E-02  1.8513680E-02  1.9060170E-02  1.8237493E-02
     153.999  1.8411094E-02  1.7613672E-02  1.8108866E-02  1.7324535E-02
     154.199  1.7436723E-02  1.6678882E-02  1.7128389E-02  1.6383949E-02
     154.399  1.6424277E-02  1.5707962E-02  1.6119510E-02  1.5416487E-02
     154.599  1.5373893E-02  1.4701065E-02  1.5083398E-02  1.4423283E-02
     154.799  1.4287479E-02  1.3660030E-02  1.4021645E-02  1.3405871E-02
     154.999  1.3168626E-02  1.2588310E-02  1.2936199E-02  1.2366126E-02
     155.199  1.2022379E-02  1.1490743E-02  1.1829340E-02  1.1306239E-02
     155.399  1.0854728E-02  1.0373065E-02  1.0703545E-02  1.0228592E-02
     155.599  9.6720550E-03  9.2413889E-03  9.5614264E-03  9.1356863E-03
     155.799  8.4804635E-03  8.1015511E-03  8.4055688E-03  8.0300028E-03
     155.999  7.2852040E-03  6.9585732E-03  7.2384401E-03  6.9139060E-03
     156.199  6.0902371E-03  5.8162407E-03  6.0623160E-03  5.7895757E-03
     156.399  4.8979238E-03  4.6768095E-03  4.8791761E-03  4.6589082E-03
     156.599  3.7090309E-03  3.5410119E-03  3.6907251E-03  3.5235353E-03
     156.799  2.5228625E-03  2.4081836E-03  2.4983571E-03  2.3847922E-03
     156.999  1.3376770E-03  1.2766627E-03  1.3032536E-03  1.2438093E-03
     157.199  1.5114772E-04  1.4422985E-04  1.0642108E-04  1.0155030E-04
     157.399 -1.0390594E-03 -9.9133950E-04 -1.0911899E-03 -1.0410758E-03
     157.599 -2.2347270E-03 -2.1317426E-03 -2.2885597E-03 -2.1830946E-03
     157.799 -3.4366784E-03 -3.2777607E-03 -3.4845415E-03 -3.3234106E-03
     157.999 -4.6444267E-03 -4.4289251E-03 -4.6777342E-03 -4.4606871E-03
     158.199 -5.8560922E-03 -5.5834392E-03 -5.8664781E-03 -5.5933415E-03
     158.399 -7.0684454E-03 -6.7382209E-03 -7.0488301E-03 -6.7195220E-03
     158.599 -8.2771193E-03 -7.8891063E-03 -8.2225813E-03 -7.8371249E-03
     158.799 -9.4770145E-03 -9.0312360E-03 -9.3853729E-03 -8.9439051E-03
     158.999 -1.0662696E-02 -1.0159434E-02 -1.0534754E-02 -1.0037531E-02
     159.199 -1.1828914E-02 -1.1268705E-02 -1.1668353E-02 -1.1115749E-02
     159.399 -1.2971000E-02 -1.2354611E-02 -1.2783957E-02 -1.2176456E-02
     159.599 -1.4085279E-02 -1.3413660E-02 -1.3879665E-02 -1.3217850E-02
     159.799 -1.5169308E-02 -1.4443541E-02 -1.4953961E-02 -1.4238497E-02
     159.999 -1.6221990E-02 -1.5443221E-02 -1.6005747E-02 -1.5237359E-02
     160.199 -1.7243591E-02 -1.6412968E-02 -1.7034381E-02 -1.6213835E-02
     160.399 -1.8235556E-02 -1.7354171E-02 -1.8039597E-02 -1.7167683E-02
     160.599 -1.9200277E-02 -1.8269119E-02 -1.9021461E-02 -1.8098974E-02
     160.799 -2.0140702E-02 -1.9160629E-02 -1.9980217E-02 -1.9007953E-02
     160.999 -2.1059957E-02 -2.0031685E-02 -2.0916190E-02 -1.9894938E-02
     161.199 -2.1960909E-02 -2.0885023E-02 -2.1829634E-02 -2.0760180E-02
     161.399 -2.2845754E-02 -2.1722740E-02 -2.2720594E-02 -2.1603733E-02
     161.599 -2.3715722E-02 -2.2546011E-02 -2.3588846E-02 -2.2425393E-02
     161.799 -2.4570812E-02 -2.3354842E-02 -2.4433798E-02 -2.3224608E-02
     161.999 -2.5409736E-02 -2.4148014E-02 -2.5254506E-02 -2.4000493E-02
     162.199 -2.6229927E-02 -2.4923098E-02 -2.6049665E-02 -2.4751817E-02
     162.399 -2.7027767E-02 -2.5676663E-02 -2.6817696E-02 -2.5477093E-02
     162.599 -2.7798892E-02 -2.6404574E-02 -2.7556817E-02 -2.6174640E-02
     162.799 -2.8538586E-02 -2.7102366E-02 -2.8265135E-02 -2.6842676E-02
     162.999 -2.9242271E-02 -2.7765706E-02 -2.8940777E-02 -2.7479435E-02
     163.199 -2.9905913E-02 -2.8390782E-02 -2.9581946E-02 -2.8083229E-02
     163.399 -3.0526421E-02 -2.8974681E-02 -3.0187032E-02 -2.8652544E-02
     163.599 -3.1101872E-02 -2.9515598E-02 -3.0754624E-02 -2.9186061E-02
     163.799 -3.1631617E-02 -3.0012940E-02 -3.1283555E-02 -2.9682689E-02
     163.999 -3.2116185E-02 -3.0467232E-02 -3.1772882E-02 -3.0141554E-02
     164.199 -3.2557025E-02 -3.0879869E-02 -3.2221846E-02 -3.0561957E-02
     164.399 -3.2956140E-02 -3.1252774E-02 -3.2629851E-02 -3.0943349E-02
     164.599 -3.3315617E-02 -3.1587947E-02 -3.2996385E-02 -3.1285269E-02
     164.799 -3.3637186E-02 -3.1887048E-02 -3.3320996E-02 -3.1587309E-02
     164.999 -3.3921821E-02 -3.2151018E-02 -3.3603235E-02 -3.1849063E-02
     165.199 -3.4169497E-02 -3.2379853E-02 -3.3842640E-02 -3.2070116E-02
     165.399 -3.4379106E-02 -3.2572523E-02 -3.4038721E-02 -3.2250025E-02
     165.599 -3.4548569E-02 -3.2727077E-02 -3.4190961E-02 -3.2388323E-02
     165.799 -3.4675126E-02 -3.2840922E-02 -3.4298833E-02 -3.2484534E-02
     165.999 -3.4755735E-02 -3.2911200E-02 -3.4361823E-02 -3.2538193E-02
     166.199 -3.4787547E-02 -3.2935238E-02 -3.4379447E-02 -3.2548867E-02
     166.399 -3.4768335E-02 -3.2910952E-02 -3.4351277E-02 -3.2516174E-02
     166.599 -3.4696829E-02 -3.2837170E-02 -3.4276953E-02 -3.2439797E-02
     166.799 -3.4572891E-02 -3.2713785E-02 -3.4156194E-02 -3.2319495E-02
     166.999 -3.4397483E-02 -3.2541738E-02 -3.3988800E-02 -3.2155104E-02
     167.199 -3.4172448E-02 -3.2322800E-02 -3.3774649E-02 -3.1946532E-02
     167.399 -3.3900146E-02 -3.2059227E-02 -3.3513701E-02 -3.1693767E-02
     167.599 -3.3582983E-02 -3.1753321E-02 -3.3205988E-02 -3.1396865E-02
     167.799 -3.3222959E-02 -3.1406997E-02 -3.2851619E-02 -3.1055955E-02
     167.999 -3.2821305E-02 -3.1021441E-02 -3.2450794E-02 -3.0671248E-02
     168.199 -3.2378255E-02 -3.0596898E-02 -3.2003793E-02 -3.0243038E-02
     168.399 -3.1893065E-02 -3.0132687E-02 -3.1511010E-02 -2.9771720E-02
     168.599 -3.1364196E-02 -2.9627379E-02 -3.0972930E-02 -2.9257779E-02
     168.799 -3.0789725E-02 -2.9079179E-02 -3.0390153E-02 -2.8701805E-02
     168.999 -3.0167810E-02 -2.8486375E-02 -2.9763359E-02 -2.8104466E-02
     169.199 -2.9497204E-02 -2.7847816E-02 -2.9093289E-02 -2.7466487E-02
     169.399 -2.8777677E-02 -2.7163312E-02 -2.8380719E-02 -2.6788623E-02
     169.599 -2.8010224E-02 -2.6433829E-02 -2.7626386E-02 -2.6071594E-02
     169.799 -2.7197095E-02 -2.5661517E-02 -2.6830968E-02 -2.5316062E-02
     169.999 -2.6341501E-02 -2.4849432E-02 -2.5995005E-02 -2.4522562E-02
     170.199 -2.5447173E-02 -2.4001116E-02 -2.5118901E-02 -2.3691498E-02
     170.399 -2.4517710E-02 -2.3119985E-02 -2.4202888E-02 -2.2823110E-02
     170.599 -2.3555940E-02 -2.2208726E-02 -2.3247049E-02 -2.1917501E-02
     170.799 -2.2563372E-02 -2.1268781E-02 -2.2251394E-02 -2.0974703E-02
     170.999 -2.1539817E-02 -2.0299988E-02 -2.1215906E-02 -1.9994722E-02
     171.199 -2.0483369E-02 -1.9300572E-02 -2.0140695E-02 -1.8977685E-02
     171.399 -1.9390654E-02 -1.8267372E-02 -1.9026084E-02 -1.7923921E-02
     171.599 -1.8257473E-02 -1.7196454E-02 -1.7872785E-02 -1.6834122E-02
     171.799 -1.7079601E-02 -1.6083865E-02 -1.6681984E-02 -1.5709428E-02
     171.999 -1.5853766E-02 -1.4926548E-02 -1.5455443E-02 -1.4551522E-02
     172.198 -1.4578581E-02 -1.3723228E-02 -1.4195577E-02 -1.3362696E-02
     172.398 -1.3255226E-02 -1.2475043E-02 -1.2905403E-02 -1.2145810E-02
     172.598 -1.1887884E-02 -1.1185958E-02 -1.1588533E-02 -1.0904282E-02
     172.798 -1.0483662E-02 -9.8626854E-03 -1.0249012E-02 -9.6419338E-03
     172.998 -9.0521748E-03 -8.5142897E-03 -8.8912100E-03 -8.3628895E-03
     173.198 -7.6046307E-03 -7.1513293E-03 -7.5195905E-03 -7.0713582E-03
     173.398 -6.1527134E-03 -5.7847994E-03 -6.1385319E-03 -5.7714659E-03
     173.598 -4.7073462E-03 -4.4249722E-03 -4.7521642E-03 -4.4671017E-03
     173.798 -3.2774594E-03 -3.0802384E-03 -3.3641696E-03 -3.1617309E-03
     173.998 -1.8691235E-03 -1.7562949E-03 -1.9777387E-03 -1.8583536E-03
     174.198 -4.8497908E-04 -4.5561150E-04 -5.9548617E-04 -5.5942691E-04
     174.398  8.7576690E-04  8.2256885E-04  7.8049477E-04  7.3308398E-04
     174.598  2.2168399E-03  2.0817565E-03  2.1485130E-03  2.0175932E-03
     174.798  3.5440222E-03  3.3273902E-03  3.5071759E-03  3.2927962E-03
     174.998  4.8638684E-03  4.5656291E-03  4.8551475E-03  4.5574430E-03
     175.198  6.1824020E-03  5.8021291E-03  6.1910050E-03  5.8102029E-03
     175.398  7.5037836E-03  7.0407933E-03  7.5130003E-03  7.0494414E-03
     175.598  8.8293461E-03  8.2828693E-03  8.8189607E-03  8.2731267E-03
     175.798  1.0156982E-02  9.5263769E-03  1.0106179E-02  9.4787272E-03
     175.998  1.1481036E-02  1.0766010E-02  1.1371373E-02  1.0663176E-02
     176.198  1.2792773E-02  1.1993579E-02  1.2610792E-02  1.1822966E-02
     176.398  1.4081193E-02  1.3198781E-02  1.3820279E-02  1.2954217E-02
     176.598  1.5334265E-02  1.4370352E-02  1.4995512E-02  1.4052893E-02
     176.798  1.6540188E-02  1.5497255E-02  1.6132161E-02  1.5114956E-02
     176.998  1.7688690E-02  1.6569894E-02  1.7226158E-02  1.6136617E-02
     177.198  1.8772033E-02  1.7581053E-02  1.8273887E-02  1.7114512E-02
     177.398  1.9785646E-02  1.8526492E-02  1.9272333E-02  1.8045846E-02
     177.598  2.0728371E-02  1.9405164E-02  2.0219227E-02  1.8928522E-02
     177.798  2.1602166E-02  2.0218944E-02  2.1113035E-02  1.9761133E-02
     177.998  2.2411503E-02  2.0972054E-02  2.1952952E-02  2.0542955E-02
     178.198  2.3162397E-02  2.1670161E-02  2.2738746E-02  2.1273804E-02
     178.398  2.3861373E-02  2.2319403E-02  2.3470615E-02  2.1953896E-02
     178.598  2.4514404E-02  2.2925392E-02  2.4148959E-02  2.2583636E-02
     178.798  2.5126009E-02  2.3492383E-02  2.4774144E-02  2.3163396E-02
     178.998  2.5698656E-02  2.4022707E-02  2.5346314E-02  2.3693343E-02
     179.198  2.6232435E-02  2.4516469E-02  2.5865193E-02  2.4173250E-02
     179.398  2.6725115E-02  2.4971608E-02  2.6329998E-02  2.4602416E-02
     179.598  2.7172441E-02  2.5384173E-02  2.6739372E-02  2.4979605E-02
     179.798  2.7568697E-02  2.5748852E-02  2.7091438E-02  2.5303097E-02
     179.998  2.7907351E-02  2.6059575E-02  2.7383904E-02  2.5570787E-02
     180.198  2.8181737E-02  2.6310154E-02  2.7614231E-02  2.5780337E-02
     180.398  2.8385690E-02  2.6494873E-02  2.7779855E-02  2.5929394E-02
     180.598  2.8514035E-02  2.6608945E-02  2.7878418E-02  2.6015795E-02
     180.798  2.8562949E-02  2.6648847E-02  2.7908009E-02  2.6037797E-02
     180.998  2.8530150E-02  2.6612499E-02  2.7867360E-02  2.5994259E-02
     181.198  2.8414966E-02  2.6499325E-02  2.7756008E-02  2.5884792E-02
     181.398  2.8218288E-02  2.6310205E-02  2.7574385E-02  2.5709842E-02
     181.598  2.7942465E-02  2.6047378E-02  2.7323844E-02  2.5470712E-02
     181.798  2.7591141E-02  2.5714289E-02  2.7006600E-02  2.5169510E-02
     181.998  2.7169081E-02  2.5315422E-02  2.6625624E-02  2.4809044E-02
     182.198  2.6681944E-02  2.4856096E-02  2.6184462E-02  2.4392657E-02
     182.398  2.6136061E-02  2.4342246E-02  2.5687047E-02  2.3924049E-02
     182.598  2.5538128E-02  2.3780142E-02  2.5137469E-02  2.3407064E-02
     182.798  2.4894878E-02  2.3176087E-02  2.4539772E-02  2.2845498E-02
     182.998  2.4212720E-02  2.2536072E-02  2.3897786E-02  2.2242946E-02
     183.198  2.3497323E-02  2.1865399E-02  2.3214969E-02  2.1602656E-02
     183.398  2.2753282E-02  2.1168364E-02  2.2494355E-02  2.0927473E-02
     183.598  2.1983801E-02  2.0447964E-02  2.1738507E-02  2.0219807E-02
     183.798  2.1190542E-02  1.9705763E-02  2.0949568E-02  1.9481673E-02
     183.998  2.0373654E-02  1.8941913E-02  2.0129361E-02  1.8714787E-02
     184.198  1.9531949E-02  1.8155326E-02  1.9279490E-02  1.7920660E-02
     184.398  1.8663355E-02  1.7344092E-02  1.8401518E-02  1.7100764E-02
     184.598  1.7765445E-02  1.6505974E-02  1.7497092E-02  1.6256646E-02
     184.798  1.6836143E-02  1.5639064E-02  1.6568110E-02  1.5390089E-02
     184.998  1.5874369E-02  1.4742378E-02  1.5616807E-02  1.4503182E-02
     185.198  1.4880634E-02  1.3816411E-02  1.4645830E-02  1.3598400E-02
     185.398  1.3857452E-02  1.2863518E-02  1.3658282E-02  1.2678633E-02
     185.598  1.2809445E-02  1.1888009E-02  1.2657650E-02  1.1747133E-02
     185.798  1.1743229E-02  1.0896038E-02  1.1647777E-02  1.0807472E-02
     185.998  1.0666933E-02  9.8951576E-03  1.0632711E-02  9.8634115E-03
     186.198  9.5895622E-03  8.8937287E-03  9.6166078E-03  8.9188119E-03
     186.398  8.5201480E-03  7.9001260E-03  8.6035591E-03  7.9774671E-03
     186.598  7.4669178E-03  6.9219725E-03  7.5974685E-03  7.0429954E-03
     186.798  6.4365689E-03  5.9654661E-03  6.6019557E-03  6.1187480E-03
     186.998  5.4337012E-03  5.0348556E-03  5.6202402E-03  5.2077022E-03
     187.198  4.4606203E-03  4.1322603E-03  4.6551397E-03  4.3124605E-03
     187.398  3.5173904E-03  3.2577217E-03  3.7090321E-03  3.4352155E-03
     187.598  2.6022813E-03  2.4096195E-03  2.7839324E-03  2.5778220E-03
     187.798  1.7123941E-03  1.5852531E-03  1.8815300E-03  1.7418312E-03
     187.998  8.4448216E-04  7.8160245E-04  1.0032923E-03  9.2858768E-04
     188.198 -4.2099440E-06 -3.8955799E-06  1.5057405E-04  1.3933041E-04
     188.398 -8.3526015E-04 -7.7271221E-04 -6.7532468E-04 -6.2475340E-04
     188.598 -1.6485384E-03 -1.5247377E-03 -1.4730544E-03 -1.3624320E-03
     188.798 -2.4420389E-03 -2.2581280E-03 -2.2412080E-03 -2.0724217E-03
     188.998 -3.2119684E-03 -2.9693883E-03 -2.9782809E-03 -2.7533498E-03
     189.198 -3.9531923E-03 -3.6537873E-03 -3.6827250E-03 -3.4038045E-03
     189.398 -4.6598648E-03 -4.3059411E-03 -4.3529913E-03 -4.0223751E-03
     189.598 -5.3261808E-03 -4.9205083E-03 -4.9875990E-03 -4.6077148E-03
     189.798 -5.9471578E-03 -5.4929123E-03 -5.5852455E-03 -5.1586430E-03
     189.998 -6.5192442E-03 -6.0199024E-03 -6.1448681E-03 -5.6742016E-03
     190.198 -7.0407611E-03 -6.4999595E-03 -6.6657394E-03 -6.1537432E-03
     190.398 -7.5120185E-03 -6.9334020E-03 -7.1474942E-03 -6.5969553E-03
     190.598 -7.9351863E-03 -7.3222643E-03 -7.5901653E-03 -7.0038931E-03
     190.798 -8.3138826E-03 -7.6699152E-03 -7.9941598E-03 -7.3749571E-03
     190.998 -8.6525865E-03 -7.9805141E-03 -8.3602066E-03 -7.7108443E-03
     191.198 -8.9559849E-03 -8.2584088E-03 -8.6892964E-03 -8.0124924E-03
     191.398 -9.2283197E-03 -8.5075323E-03 -8.9825768E-03 -8.2809833E-03
     191.598 -9.4728793E-03 -8.7309356E-03 -9.2412675E-03 -8.5174643E-03
     191.798 -9.6916695E-03 -8.9304849E-03 -9.4665633E-03 -8.7230585E-03
     191.998 -9.8853154E-03 -9.1067725E-03 -9.6595548E-03 -8.8987923E-03
     192.198 -1.0053201E-02 -9.2592475E-03 -9.8211838E-03 -9.0455540E-03
     192.398 -1.0193781E-02 -9.3865033E-03 -9.9522113E-03 -9.1640646E-03
     192.598 -1.0305025E-02 -9.4866895E-03 -1.0053228E-02 -9.2548885E-03
     192.798 -1.0384893E-02 -9.5579470E-03 -1.0124684E-02 -9.3184577E-03
     192.998 -1.0431773E-02 -9.5988129E-03 -1.0166938E-02 -9.3551237E-03
     193.198 -1.0444804E-02 -9.6085167E-03 -1.0180327E-02 -9.3652152E-03
     193.398 -1.0424051E-02 -9.5871403E-03 -1.0165233E-02 -9.3491015E-03
     193.598 -1.0370512E-02 -9.5356244E-03 -1.0122142E-02 -9.3072497E-03
     193.798 -1.0285983E-02 -9.4556405E-03 -1.0051701E-02 -9.2402711E-03
     193.998 -1.0172803E-02 -9.3493604E-03 -9.9547399E-03 -9.1489482E-03
     194.198 -1.0033567E-02 -9.2191855E-03 -9.8322917E-03 -9.0342470E-03
     194.398 -9.8708227E-03 -9.0674752E-03 -9.6855760E-03 -8.8973050E-03
     194.598 -9.6868465E-03 -8.8963348E-03 -9.5159752E-03 -8.7394078E-03
     194.798 -9.4835047E-03 -8.7074924E-03 -9.3249988E-03 -8.5619567E-03
     194.998 -9.2622175E-03 -8.5022648E-03 -9.1142330E-03 -8.3664221E-03
     195.198 -9.0240359E-03 -8.2816282E-03 -8.8853057E-03 -8.1543113E-03
     195.398 -8.7697739E-03 -8.0463413E-03 -8.6398406E-03 -7.9271263E-03
     195.598 -8.5001952E-03 -7.7971151E-03 -8.3794399E-03 -7.6863479E-03
     195.798 -8.2161744E-03 -7.5347624E-03 -8.1056614E-03 -7.4334148E-03
     195.998 -7.9188299E-03 -7.2603183E-03 -7.8200201E-03 -7.1697252E-03
     196.198 -7.6095931E-03 -6.9751038E-03 -7.5240002E-03 -6.8966477E-03
     196.398 -7.2901898E-03 -6.6807088E-03 -7.2190601E-03 -6.6155257E-03
     196.598 -6.9625820E-03 -6.3789377E-03 -6.9066597E-03 -6.3277031E-03
     196.798 -6.6288411E-03 -6.0716936E-03 -6.5882625E-03 -6.0345256E-03
     196.998 -6.2910350E-03 -5.7608745E-03 -6.2653537E-03 -5.7373574E-03
     197.198 -5.9511034E-03 -5.4482591E-03 -5.9394248E-03 -5.4375673E-03
     197.398 -5.6107887E-03 -5.1354438E-03 -5.6119624E-03 -5.1365181E-03
     197.598 -5.2716139E-03 -4.8238228E-03 -5.2844243E-03 -4.8355450E-03
     197.798 -4.9348909E-03 -4.5145957E-03 -4.9581894E-03 -4.5359099E-03
     197.998 -4.6017856E-03 -4.2088273E-03 -4.6345258E-03 -4.2387718E-03
     198.198 -4.2733648E-03 -3.9074911E-03 -4.3145293E-03 -3.9451313E-03
     198.398 -3.9506543E-03 -3.6115218E-03 -3.9990922E-03 -3.6558017E-03
     198.598 -3.6346334E-03 -3.3218106E-03 -3.6888553E-03 -3.3713658E-03
     198.798 -3.3261953E-03 -3.0391696E-03 -3.3841898E-03 -3.0921596E-03
     198.998 -3.0260582E-03 -2.7642497E-03 -3.0851963E-03 -2.8182712E-03
     199.198 -2.7346258E-03 -2.4974141E-03 -2.7917083E-03 -2.5495451E-03
     199.398 -2.4518632E-03 -2.2386255E-03 -2.5033395E-03 -2.2856249E-03
     199.598 -2.1771776E-03 -1.9873369E-03 -2.2195287E-03 -2.0259952E-03
     199.798 -1.9093741E-03 -1.7424526E-03 -1.9396161E-03 -1.7700508E-03
     199.998 -1.6466987E-03 -1.5023678E-03 -1.6629311E-03 -1.5171776E-03
