 # k       S(k)       S(k)_form^2       S(k)_Lorch          S(k)_Lorch_form^2
       0.200 -1.2127222E+00 -1.1764795E+00 -9.4234702E-01 -9.1418460E-01
       0.400 -1.1989138E+00 -1.1630764E+00 -9.2858819E-01 -9.0083126E-01
       0.600 -1.1755228E+00 -1.1403726E+00 -9.0620583E-01 -8.7910866E-01
       0.800 -1.1421169E+00 -1.1079492E+00 -8.7600345E-01 -8.4979682E-01
       1.000 -1.0983359E+00 -1.0654577E+00 -8.3906615E-01 -8.1394907E-01
       1.200 -1.0440903E+00 -1.0128124E+00 -7.9672146E-01 -7.7285399E-01
       1.400 -9.7975861E-01 -9.5038175E-01 -7.5049011E-01 -7.2798759E-01
       1.600 -9.0634879E-01 -8.7914514E-01 -7.0202782E-01 -6.8095677E-01
       1.800 -8.2559738E-01 -8.0078863E-01 -6.5305998E-01 -6.3343588E-01
       2.000 -7.3998309E-01 -7.1771811E-01 -6.0531145E-01 -5.8709854E-01
       2.200 -6.5264549E-01 -6.3298019E-01 -5.6043435E-01 -5.4354752E-01
       2.400 -5.6721070E-01 -5.5009284E-01 -5.1993736E-01 -5.0424616E-01
       2.600 -4.8753861E-01 -4.7280007E-01 -4.8512017E-01 -4.7045474E-01
       2.800 -4.1741730E-01 -4.0477532E-01 -4.5701699E-01 -4.4317569E-01
       3.000 -3.6023775E-01 -3.4930596E-01 -4.3635271E-01 -4.2311113E-01
       3.200 -3.1868597E-01 -3.0899469E-01 -4.2351472E-01 -4.1063558E-01
       3.400 -2.9448844E-01 -2.8551290E-01 -4.1854264E-01 -4.0578612E-01
       3.600 -2.8824134E-01 -2.7943531E-01 -4.2113704E-01 -4.0827092E-01
       3.800 -2.9934474E-01 -2.9017651E-01 -4.3068683E-01 -4.1749590E-01
       4.000 -3.2605077E-01 -3.1603818E-01 -4.4631372E-01 -4.3260801E-01
       4.200 -3.6562182E-01 -3.5436287E-01 -4.6693084E-01 -4.5255218E-01
       4.400 -4.1458193E-01 -4.0177816E-01 -4.9131143E-01 -4.7613798E-01
       4.600 -4.6903406E-01 -4.5450457E-01 -5.1816269E-01 -5.0211133E-01
       4.800 -5.2500870E-01 -5.0869370E-01 -5.4619959E-01 -5.2922607E-01
       5.000 -5.7880620E-01 -5.6076004E-01 -5.7421334E-01 -5.5631038E-01
       5.200 -6.2729667E-01 -6.0767159E-01 -6.0112987E-01 -5.8232341E-01
       5.400 -6.6814741E-01 -6.4716993E-01 -6.2605456E-01 -6.0639865E-01
       5.600 -6.9995541E-01 -6.7789828E-01 -6.4830015E-01 -6.2787079E-01
       5.800 -7.2227832E-01 -6.9943099E-01 -6.6739830E-01 -6.4628694E-01
       6.000 -7.3556224E-01 -7.1220308E-01 -6.8309307E-01 -6.6140017E-01
       6.200 -7.4098334E-01 -7.1735643E-01 -6.9531988E-01 -6.7314900E-01
       6.400 -7.4022558E-01 -7.1652403E-01 -7.0417233E-01 -6.8162518E-01
       6.600 -7.3522386E-01 -7.1158102E-01 -7.0986101E-01 -6.8703378E-01
       6.800 -7.2790466E-01 -7.0439348E-01 -7.1266825E-01 -6.8964920E-01
       7.000 -7.1995422E-01 -6.9659401E-01 -7.1290373E-01 -6.8977228E-01
       7.200 -7.1263888E-01 -6.8940804E-01 -7.1086426E-01 -6.8769127E-01
       7.400 -7.0669517E-01 -6.8354777E-01 -7.0680104E-01 -6.8365018E-01
       7.600 -7.0229613E-01 -6.7917999E-01 -7.0089622E-01 -6.7782616E-01
       7.800 -6.9909164E-01 -6.7596545E-01 -6.9324948E-01 -6.7031655E-01
       8.000 -6.9631114E-01 -6.7315866E-01 -6.8387457E-01 -6.6113561E-01
       8.200 -6.9290943E-01 -6.6974918E-01 -6.7270397E-01 -6.5021907E-01
       8.400 -6.8773295E-01 -6.6462256E-01 -6.5959946E-01 -6.3743445E-01
       8.600 -6.7968243E-01 -6.5671768E-01 -6.4436692E-01 -6.2259540E-01
       8.800 -6.6784994E-01 -6.4515918E-01 -6.2677166E-01 -6.0547657E-01
       9.000 -6.5161318E-01 -6.2934830E-01 -6.0655229E-01 -5.8582709E-01
       9.200 -6.3067762E-01 -6.0900341E-01 -5.8343274E-01 -5.6338217E-01
       9.400 -6.0506320E-01 -5.8414682E-01 -5.5712978E-01 -5.3787041E-01
       9.600 -5.7504109E-01 -5.5504348E-01 -5.2735690E-01 -5.0901756E-01
       9.800 -5.4103410E-01 -5.2210457E-01 -4.9382678E-01 -4.7654892E-01
      10.000 -5.0349538E-01 -4.8577027E-01 -4.5625182E-01 -4.4018988E-01
      10.200 -4.6278508E-01 -4.4639083E-01 -4.1434533E-01 -3.9966707E-01
      10.400 -4.1906625E-01 -4.0412612E-01 -3.6782781E-01 -3.5471438E-01
      10.600 -3.7223230E-01 -3.5887607E-01 -3.1643652E-01 -3.0508232E-01
      10.800 -3.2187920E-01 -3.1025401E-01 -2.5994100E-01 -2.5055281E-01
      11.000 -2.6732998E-01 -2.5761082E-01 -1.9816782E-01 -1.9096315E-01
      11.200 -2.0770456E-01 -2.0010238E-01 -1.3102722E-01 -1.2623150E-01
      11.400 -1.4203455E-01 -1.3680056E-01 -5.8548316E-02 -5.6390806E-02
      11.600 -6.9404234E-02 -6.6829066E-02  1.9086898E-02  1.8378700E-02
      11.800  1.0896587E-02  1.0489465E-02  1.0151170E-01  9.7718983E-02
      12.000  9.9221714E-02  9.5488456E-02  1.8814450E-01  1.8106548E-01
      12.200  1.9544317E-01  1.8803722E-01  2.7817113E-01  2.6763037E-01
      12.400  2.9886365E-01  2.8745741E-01  3.7053977E-01  3.5639799E-01
      12.600  4.0817221E-01  3.9248119E-01  4.6396639E-01  4.4613052E-01
      12.800  5.2145810E-01  5.0126540E-01  5.5696082E-01  5.3539333E-01
      13.000  6.3627627E-01  6.1145550E-01  6.4786697E-01  6.2259405E-01
      13.200  7.4975894E-01  7.2029357E-01  7.3491599E-01  7.0603394E-01
      13.400  8.5877174E-01  8.2476898E-01  8.1629588E-01  7.8397495E-01
      13.600  9.6009040E-01  9.2178866E-01  8.9022493E-01  8.5471039E-01
      13.800  1.0505890E+00  1.0083579E+00  9.5502896E-01  9.1663915E-01
      14.000  1.1274284E+00  1.0817613E+00  1.0092204E+00  9.6834135E-01
      14.200  1.1882194E+00  1.1397188E+00  1.0515650E+00  1.0086424E+00
      14.400  1.2311607E+00  1.1805176E+00  1.0811422E+00  1.0366700E+00
      14.600  1.2551331E+00  1.2031013E+00  1.0973858E+00  1.0518934E+00
      14.800  1.2597492E+00  1.2071166E+00  1.1001086E+00  1.0541458E+00
      15.000  1.2453562E+00  1.1929150E+00  1.0895069E+00  1.0436284E+00
      15.200  1.2129933E+00  1.1615108E+00  1.0661453E+00  1.0208954E+00
      15.400  1.1643086E+00  1.1144997E+00  1.0309235E+00  9.8682076E-01
      15.600  1.1014437E+00  1.0539483E+00  9.8502684E-01  9.4255149E-01
      15.800  1.0268982E+00  9.8226296E-01  9.2986744E-01  8.8944973E-01
      16.000  9.4337807E-01  9.0204391E-01  8.6701391E-01  8.2902566E-01
      16.200  8.5364845E-01  8.1594470E-01  7.9812265E-01  7.6287135E-01
      16.400  7.6039028E-01  7.2653450E-01  7.2486606E-01  6.9259197E-01
      16.600  6.6607845E-01  6.3618198E-01  6.4886922E-01  6.1974518E-01
      16.800  5.7288524E-01  5.4696335E-01  5.7165564E-01  5.4578939E-01
      17.000  4.8260840E-01  4.6059416E-01  4.9460018E-01  4.7203893E-01
      17.200  3.9663763E-01  3.7839797E-01  4.1890020E-01  3.9963678E-01
      17.400  3.1594517E-01  3.0129807E-01  3.4555378E-01  3.2953404E-01
      17.600  2.4110942E-01  2.2984073E-01  2.7535421E-01  2.6248503E-01
      17.800  1.7236150E-01  1.6424031E-01  2.0889509E-01  1.9905254E-01
      18.000  1.0964550E-01  1.0443727E-01  1.4658128E-01  1.3961857E-01
      18.200  5.2694001E-02  5.0170637E-02  8.8651502E-02  8.4406236E-02
      18.400  1.1009521E-03  1.0478019E-03  3.5200406E-02  3.3501053E-02
      18.600 -4.5604989E-02 -4.3385452E-02 -1.3792608E-02 -1.3121339E-02
      18.800 -8.7901536E-02 -8.3588764E-02 -5.8438679E-02 -5.5571463E-02
      19.000 -1.2622560E-01 -1.1998233E-01 -9.8913631E-02 -9.4021239E-02
      19.200 -1.6094340E-01 -1.5291854E-01 -1.3543536E-01 -1.2868237E-01
      19.400 -1.9233952E-01 -1.8267178E-01 -1.6824676E-01 -1.5979002E-01
      19.600 -2.2061885E-01 -2.0944036E-01 -1.9759973E-01 -1.8758759E-01
      19.800 -2.4592341E-01 -2.3336264E-01 -2.2374577E-01 -2.1231775E-01
      20.000 -2.6835537E-01 -2.5453904E-01 -2.4692829E-01 -2.3421514E-01
      20.200 -2.8800349E-01 -2.7305714E-01 -2.6737820E-01 -2.5350222E-01
      20.400 -3.0496884E-01 -2.8901604E-01 -2.8531278E-01 -2.7038818E-01
      20.600 -3.1938328E-01 -3.0254393E-01 -3.0093462E-01 -2.8506797E-01
      20.800 -3.3142096E-01 -3.1380884E-01 -3.1443292E-01 -2.9772356E-01
      21.000 -3.4129919E-01 -3.2301938E-01 -3.2598432E-01 -3.0852477E-01
      21.200 -3.4927019E-01 -3.3041687E-01 -3.3575405E-01 -3.1763032E-01
      21.400 -3.5560587E-01 -3.3626083E-01 -3.4389729E-01 -3.2518920E-01
      21.600 -3.6057738E-01 -3.4080964E-01 -3.5055960E-01 -3.3134105E-01
      21.800 -3.6443431E-01 -3.4430083E-01 -3.5587772E-01 -3.3621695E-01
      22.000 -3.6738605E-01 -3.4693359E-01 -3.5997965E-01 -3.3993951E-01
      22.200 -3.6958892E-01 -3.4885666E-01 -3.6298481E-01 -3.4262302E-01
      22.400 -3.7114098E-01 -3.5016356E-01 -3.6500424E-01 -3.4437368E-01
      22.600 -3.7208512E-01 -3.5089561E-01 -3.6614066E-01 -3.4528967E-01
      22.800 -3.7241993E-01 -3.5105229E-01 -3.6648887E-01 -3.4546152E-01
      23.000 -3.7211641E-01 -3.5060711E-01 -3.6613608E-01 -3.4497245E-01
      23.200 -3.7113776E-01 -3.4952628E-01 -3.6516248E-01 -3.4389894E-01
      23.400 -3.6945900E-01 -3.4778719E-01 -3.6364180E-01 -3.4231122E-01
      23.600 -3.6708326E-01 -3.4539375E-01 -3.6164193E-01 -3.4027392E-01
      23.800 -3.6405220E-01 -3.4238607E-01 -3.5922535E-01 -3.3784648E-01
      24.000 -3.6044893E-01 -3.3884315E-01 -3.5644960E-01 -3.3508355E-01
      24.200 -3.5639327E-01 -3.3487838E-01 -3.5336753E-01 -3.3203530E-01
      24.400 -3.5202996E-01 -3.3062830E-01 -3.5002732E-01 -3.2874741E-01
      24.600 -3.4751235E-01 -3.2623731E-01 -3.4647260E-01 -3.2526123E-01
      24.800 -3.4298375E-01 -3.2184013E-01 -3.4274224E-01 -3.2161350E-01
      25.000 -3.3856018E-01 -3.1754560E-01 -3.3887022E-01 -3.1783640E-01
      25.200 -3.3431691E-01 -3.1342421E-01 -3.3488570E-01 -3.1395745E-01
      25.400 -3.3028111E-01 -3.0950120E-01 -3.3081280E-01 -3.0999943E-01
      25.600 -3.2643200E-01 -3.0575688E-01 -3.2667089E-01 -3.0598063E-01
      25.800 -3.2270793E-01 -3.0213332E-01 -3.2247469E-01 -3.0191495E-01
      26.000 -3.1901981E-01 -2.9854702E-01 -3.1823478E-01 -2.9781237E-01
      26.200 -3.1526800E-01 -2.9490475E-01 -3.1395789E-01 -2.9367926E-01
      26.400 -3.1136034E-01 -2.9112044E-01 -3.0964746E-01 -2.8951890E-01
      26.600 -3.0722823E-01 -2.8713019E-01 -3.0530412E-01 -2.8533195E-01
      26.800 -3.0283786E-01 -2.8290271E-01 -3.0092602E-01 -2.8111671E-01
      27.000 -2.9819545E-01 -2.7844413E-01 -2.9650918E-01 -2.7686956E-01
      27.200 -2.9334495E-01 -2.7379580E-01 -2.9204762E-01 -2.7258493E-01
      27.400 -2.8835930E-01 -2.6902602E-01 -2.8753337E-01 -2.6825546E-01
      27.600 -2.8332658E-01 -2.6421708E-01 -2.8295655E-01 -2.6387201E-01
      27.800 -2.7833306E-01 -2.5944946E-01 -2.7830507E-01 -2.5942338E-01
      28.000 -2.7344672E-01 -2.5478645E-01 -2.7356478E-01 -2.5489646E-01
      28.200 -2.6870323E-01 -2.5026113E-01 -2.6871928E-01 -2.5027609E-01
      28.400 -2.6409730E-01 -2.4586842E-01 -2.6375013E-01 -2.4554520E-01
      28.600 -2.5958063E-01 -2.4156316E-01 -2.5863728E-01 -2.4068529E-01
      28.800 -2.5506652E-01 -2.3726462E-01 -2.5335945E-01 -2.3567669E-01
      29.000 -2.5044108E-01 -2.3286686E-01 -2.4789503E-01 -2.3049948E-01
      29.200 -2.4557838E-01 -2.2825296E-01 -2.4222286E-01 -2.2513417E-01
      29.400 -2.4035792E-01 -2.2331121E-01 -2.3632326E-01 -2.1956270E-01
      29.600 -2.3468111E-01 -2.1795041E-01 -2.3017918E-01 -2.1376942E-01
      29.800 -2.2848424E-01 -2.1211188E-01 -2.2377691E-01 -2.0774186E-01
      30.000 -2.2174640E-01 -2.0577675E-01 -2.1710716E-01 -2.0147162E-01
      30.200 -2.1449045E-01 -1.9896675E-01 -2.1016533E-01 -1.9495466E-01
      30.400 -2.0677786E-01 -1.9173938E-01 -2.0295191E-01 -1.8819168E-01
      30.600 -1.9869803E-01 -1.8417789E-01 -1.9547257E-01 -1.8118814E-01
      30.800 -1.9035357E-01 -1.7637768E-01 -1.8773750E-01 -1.7395368E-01
      31.000 -1.8184506E-01 -1.6843208E-01 -1.7976116E-01 -1.6650190E-01
      31.200 -1.7325647E-01 -1.6041892E-01 -1.7156126E-01 -1.5884932E-01
      31.400 -1.6464463E-01 -1.5239077E-01 -1.6315796E-01 -1.5101475E-01
      31.600 -1.5603387E-01 -1.4437006E-01 -1.5457313E-01 -1.4301851E-01
      31.800 -1.4741614E-01 -1.3634924E-01 -1.4582926E-01 -1.3488149E-01
      32.000 -1.3875733E-01 -1.2829665E-01 -1.3694920E-01 -1.2662483E-01
      32.200 -1.3000731E-01 -1.2016590E-01 -1.2795534E-01 -1.1826925E-01
      32.400 -1.2111288E-01 -1.1190777E-01 -1.1886960E-01 -1.0983499E-01
      32.600 -1.1203087E-01 -1.0348241E-01 -1.0971355E-01 -1.0134191E-01
      32.800 -1.0273881E-01 -9.4869080E-02 -1.0050831E-01 -9.2809437E-02
      33.000 -9.3242376E-02 -8.6073088E-02 -9.1275244E-02 -8.4257206E-02
      33.200 -8.3577224E-02 -7.7127358E-02 -8.2036036E-02 -7.5705107E-02
      33.400 -7.3806361E-02 -6.8090007E-02 -7.2813512E-02 -6.7174055E-02
      33.600 -6.4012322E-02 -5.9037083E-02 -6.3631730E-02 -5.8686072E-02
      33.800 -5.4286763E-02 -5.0052949E-02 -5.4516456E-02 -5.0264728E-02
      34.000 -4.4718924E-02 -4.1219642E-02 -4.5495526E-02 -4.1935474E-02
      34.200 -3.5384540E-02 -3.2606662E-02 -3.6598641E-02 -3.3725449E-02
      34.400 -2.6338293E-02 -2.4264041E-02 -2.7857719E-02 -2.5663805E-02
      34.600 -1.7609709E-02 -1.6218596E-02 -1.9306477E-02 -1.7781324E-02
      34.800 -9.2042843E-03 -8.4749965E-03 -1.0980391E-02 -1.0110376E-02
      35.000 -1.1090883E-03 -1.0209559E-03 -2.9165787E-03 -2.6848162E-03
      35.200  6.6985709E-03  6.1647761E-03  4.8467588E-03  4.4605310E-03
      35.400  1.4240025E-02  1.3102169E-02  1.2270313E-02  1.1289848E-02
      35.600  2.1524821E-02  1.9800322E-02  1.9314266E-02  1.7766870E-02
      35.800  2.8541891E-02  2.6249363E-02  2.5938516E-02  2.3855095E-02
      36.000  3.5254307E-02  3.2415639E-02  3.2102983E-02  2.9518059E-02
      36.200  4.1598842E-02  3.8241342E-02  3.7768280E-02  3.4719950E-02
      36.400  4.7489670E-02  4.3647928E-02  4.2895982E-02  3.9425853E-02
      36.600  5.2826569E-02  4.8543672E-02  4.7449395E-02  4.3602451E-02
      36.800  5.7505481E-02  5.2833377E-02  5.1394080E-02  4.7218504E-02
      37.000  6.1430097E-02  5.6429010E-02  5.4698451E-02  5.0245394E-02
      37.200  6.4522705E-02  5.9259654E-02  5.7334545E-02  5.2657825E-02
      37.400  6.6732094E-02  6.1278742E-02  5.9278488E-02  5.4434246E-02
      37.600  6.8037835E-02  6.2467968E-02  6.0511098E-02  5.5557401E-02
      37.800  6.8449908E-02  6.2836911E-02  6.1018226E-02  5.6014638E-02
      38.000  6.8004098E-02  6.2418798E-02  6.0791012E-02  5.5798136E-02
      38.200  6.6753974E-02  6.1263117E-02  5.9825997E-02  5.4905002E-02
      38.400  6.4760876E-02  5.9426432E-02  5.8125090E-02  5.3337245E-02
      38.600  6.2083606E-02  5.6962911E-02  5.5695395E-02  5.1101603E-02
      38.800  5.8769612E-02  5.3916253E-02  5.2548991E-02  4.8209348E-02
      39.000  5.4849163E-02  5.0314351E-02  4.8702750E-02  4.4676110E-02
      39.200  5.0333169E-02  4.6167301E-02  4.4178006E-02  4.0521576E-02
      39.400  4.5215373E-02  4.1469429E-02  3.9000565E-02  3.5769497E-02
      39.600  3.9477909E-02  3.6204384E-02  3.3200512E-02  3.0447511E-02
      39.800  3.3099676E-02  3.0352833E-02  2.6812328E-02  2.4587252E-02
      40.000  2.6065960E-02  2.3901274E-02  1.9875157E-02  1.8224595E-02
      40.200  1.8377271E-02  1.6850142E-02  1.2432792E-02  1.1399643E-02
      40.400  1.0056774E-02  9.2206140E-03  4.5341660E-03  4.1571777E-03
      40.600  1.1540574E-03  1.0580607E-03 -3.7667987E-03 -3.4534691E-03
      40.800 -8.2541265E-03 -7.5672775E-03 -1.2410861E-02 -1.1378118E-02
      41.000 -1.8067421E-02 -1.6563552E-02 -2.1333935E-02 -1.9558172E-02
      41.200 -2.8168047E-02 -2.5822969E-02 -3.0467415E-02 -2.7930908E-02
      41.400 -3.8428932E-02 -3.5229239E-02 -3.9738745E-02 -3.6429993E-02
      41.600 -4.8723007E-02 -4.4666085E-02 -4.9072725E-02 -4.4986684E-02
      41.800 -5.8931005E-02 -5.4024390E-02 -5.8392372E-02 -5.3530605E-02
      42.000 -6.8948143E-02 -6.3208309E-02 -6.7620656E-02 -6.1991334E-02
      42.200 -7.8687607E-02 -7.2138455E-02 -7.6681860E-02 -7.0299647E-02
      42.400 -8.8081093E-02 -8.0752397E-02 -8.5502962E-02 -7.8388777E-02
      42.600 -9.7077129E-02 -8.9003112E-02 -9.4015368E-02 -8.6196000E-02
      42.800 -1.0563665E-01 -9.6854932E-02 -1.0215579E-01 -9.3663439E-02
      43.000 -1.1372828E-01 -1.0427920E-01 -1.0986755E-01 -1.0073923E-01
      43.200 -1.2132317E-01 -1.1124957E-01 -1.1710106E-01 -1.0737803E-01
      43.400 -1.2839103E-01 -1.1773834E-01 -1.2381413E-01 -1.1354119E-01
      43.600 -1.3489829E-01 -1.2371476E-01 -1.2997218E-01 -1.1919704E-01
      43.800 -1.4080787E-01 -1.2914484E-01 -1.3554774E-01 -1.2432040E-01
      44.000 -1.4608150E-01 -1.3399345E-01 -1.4052016E-01 -1.2889231E-01
      44.200 -1.5068316E-01 -1.3822752E-01 -1.4487484E-01 -1.3289931E-01
      44.400 -1.5458332E-01 -1.4181983E-01 -1.4860247E-01 -1.3633280E-01
      44.600 -1.5776306E-01 -1.4475291E-01 -1.5169843E-01 -1.3918841E-01
      44.800 -1.6021683E-01 -1.4702151E-01 -1.5416193E-01 -1.4146529E-01
      45.000 -1.6195366E-01 -1.4863371E-01 -1.5599561E-01 -1.4316568E-01
      45.200 -1.6299614E-01 -1.4961004E-01 -1.5720495E-01 -1.4429445E-01
      45.400 -1.6337747E-01 -1.4998072E-01 -1.5779804E-01 -1.4485880E-01
      45.600 -1.6313708E-01 -1.4978171E-01 -1.5778537E-01 -1.4486812E-01
      45.800 -1.6231544E-01 -1.4904991E-01 -1.5717973E-01 -1.4433392E-01
      46.000 -1.6094921E-01 -1.4781872E-01 -1.5599617E-01 -1.4326975E-01
      46.200 -1.5906738E-01 -1.4611448E-01 -1.5425197E-01 -1.4169120E-01
      46.400 -1.5668928E-01 -1.4395470E-01 -1.5196659E-01 -1.3961584E-01
      46.600 -1.5382467E-01 -1.4134804E-01 -1.4916146E-01 -1.3706307E-01
      46.800 -1.5047600E-01 -1.3829646E-01 -1.4585990E-01 -1.3405398E-01
      47.000 -1.4664227E-01 -1.3479872E-01 -1.4208662E-01 -1.3061101E-01
      47.200 -1.4232382E-01 -1.3085479E-01 -1.3786743E-01 -1.2675751E-01
      47.400 -1.3752720E-01 -1.2647037E-01 -1.3322873E-01 -1.2251748E-01
      47.600 -1.3226884E-01 -1.2166018E-01 -1.2819690E-01 -1.1791483E-01
      47.800 -1.2657728E-01 -1.1645014E-01 -1.2279785E-01 -1.1297310E-01
      48.000 -1.2049285E-01 -1.1087700E-01 -1.1705638E-01 -1.0771477E-01
      48.200 -1.1406543E-01 -1.0498631E-01 -1.1099583E-01 -1.0216103E-01
      48.400 -1.0734982E-01 -9.8828183E-02 -1.0463759E-01 -9.6331256E-02
      48.600 -1.0040016E-01 -9.2452191E-02 -9.8000878E-02 -9.0242842E-02
      48.800 -9.3264066E-02 -8.5901914E-02 -9.1102707E-02 -8.3911170E-02
      49.000 -8.5977097E-02 -7.9209873E-02 -8.3957678E-02 -7.7349402E-02
      49.200 -7.8559399E-02 -7.2394411E-02 -7.6578377E-02 -7.0568851E-02
      49.400 -7.1014079E-02 -6.5458184E-02 -6.8975377E-02 -6.3578982E-02
      49.600 -6.3328510E-02 -5.8389342E-02 -6.1157683E-02 -5.6387824E-02
      49.800 -5.5478055E-02 -5.1164947E-02 -5.3133277E-02 -4.9002462E-02
      50.000 -4.7431263E-02 -4.3755747E-02 -4.4909294E-02 -4.1429209E-02
      50.200 -3.9156757E-02 -3.6132526E-02 -3.6492953E-02 -3.3674458E-02
      50.400 -3.0628990E-02 -2.8271412E-02 -2.7891363E-02 -2.5744507E-02
      50.600 -2.1834059E-02 -2.0159258E-02 -1.9112450E-02 -1.7646412E-02
      50.800 -1.2773170E-02 -1.1796845E-02 -1.0165363E-02 -9.3883682E-03
      51.000 -3.4633526E-03 -3.1995800E-03 -1.0604934E-03 -9.7972509E-04
      51.200  6.0636336E-03  5.6035096E-03  8.1899175E-03  7.5684456E-03
      51.400  1.5765322E-02  1.4573461E-02  1.7571962E-02  1.6243519E-02
      51.600  2.5593289E-02  2.3665760E-02  2.7069600E-02  2.5030884E-02
      51.800  3.5499201E-02  3.2835913E-02  3.6664968E-02  3.3914220E-02
      52.000  4.5439935E-02  4.2044198E-02  4.6338295E-02  4.2875423E-02
      52.200  5.5381373E-02  5.1259166E-02  5.6067876E-02  5.1894571E-02
      52.400  6.5300701E-02  6.0459798E-02  6.5830596E-02  6.0950411E-02
      52.600  7.5185709E-02  6.9634858E-02  7.5601772E-02  7.0020204E-02
      52.800  8.5032723E-02  7.8781004E-02  8.5355812E-02  7.9080339E-02
      53.000  9.4842117E-02  8.7898632E-02  9.5066127E-02  8.8106241E-02
      53.200  1.0461370E-01  9.6987615E-02  1.0470578E-01  9.7072978E-02
      53.400  1.1434171E-01  1.0604264E-01  1.1424764E-01  1.0595541E-01
      53.600  1.2401075E-01  1.1504948E-01  1.2366456E-01  1.1472831E-01
      53.800  1.3359404E-01  1.2398327E-01  1.3292994E-01  1.2336696E-01
      54.000  1.4305293E-01  1.3280814E-01  1.4201761E-01  1.3184696E-01
      54.200  1.5233947E-01  1.4147946E-01  1.5090229E-01  1.4014473E-01
      54.400  1.6140017E-01  1.4994745E-01  1.5955958E-01  1.4823746E-01
      54.600  1.7018095E-01  1.5816166E-01  1.6796590E-01  1.5610306E-01
      54.800  1.7863282E-01  1.6607634E-01  1.7609876E-01  1.6372040E-01
      55.000  1.8671615E-01  1.7365430E-01  1.8393639E-01  1.7106900E-01
      55.200  1.9440407E-01  1.8087024E-01  1.9145797E-01  1.7812924E-01
      55.400  2.0168324E-01  1.8771135E-01  1.9864326E-01  1.8488197E-01
      55.600  2.0855284E-01  1.9417648E-01  2.0547271E-01  1.9130868E-01
      55.800  2.1502120E-01  2.0027299E-01  2.1192737E-01  1.9739136E-01
      56.000  2.2110086E-01  2.0601216E-01  2.1798873E-01  2.0311242E-01
      56.200  2.2680338E-01  2.1140438E-01  2.2363909E-01  2.0845493E-01
      56.400  2.3213387E-01  2.1645401E-01  2.2886139E-01  2.1340258E-01
      56.600  2.3708730E-01  2.2115600E-01  2.3363972E-01  2.1794008E-01
      56.800  2.4164630E-01  2.2549372E-01  2.3795941E-01  2.2205327E-01
      57.000  2.4578159E-01  2.2943942E-01  2.4180755E-01  2.2572962E-01
      57.200  2.4945460E-01  2.3295664E-01  2.4517333E-01  2.2895851E-01
      57.400  2.5262206E-01  2.3600444E-01  2.4804832E-01  2.3173156E-01
      57.600  2.5524192E-01  2.3854298E-01  2.5042698E-01  2.3404305E-01
      57.800  2.5727936E-01  2.4053910E-01  2.5230678E-01  2.3589007E-01
      58.000  2.5871232E-01  2.4197153E-01  2.5368844E-01  2.3727274E-01
      58.200  2.5953521E-01  2.4283437E-01  2.5457590E-01  2.3819419E-01
      58.400  2.5976057E-01  2.4313868E-01  2.5497621E-01  2.3866048E-01
      58.600  2.5941807E-01  2.4291159E-01  2.5489929E-01  2.3868034E-01
      58.800  2.5855125E-01  2.4219324E-01  2.5435752E-01  2.3826483E-01
      59.000  2.5721230E-01  2.4103193E-01  2.5336525E-01  2.3742689E-01
      59.200  2.5545582E-01  2.3947835E-01  2.5193833E-01  2.3618085E-01
      59.400  2.5333249E-01  2.3757951E-01  2.5009345E-01  2.3454189E-01
      59.600  2.5088357E-01  2.3537374E-01  2.4784775E-01  2.3252560E-01
      59.800  2.4813715E-01  2.3288701E-01  2.4521826E-01  2.3014750E-01
      60.000  2.4510656E-01  2.3013149E-01  2.4222158E-01  2.2742277E-01
      60.200  2.4179130E-01  2.2710638E-01  2.3887375E-01  2.2436603E-01
      60.400  2.3817996E-01  2.2380065E-01  2.3519002E-01  2.2099122E-01
      60.600  2.3425503E-01  2.2019750E-01  2.3118503E-01  2.1731173E-01
      60.800  2.2999825E-01  2.1627939E-01  2.2687282E-01  2.1334039E-01
      61.000  2.2539616E-01  2.1203330E-01  2.2226716E-01  2.0908981E-01
      61.200  2.2044445E-01  2.0745479E-01  2.1738174E-01  2.0457254E-01
      61.400  2.1515079E-01  2.0255067E-01  2.1223037E-01  1.9980129E-01
      61.600  2.0953571E-01  1.9733992E-01  2.0682737E-01  1.9478922E-01
      61.800  2.0363109E-01  1.9185223E-01  2.0118745E-01  1.8954994E-01
      62.000  1.9747728E-01  1.8612529E-01  1.9532600E-01  1.8409769E-01
      62.200  1.9111847E-01  1.8020052E-01  1.8925886E-01  1.7844715E-01
      62.400  1.8459801E-01  1.7411858E-01  1.8300221E-01  1.7261338E-01
      62.600  1.7795394E-01  1.6791520E-01  1.7657246E-01  1.6661165E-01
      62.800  1.7121533E-01  1.6161769E-01  1.6998575E-01  1.6045703E-01
      63.000  1.6440058E-01  1.5524333E-01  1.6325789E-01  1.5416429E-01
      63.200  1.5751708E-01  1.4879903E-01  1.5640384E-01  1.4774740E-01
      63.400  1.5056306E-01  1.4228306E-01  1.4943766E-01  1.4121955E-01
      63.600  1.4353031E-01  1.3568760E-01  1.4237215E-01  1.3459273E-01
      63.800  1.3640809E-01  1.2900243E-01  1.3521881E-01  1.2787771E-01
      64.000  1.2918707E-01  1.2221862E-01  1.2798793E-01  1.2108417E-01
      64.200  1.2186239E-01  1.1533152E-01  1.2068844E-01  1.1422048E-01
      64.400  1.1443618E-01  1.0834304E-01  1.1332829E-01  1.0729414E-01
      64.600  1.0691803E-01  1.0126218E-01  1.0591443E-01  1.0031167E-01
      64.800  9.9324538E-02  9.4104602E-02  9.8453289E-02  9.3279142E-02
      65.000  9.1677059E-02  8.6890496E-02  9.0950788E-02  8.6202144E-02
      65.200  8.3998893E-02  7.9641923E-02  8.3412691E-02  7.9086126E-02
      65.400  7.6312208E-02  7.2379907E-02  7.5844929E-02  7.1936706E-02
      65.600  6.8634863E-02  6.5121418E-02  6.8253507E-02  6.4759583E-02
      65.800  6.0978641E-02  5.7877681E-02  6.0644935E-02  5.7560945E-02
      66.000  5.3348064E-02  5.0653044E-02  5.3026001E-02  5.0347251E-02
      66.200  4.5741169E-02  4.3445704E-02  4.5404102E-02  4.3125553E-02
      66.400  3.8150963E-02  3.6249078E-02  3.7786981E-02  3.5903242E-02
      66.600  3.0568182E-02  2.9054414E-02  3.0182805E-02  2.8688121E-02
      66.800  2.2984495E-02  2.1853835E-02  2.2600232E-02  2.1488474E-02
      67.000  1.5395218E-02  1.4642926E-02  1.5048087E-02  1.4312757E-02
      67.200  7.8019538E-03  7.4232456E-03  7.5356088E-03  7.1698291E-03
      67.400  2.1357849E-04  2.0328041E-04  7.2087735E-05  6.8611891E-05
      67.600 -7.3534425E-03 -7.0012461E-03 -7.3328870E-03 -6.9816751E-03
      67.800 -1.4876572E-02 -1.4168806E-02 -1.4669740E-02 -1.3971814E-02
      68.000 -2.2329385E-02 -2.1274135E-02 -2.1928848E-02 -2.0892527E-02
      68.200 -2.9684385E-02 -2.8290919E-02 -2.9100482E-02 -2.7734426E-02
      68.400 -3.6916334E-02 -3.5194959E-02 -3.6175118E-02 -3.4488305E-02
      68.600 -4.4004627E-02 -4.1966444E-02 -4.3143205E-02 -4.1144921E-02
      68.800 -5.0935401E-02 -4.8591971E-02 -4.9995511E-02 -4.7695323E-02
      69.000 -5.7701945E-02 -5.5064946E-02 -5.6722898E-02 -5.4130642E-02
      69.200 -6.4304401E-02 -6.1385308E-02 -6.3316624E-02 -6.0442371E-02
      69.400 -7.0748002E-02 -6.7557864E-02 -6.9768274E-02 -6.6622313E-02
      69.600 -7.7040530E-02 -7.3589858E-02 -7.6069702E-02 -7.2662513E-02
      69.800 -8.3189730E-02 -7.9488513E-02 -8.2213266E-02 -7.8555493E-02
      70.000 -8.9200390E-02 -8.5258236E-02 -8.8191572E-02 -8.4294003E-02
      70.200 -9.5072485E-02 -9.0898839E-02 -9.3997673E-02 -8.9871211E-02
      70.400 -1.0079996E-01 -9.6404369E-02 -9.9624935E-02 -9.5280584E-02
      70.600 -1.0637065E-01 -1.0176302E-01 -1.0506692E-01 -1.0051577E-01
      70.800 -1.1176755E-01 -1.0695834E-01 -1.1031755E-01 -1.0557074E-01
      71.000 -1.1697061E-01 -1.1197096E-01 -1.1537085E-01 -1.1043958E-01
      71.200 -1.2195940E-01 -1.1678110E-01 -1.2022114E-01 -1.1511665E-01
      71.400 -1.2671549E-01 -1.2137091E-01 -1.2486286E-01 -1.1959642E-01
      71.600 -1.3122483E-01 -1.2572668E-01 -1.2929079E-01 -1.2387367E-01
      71.800 -1.3547909E-01 -1.2984019E-01 -1.3350003E-01 -1.2794350E-01
      72.000 -1.3947605E-01 -1.3370907E-01 -1.3748603E-01 -1.3180133E-01
      72.200 -1.4321925E-01 -1.3733648E-01 -1.4124488E-01 -1.3544320E-01
      72.400 -1.4671630E-01 -1.4072948E-01 -1.4477326E-01 -1.3886572E-01
      72.600 -1.4997705E-01 -1.4389729E-01 -1.4806873E-01 -1.4206633E-01
      72.800 -1.5301116E-01 -1.4684899E-01 -1.5112971E-01 -1.4504331E-01
      73.000 -1.5582620E-01 -1.4959161E-01 -1.5395567E-01 -1.4779593E-01
      73.200 -1.5842615E-01 -1.5212882E-01 -1.5654717E-01 -1.5032453E-01
      73.400 -1.6081082E-01 -1.5446021E-01 -1.5890581E-01 -1.5263043E-01
      73.600 -1.6297628E-01 -1.5658184E-01 -1.6103427E-01 -1.5471603E-01
      73.800 -1.6491602E-01 -1.5848727E-01 -1.6293620E-01 -1.5658463E-01
      74.000 -1.6662296E-01 -1.6016950E-01 -1.6461610E-01 -1.5824037E-01
      74.200 -1.6809145E-01 -1.6162292E-01 -1.6607913E-01 -1.5968804E-01
      74.400 -1.6931941E-01 -1.6284533E-01 -1.6733097E-01 -1.6093293E-01
      74.600 -1.7030972E-01 -1.6383932E-01 -1.6837761E-01 -1.6198062E-01
      74.800 -1.7107085E-01 -1.6461287E-01 -1.6922512E-01 -1.6283681E-01
      75.000 -1.7161656E-01 -1.6517903E-01 -1.6987956E-01 -1.6350718E-01
      75.200 -1.7196457E-01 -1.6555471E-01 -1.7034678E-01 -1.6399722E-01
      75.400 -1.7213451E-01 -1.6575867E-01 -1.7063236E-01 -1.6431216E-01
      75.600 -1.7214550E-01 -1.6580920E-01 -1.7074155E-01 -1.6445693E-01
      75.800 -1.7201372E-01 -1.6572178E-01 -1.7067925E-01 -1.6443613E-01
      76.000 -1.7175042E-01 -1.6550715E-01 -1.7045008E-01 -1.6425408E-01
      76.200 -1.7136073E-01 -1.6517017E-01 -1.7005839E-01 -1.6391488E-01
      76.400 -1.7084353E-01 -1.6470969E-01 -1.6950838E-01 -1.6342248E-01
      76.600 -1.7019236E-01 -1.6411937E-01 -1.6880418E-01 -1.6278073E-01
      76.800 -1.6939717E-01 -1.6338947E-01 -1.6794989E-01 -1.6199351E-01
      77.000 -1.6844690E-01 -1.6250919E-01 -1.6694966E-01 -1.6106473E-01
      77.200 -1.6733200E-01 -1.6146926E-01 -1.6580768E-01 -1.5999834E-01
      77.400 -1.6604691E-01 -1.6026419E-01 -1.6452820E-01 -1.5879837E-01
      77.600 -1.6459174E-01 -1.5889401E-01 -1.6311546E-01 -1.5746883E-01
      77.800 -1.6297304E-01 -1.5736492E-01 -1.6157363E-01 -1.5601367E-01
      78.000 -1.6120338E-01 -1.5568901E-01 -1.5990674E-01 -1.5443672E-01
      78.200 -1.5929990E-01 -1.5388273E-01 -1.5811853E-01 -1.5274153E-01
      78.400 -1.5728206E-01 -1.5196482E-01 -1.5621246E-01 -1.5093139E-01
      78.600 -1.5516878E-01 -1.4995352E-01 -1.5419159E-01 -1.4900918E-01
      78.800 -1.5297578E-01 -1.4786399E-01 -1.5205855E-01 -1.4697741E-01
      79.000 -1.5071331E-01 -1.4570608E-01 -1.4981562E-01 -1.4483822E-01
      79.200 -1.4838468E-01 -1.4348299E-01 -1.4746468E-01 -1.4259338E-01
      79.400 -1.4598608E-01 -1.4119101E-01 -1.4500739E-01 -1.4024447E-01
      79.600 -1.4350742E-01 -1.3882036E-01 -1.4244522E-01 -1.3779285E-01
      79.800 -1.4093433E-01 -1.3635711E-01 -1.3977956E-01 -1.3523984E-01
      80.000 -1.3825088E-01 -1.3378580E-01 -1.3701193E-01 -1.3258686E-01
      80.200 -1.3544244E-01 -1.3109225E-01 -1.3414390E-01 -1.2983541E-01
      80.400 -1.3249863E-01 -1.2826634E-01 -1.3117731E-01 -1.2698723E-01
      80.600 -1.2941522E-01 -1.2530395E-01 -1.2811415E-01 -1.2404421E-01
      80.800 -1.2619539E-01 -1.2220808E-01 -1.2495662E-01 -1.2100846E-01
      81.000 -1.2284939E-01 -1.1898865E-01 -1.2170703E-01 -1.1788219E-01
      81.200 -1.1939333E-01 -1.1566119E-01 -1.1836768E-01 -1.1466760E-01
      81.400 -1.1584681E-01 -1.1224466E-01 -1.1494083E-01 -1.1136686E-01
      81.600 -1.1222988E-01 -1.0875850E-01 -1.1142848E-01 -1.0798189E-01
      81.800 -1.0856012E-01 -1.0521971E-01 -1.0783242E-01 -1.0451440E-01
      82.000 -1.0484980E-01 -1.0164020E-01 -1.0415404E-01 -1.0096573E-01
      82.200 -1.0110418E-01 -9.8025053E-02 -1.0039446E-01 -9.7336950E-02
      82.400 -9.7320623E-02 -9.4371753E-02 -9.6554484E-02 -9.3628829E-02
      82.600 -9.3489291E-02 -9.0670747E-02 -9.2634756E-02 -8.9841975E-02
      82.800 -8.9594891E-02 -8.6907208E-02 -8.8635969E-02 -8.5977052E-02
      83.000 -8.5619234E-02 -8.3063488E-02 -8.4558931E-02 -8.2034835E-02
      83.200 -8.1544556E-02 -7.9122340E-02 -8.0404929E-02 -7.8016565E-02
      83.400 -7.7356520E-02 -7.5069833E-02 -7.6175771E-02 -7.3923988E-02
      83.600 -7.3047033E-02 -7.0898093E-02 -7.1874123E-02 -6.9759688E-02
      83.800 -6.8615849E-02 -6.6606854E-02 -6.7503495E-02 -6.5527069E-02
      84.000 -6.4071177E-02 -6.2204065E-02 -6.3068373E-02 -6.1230484E-02
      84.200 -5.9429062E-02 -5.7705287E-02 -5.8574291E-02 -5.6875309E-02
      84.400 -5.4711396E-02 -5.3131769E-02 -5.4027611E-02 -5.2467727E-02
      84.600 -4.9943463E-02 -4.8508068E-02 -4.9435587E-02 -4.8014789E-02
      84.800 -4.5150719E-02 -4.3858921E-02 -4.4806013E-02 -4.3524076E-02
      85.000 -4.0356055E-02 -3.9206585E-02 -4.0147215E-02 -3.9003694E-02
      85.200 -3.5577255E-02 -3.4568370E-02 -3.5467699E-02 -3.4461920E-02
      85.400 -3.0825623E-02 -2.9955294E-02 -3.0776027E-02 -2.9907099E-02
      85.600 -2.6105717E-02 -2.5371827E-02 -2.6080746E-02 -2.5347558E-02
      85.800 -2.1415996E-02 -2.0816510E-02 -2.1390116E-02 -2.0791355E-02
      86.000 -1.6750782E-02 -1.6283861E-02 -1.6712245E-02 -1.6246398E-02
      86.200 -1.2102486E-02 -1.1766538E-02 -1.2054900E-02 -1.1720272E-02
      86.400 -7.4644417E-03 -7.2580900E-03 -7.4257392E-03 -7.2204575E-03
      86.600 -2.8331629E-03 -2.7551589E-03 -2.8322309E-03 -2.7542526E-03
      86.800  1.7897740E-03  1.7406945E-03  1.7181830E-03  1.6710666E-03
      87.000  6.3967488E-03  6.2220294E-03  6.2179184E-03  6.0480835E-03
      87.200  1.0974365E-02  1.0675783E-02  1.0659325E-02  1.0369314E-02
      87.400  1.5504343E-02  1.5084137E-02  1.5034453E-02  1.4626982E-02
      87.600  1.9965520E-02  1.9426460E-02  1.9335194E-02  1.8813152E-02
      87.800  2.4336050E-02  2.3681447E-02  2.3553244E-02  2.2919698E-02
      88.000  2.8595649E-02  2.7829309E-02  2.7680111E-02  2.6938307E-02
      88.200  3.2727715E-02  3.1853830E-02  3.1707374E-02  3.0860735E-02
      88.400  3.6720459E-02  3.5743478E-02  3.5626655E-02  3.4678776E-02
      88.600  4.0567534E-02  3.9492011E-02  3.9429931E-02  3.8384568E-02
      88.800  4.4267435E-02  4.3097904E-02  4.3109529E-02  4.1970589E-02
      89.000  4.7822441E-02  4.6563316E-02  4.6658401E-02  4.5429924E-02
      89.200  5.1236818E-02  4.9892345E-02  5.0070177E-02  4.8756317E-02
      89.400  5.4514855E-02  5.3089112E-02  5.3339205E-02  5.1944209E-02
      89.600  5.7659208E-02  5.6156153E-02  5.6460709E-02  5.4988896E-02
      89.800  6.0669480E-02  5.9093033E-02  5.9430671E-02  5.7886413E-02
      90.000  6.3541751E-02  6.1895883E-02  6.2245935E-02  6.0633631E-02
      90.200  6.6268642E-02  6.4557468E-02  6.4904030E-02  6.3228093E-02
      90.400  6.8840348E-02  6.7068189E-02  6.7403210E-02  6.5668048E-02
      90.600  7.1246065E-02  6.9417469E-02  6.9742324E-02  6.7952323E-02
      90.800  7.3475706E-02  7.1595431E-02  7.1920710E-02  7.0080228E-02
      91.000  7.5521672E-02  7.3594620E-02  7.3938205E-02  7.2051557E-02
      91.200  7.7380096E-02  7.5411217E-02  7.5795005E-02  7.3866457E-02
      91.400  7.9051635E-02  7.7045815E-02  7.7491715E-02  7.5525475E-02
      91.600  8.0541383E-02  7.8503331E-02  7.9029257E-02  7.7029468E-02
      91.800  8.1858170E-02  7.9792330E-02  8.0408944E-02  7.8379677E-02
      92.000  8.3013194E-02  8.0923687E-02  8.1632472E-02  7.9577719E-02
      92.200  8.4018305E-02  8.1908917E-02  8.2701947E-02  8.0625609E-02
      92.400  8.4884302E-02  8.2758519E-02  8.3619964E-02  8.1525844E-02
      92.600  8.5619435E-02  8.3480505E-02  8.4389611E-02  8.2281404E-02
      92.800  8.6228509E-02  8.4079535E-02  8.5014543E-02  8.2895824E-02
      93.000  8.6712646E-02  8.4556679E-02  8.5498979E-02  8.3373188E-02
      93.200  8.7069847E-02  8.4909963E-02  8.5847734E-02  8.3718167E-02
      93.400  8.7296178E-02  8.5135530E-02  8.6066204E-02  8.3936000E-02
      93.600  8.7387420E-02  8.5229242E-02  8.6160340E-02  8.4032467E-02
      93.800  8.7340875E-02  8.5188447E-02  8.6136610E-02  8.4013860E-02
      93.999  8.7156995E-02  8.5013565E-02  8.6001940E-02  8.3886916E-02
      94.199  8.6840547E-02  8.4709227E-02  8.5763648E-02  8.3658758E-02
      94.399  8.6401101E-02  8.4284750E-02  8.5429369E-02  8.3336820E-02
      94.599  8.5852720E-02  8.3753838E-02  8.5006975E-02  8.2928770E-02
      94.799  8.5212918E-02  8.3133568E-02  8.4504499E-02  8.2442436E-02
      94.999  8.4501055E-02  8.2442817E-02  8.3930075E-02  8.1885745E-02
      95.199  8.3736391E-02  8.1700373E-02  8.3291854E-02  8.1266644E-02
      95.399  8.2936208E-02  8.0923093E-02  8.2597972E-02  8.0593067E-02
      95.599  8.2114222E-02  8.0124363E-02  8.1856475E-02  7.9872861E-02
      95.799  8.1279647E-02  7.9313174E-02  8.1075277E-02  7.9113749E-02
      95.999  8.0437016E-02  7.8493952E-02  8.0262126E-02  7.8323287E-02
      96.199  7.9586758E-02  7.7667121E-02  7.9424514E-02  7.7508790E-02
      96.399  7.8726513E-02  7.6830380E-02  7.8569647E-02  7.6677291E-02
      96.599  7.7852827E-02  7.5980360E-02  7.7704335E-02  7.5835439E-02
      96.799  7.6963032E-02  7.5114460E-02  7.6834935E-02  7.4989440E-02
      96.999  7.6056863E-02  7.4232426E-02  7.5967219E-02  7.4144933E-02
      97.199  7.5137594E-02  7.3337456E-02  7.5106283E-02  7.3306895E-02
      97.399  7.4212442E-02  7.2436595E-02  7.4256457E-02  7.2479557E-02
      97.599  7.3292096E-02  7.1540282E-02  7.3421176E-02  7.1666277E-02
      97.799  7.2389550E-02  7.0661205E-02  7.2602941E-02  7.0869500E-02
      97.999  7.1518274E-02  6.9812517E-02  7.1803237E-02  7.0090683E-02
      98.199  7.0690182E-02  6.9005856E-02  7.1022558E-02  6.9330313E-02
      98.399  6.9913605E-02  6.8249361E-02  7.0260413E-02  6.8587913E-02
      98.599  6.9191730E-02  6.7546149E-02  6.9515409E-02  6.7862130E-02
      98.799  6.8521750E-02  6.6893488E-02  6.8785390E-02  6.7150863E-02
      98.999  6.7894862E-02  6.6282789E-02  6.8067556E-02  6.6451383E-02
      99.199  6.7297229E-02  6.5700550E-02  6.7358678E-02  6.5760541E-02
      99.399  6.6711676E-02  6.5130006E-02  6.6655259E-02  6.5074926E-02
      99.599  6.6119971E-02  6.4553360E-02  6.5953748E-02  6.4391075E-02
      99.799  6.5505233E-02  6.3954135E-02  6.5250688E-02  6.3705617E-02
      99.999  6.4854178E-02  6.3319360E-02  6.4542866E-02  6.3015416E-02
     100.199  6.4158769E-02  6.2641193E-02  6.3827402E-02  6.2317663E-02
     100.399  6.3417134E-02  6.1917804E-02  6.3101862E-02  6.1609985E-02
     100.599  6.2633342E-02  6.1153169E-02  6.2364166E-02  6.0890355E-02
     100.799  6.1816409E-02  6.0356094E-02  6.1612612E-02  6.0157112E-02
     100.999  6.0978465E-02  5.9538423E-02  6.0845795E-02  5.9408886E-02
     101.199  6.0132480E-02  5.8712823E-02  6.0062521E-02  5.8644516E-02
     101.399  5.9289848E-02  5.7890423E-02  5.9261679E-02  5.7862918E-02
     101.599  5.8458333E-02  5.7078805E-02  5.8442166E-02  5.7063020E-02
     101.799  5.7640570E-02  5.6280547E-02  5.7602768E-02  5.6243637E-02
     101.999  5.6833500E-02  5.5492664E-02  5.6742122E-02  5.5403442E-02
     102.199  5.6028680E-02  5.4706917E-02  5.5858646E-02  5.4540894E-02
     102.399  5.5213517E-02  5.3911011E-02  5.4950541E-02  5.3654239E-02
     102.599  5.4373158E-02  5.3090447E-02  5.4015812E-02  5.2741532E-02
     102.799  5.3492678E-02  5.2230656E-02  5.3052271E-02  5.1800640E-02
     102.999  5.2559294E-02  5.1319159E-02  5.2057619E-02  5.0829321E-02
     103.199  5.1564108E-02  5.0347272E-02  5.1029459E-02  4.9825240E-02
     103.399  5.0503222E-02  4.9311192E-02  4.9965388E-02  4.8786053E-02
     103.599  4.9377913E-02  4.8212171E-02  4.8863014E-02  4.7709428E-02
     103.799  4.8193967E-02  4.7055863E-02  4.7720007E-02  4.6593096E-02
     103.999  4.6960244E-02  4.5850924E-02  4.6534160E-02  4.5434906E-02
     104.199  4.5686684E-02  4.4607064E-02  4.5303383E-02  4.4232822E-02
     104.399  4.4382239E-02  4.3333029E-02  4.4025788E-02  4.2985004E-02
     104.599  4.3052916E-02  4.2034686E-02  4.2699677E-02  4.1689801E-02
     104.799  4.1700462E-02  4.0713749E-02  4.1323650E-02  4.0345853E-02
     104.999  4.0321756E-02  3.9367173E-02  3.9896615E-02  3.8952097E-02
     105.199  3.8909139E-02  3.7987488E-02  3.8417872E-02  3.7507857E-02
     105.399  3.7451619E-02  3.6563966E-02  3.6887210E-02  3.6012935E-02
     105.599  3.5936654E-02  3.5084369E-02  3.5304924E-02  3.4467622E-02
     105.799  3.4352401E-02  3.3537143E-02  3.3671932E-02  3.2872823E-02
     105.999  3.2689843E-02  3.1913493E-02  3.1989753E-02  3.1230029E-02
     106.199  3.0944661E-02  3.0209209E-02  3.0260592E-02  2.9541399E-02
     106.399  2.9118294E-02  2.8425708E-02  2.8487269E-02  2.7809693E-02
     106.599  2.7218220E-02  2.6570298E-02  2.6673199E-02  2.6038251E-02
     106.799  2.5257298E-02  2.4655541E-02  2.4822348E-02  2.4230954E-02
     106.999  2.3252209E-02  2.2697730E-02  2.2939080E-02  2.2392068E-02
     107.199  2.1221449E-02  2.0714928E-02  2.1028111E-02  2.0526204E-02
     107.399  1.9182929E-02  1.8724623E-02  1.9094326E-02  1.8638137E-02
     107.599  1.7151867E-02  1.6741677E-02  1.7142734E-02  1.6732763E-02
     107.799  1.5139016E-02  1.4776591E-02  1.5178301E-02  1.4814935E-02
     107.999  1.3149760E-02  1.2834621E-02  1.3205896E-02  1.2889412E-02
     108.199  1.1184103E-02  1.0915778E-02  1.1230253E-02  1.0960821E-02
     108.399  9.2374688E-03  9.0155951E-03  9.2558632E-03  9.0335477E-03
     108.599  7.3023783E-03  7.1267786E-03  7.2870187E-03  7.1117883E-03
     108.799  5.3704472E-03  5.2411495E-03  5.3277309E-03  5.1994617E-03
     108.999  3.4345784E-03  3.3517864E-03  3.3817436E-03  3.3002252E-03
     109.199  1.4908833E-03  1.4548994E-03  1.4525438E-03  1.4174853E-03
     109.399 -4.6009463E-04 -4.4897540E-04 -4.5673091E-04 -4.4569298E-04
     109.599 -2.4128371E-03 -2.3544479E-03 -2.3432491E-03 -2.2865439E-03
     109.799 -4.3573765E-03 -4.2517873E-03 -4.2045999E-03 -4.1027128E-03
     109.999 -6.2805103E-03 -6.1281074E-03 -6.0387558E-03 -5.8922192E-03
     110.199 -8.1677919E-03 -7.9693102E-03 -7.8441646E-03 -7.6535472E-03
     110.399 -1.0005731E-02 -9.7622335E-03 -9.6197273E-03 -9.3856232E-03
     110.599 -1.1783928E-02 -1.1496731E-02 -1.1364747E-02 -1.1087767E-02
     110.799 -1.3496851E-02 -1.3167409E-02 -1.3078929E-02 -1.2759688E-02
     110.999 -1.5144730E-02 -1.4774495E-02 -1.4762205E-02 -1.4401322E-02
     111.199 -1.6733660E-02 -1.6323939E-02 -1.6414663E-02 -1.6012752E-02
     111.399 -1.8274596E-02 -1.7826429E-02 -1.8036308E-02 -1.7593985E-02
     111.599 -1.9781632E-02 -1.9295716E-02 -1.9626939E-02 -1.9144823E-02
     111.799 -2.1269618E-02 -2.0746285E-02 -2.1185946E-02 -2.0664672E-02
     111.999 -2.2751570E-02 -2.2190831E-02 -2.2712140E-02 -2.2152373E-02
     112.199 -2.4236344E-02 -2.3637988E-02 -2.4203706E-02 -2.3606156E-02
     112.399 -2.5726769E-02 -2.5090511E-02 -2.5658108E-02 -2.5023549E-02
     112.599 -2.7218771E-02 -2.6544424E-02 -2.7072196E-02 -2.6401481E-02
     112.799 -2.8701414E-02 -2.7989059E-02 -2.8442265E-02 -2.7736342E-02
     112.999 -3.0158088E-02 -2.9408217E-02 -2.9764302E-02 -2.9024222E-02
     113.199 -3.1568511E-02 -3.0782120E-02 -3.1034213E-02 -3.0261132E-02
     113.399 -3.2911317E-02 -3.2089942E-02 -3.2248087E-02 -3.1443264E-02
     113.599 -3.4166931E-02 -3.3312600E-02 -3.3402519E-02 -3.2567302E-02
     113.799 -3.5320117E-02 -3.4435252E-02 -3.4494816E-02 -3.3630627E-02
     113.999 -3.6362045E-02 -3.5449302E-02 -3.5523234E-02 -3.4631547E-02
     114.199 -3.7291363E-02 -3.6353446E-02 -3.6487047E-02 -3.5569359E-02
     114.399 -3.8114300E-02 -3.7153770E-02 -3.7386593E-02 -3.6444402E-02
     114.599 -3.8843660E-02 -3.7862771E-02 -3.8223171E-02 -3.7257950E-02
     114.799 -3.9496929E-02 -3.8497503E-02 -3.8998852E-02 -3.8012029E-02
     114.999 -4.0093790E-02 -3.9077162E-02 -3.9716250E-02 -3.8709195E-02
     115.199 -4.0653355E-02 -3.9620381E-02 -4.0378197E-02 -3.9352215E-02
     115.399 -4.1191598E-02 -4.0142734E-02 -4.0987461E-02 -3.9943795E-02
     115.599 -4.1719271E-02 -4.0654700E-02 -4.1546435E-02 -4.0486274E-02
     115.799 -4.2240669E-02 -4.1160465E-02 -4.2056929E-02 -4.0981423E-02
     115.999 -4.2753328E-02 -4.1657627E-02 -4.2520010E-02 -4.1430288E-02
     116.199 -4.3248698E-02 -4.2137857E-02 -4.2935943E-02 -4.1833135E-02
     116.399 -4.3713681E-02 -4.2588398E-02 -4.3304249E-02 -4.2189505E-02
     116.599 -4.4132717E-02 -4.2994093E-02 -4.3623825E-02 -4.2498331E-02
     116.799 -4.4490156E-02 -4.3339706E-02 -4.3893161E-02 -4.2758149E-02
     116.999 -4.4772509E-02 -4.3612108E-02 -4.4110571E-02 -4.2967325E-02
     117.199 -4.4970300E-02 -4.3802080E-02 -4.4274461E-02 -4.3124317E-02
     117.399 -4.5079223E-02 -4.3905444E-02 -4.4383556E-02 -4.3227891E-02
     117.599 -4.5100506E-02 -4.3923412E-02 -4.4437086E-02 -4.3277307E-02
     117.799 -4.5040455E-02 -4.3862142E-02 -4.4434895E-02 -4.3272425E-02
     117.999 -4.4909288E-02 -4.3731599E-02 -4.4377477E-02 -4.3213735E-02
     118.199 -4.4719470E-02 -4.3543934E-02 -4.4265921E-02 -4.3102307E-02
     118.399 -4.4483828E-02 -4.3311647E-02 -4.4101791E-02 -4.2939677E-02
     118.599 -4.4213738E-02 -4.3045823E-02 -4.3886963E-02 -4.2727680E-02
     118.799 -4.3917629E-02 -4.2754675E-02 -4.3623420E-02 -4.2468257E-02
     118.999 -4.3600045E-02 -4.2442633E-02 -4.3313078E-02 -4.2163284E-02
     119.199 -4.3261321E-02 -4.2110028E-02 -4.2957617E-02 -4.1814407E-02
     119.399 -4.2897934E-02 -4.1753435E-02 -4.2558395E-02 -4.1422954E-02
     119.599 -4.2503385E-02 -4.1366535E-02 -4.2116396E-02 -4.0989897E-02
     119.799 -4.2069488E-02 -4.0941369E-02 -4.1632279E-02 -4.0515884E-02
     119.999 -4.1587836E-02 -4.0469765E-02 -4.1106487E-02 -4.0001357E-02
     120.199 -4.1051201E-02 -3.9944700E-02 -4.0539382E-02 -3.9446677E-02
     120.399 -4.0454711E-02 -3.9361447E-02 -3.9931446E-02 -3.8852323E-02
     120.599 -3.9796596E-02 -3.8718297E-02 -3.9283446E-02 -3.8219052E-02
     120.799 -3.9078503E-02 -3.8016869E-02 -3.8596612E-02 -3.7548069E-02
     120.999 -3.8305290E-02 -3.7261899E-02 -3.7872729E-02 -3.6841121E-02
     121.199 -3.7484434E-02 -3.6460677E-02 -3.7114194E-02 -3.6100548E-02
     121.399 -3.6625170E-02 -3.5622195E-02 -3.6323998E-02 -3.5329270E-02
     121.599 -3.5737440E-02 -3.4756132E-02 -3.5505607E-02 -3.4530665E-02
     121.799 -3.4830923E-02 -3.3871910E-02 -3.4662829E-02 -3.3708444E-02
     121.999 -3.3914144E-02 -3.2977823E-02 -3.3799584E-02 -3.2866426E-02
     122.199 -3.2993895E-02 -3.2080481E-02 -3.2919712E-02 -3.2008351E-02
     122.399 -3.2074876E-02 -3.1184453E-02 -3.2026728E-02 -3.1137642E-02
     122.599 -3.1159660E-02 -3.0292245E-02 -3.1123654E-02 -3.0257242E-02
     122.799 -3.0248908E-02 -2.9404499E-02 -3.0212900E-02 -2.9369496E-02
     122.999 -2.9341697E-02 -2.8520318E-02 -2.9296176E-02 -2.8476071E-02
     123.199 -2.8436010E-02 -2.7637744E-02 -2.8374544E-02 -2.7578003E-02
     123.399 -2.7529168E-02 -2.6754173E-02 -2.7448479E-02 -2.6675756E-02
     123.599 -2.6618285E-02 -2.5866804E-02 -2.6518061E-02 -2.5769410E-02
     123.799 -2.5700587E-02 -2.4972943E-02 -2.5583157E-02 -2.4858837E-02
     123.999 -2.4773691E-02 -2.4070278E-02 -2.4643663E-02 -2.3943942E-02
     124.199 -2.3835822E-02 -2.3157089E-02 -2.3699762E-02 -2.3024903E-02
     124.399 -2.2885946E-02 -2.2232376E-02 -2.2752099E-02 -2.2102351E-02
     124.599 -2.1923962E-02 -2.1296045E-02 -2.1801986E-02 -2.1177563E-02
     124.799 -2.0950821E-02 -2.0349025E-02 -2.0851472E-02 -2.0252530E-02
     124.999 -1.9968731E-02 -1.9393465E-02 -1.9903406E-02 -1.9330022E-02
     125.199 -1.8981266E-02 -1.8432840E-02 -1.8961365E-02 -1.8413514E-02
     125.399 -1.7993471E-02 -1.7472051E-02 -1.8029548E-02 -1.7507082E-02
     125.599 -1.7011868E-02 -1.6517432E-02 -1.7112616E-02 -1.6615252E-02
     125.799 -1.6044261E-02 -1.5576560E-02 -1.6215445E-02 -1.5742755E-02
     125.999 -1.5099453E-02 -1.4657980E-02 -1.5342925E-02 -1.4894334E-02
     126.199 -1.4186709E-02 -1.3770680E-02 -1.4499692E-02 -1.4074485E-02
     126.399 -1.3315123E-02 -1.2923480E-02 -1.3689935E-02 -1.3287267E-02
     126.599 -1.2492908E-02 -1.2124341E-02 -1.2917237E-02 -1.2536151E-02
     126.799 -1.1726637E-02 -1.1379629E-02 -1.2184441E-02 -1.1823886E-02
     126.999 -1.1020659E-02 -1.0693551E-02 -1.1493629E-02 -1.1152483E-02
     127.199 -1.0376656E-02 -1.0067725E-02 -1.0846123E-02 -1.0523215E-02
     127.399 -9.7935427E-03 -9.5010805E-03 -1.0242590E-02 -9.9367176E-03
     127.599 -9.2676425E-03 -8.9900365E-03 -9.6831608E-03 -9.3931082E-03
     127.799 -8.7932314E-03 -8.5290260E-03 -9.1676123E-03 -8.8921581E-03
     127.999 -8.3633582E-03 -8.1112937E-03 -8.6955625E-03 -8.4334857E-03
     128.199 -7.9708308E-03 -7.7298536E-03 -8.2666412E-03 -8.0167209E-03
     128.399 -7.6092975E-03 -7.3785365E-03 -7.8806718E-03 -7.6416811E-03
     128.599 -7.2742116E-03 -7.0529262E-03 -7.5377770E-03 -7.3084738E-03
     128.799 -6.9636044E-03 -6.7511069E-03 -7.2384628E-03 -7.0175778E-03
     128.999 -6.6784942E-03 -6.4740594E-03 -6.9836125E-03 -6.7698377E-03
     129.199 -6.4229067E-03 -6.2256789E-03 -6.7744361E-03 -6.5664139E-03
     129.399 -6.2034698E-03 -6.0123812E-03 -6.6123567E-03 -6.4086730E-03
     129.599 -6.0286181E-03 -5.8423301E-03 -6.4988406E-03 -6.2980224E-03
     129.799 -5.9075332E-03 -5.7244098E-03 -6.4352084E-03 -6.2357280E-03
     129.999 -5.8489241E-03 -5.6670431E-03 -6.4224234E-03 -6.2227086E-03
     130.199 -5.8598371E-03 -5.6770381E-03 -6.4608954E-03 -6.2593462E-03
     130.399 -5.9446316E-03 -5.7585971E-03 -6.5503104E-03 -6.3453215E-03
     130.599 -6.1042702E-03 -5.9126304E-03 -6.6895094E-03 -6.4794965E-03
     130.799 -6.3360043E-03 -6.1364535E-03 -6.8764223E-03 -6.6598511E-03
     130.999 -6.6335075E-03 -6.4239174E-03 -7.1080772E-03 -6.8834928E-03
     131.199 -6.9874078E-03 -6.7659271E-03 -7.3806638E-03 -7.1467180E-03
     131.399 -7.3861790E-03 -7.1513051E-03 -7.6896727E-03 -7.4451480E-03
     131.599 -7.8172209E-03 -7.5678388E-03 -8.0300620E-03 -7.7738899E-03
     131.799 -8.2680362E-03 -8.0034202E-03 -8.3964719E-03 -8.1277453E-03
     131.999 -8.7273061E-03 -8.4470872E-03 -8.7834333E-03 -8.5014123E-03
     132.199 -9.1857484E-03 -8.8898532E-03 -9.1855589E-03 -8.8896698E-03
     132.399 -9.6366818E-03 -9.3252525E-03 -9.5977196E-03 -9.2875495E-03
     132.599 -1.0076186E-02 -9.7494938E-03 -1.0015142E-02 -9.6904281E-03
     132.799 -1.0502928E-02 -1.0161289E-02 -1.0433474E-02 -1.0094094E-02
     132.999 -1.0917618E-02 -1.0561330E-02 -1.0848763E-02 -1.0494723E-02
     133.199 -1.1322275E-02 -1.0951573E-02 -1.1257396E-02 -1.0888818E-02
     133.399 -1.1719326E-02 -1.1334366E-02 -1.1655979E-02 -1.1273100E-02
     133.599 -1.2110709E-02 -1.1711588E-02 -1.2041182E-02 -1.1644352E-02
     133.799 -1.2497105E-02 -1.2083896E-02 -1.2409604E-02 -1.1999287E-02
     133.999 -1.2877334E-02 -1.2450151E-02 -1.2757604E-02 -1.2334393E-02
     134.199 -1.3248042E-02 -1.2807112E-02 -1.3081212E-02 -1.2645835E-02
     134.399 -1.3603655E-02 -1.3149395E-02 -1.3376055E-02 -1.2929395E-02
     134.599 -1.3936596E-02 -1.3469679E-02 -1.3637356E-02 -1.3180464E-02
     134.799 -1.4237751E-02 -1.3759165E-02 -1.3859997E-02 -1.3394109E-02
     134.999 -1.4497066E-02 -1.4008148E-02 -1.4038638E-02 -1.3565181E-02
     135.199 -1.4704251E-02 -1.4206700E-02 -1.4167887E-02 -1.3688485E-02
     135.399 -1.4849470E-02 -1.4345335E-02 -1.4242496E-02 -1.3758967E-02
     135.599 -1.4923975E-02 -1.4415624E-02 -1.4257575E-02 -1.3771924E-02
     135.799 -1.4920611E-02 -1.4410681E-02 -1.4208797E-02 -1.3723194E-02
     135.999 -1.4834169E-02 -1.4325503E-02 -1.4092563E-02 -1.3609327E-02
     136.199 -1.4661562E-02 -1.4157135E-02 -1.3906133E-02 -1.3427697E-02
     136.399 -1.4401824E-02 -1.3904678E-02 -1.3647692E-02 -1.3176578E-02
     136.599 -1.4055956E-02 -1.3569125E-02 -1.3316350E-02 -1.2855135E-02
     136.799 -1.3626640E-02 -1.3153097E-02 -1.2912099E-02 -1.2463387E-02
     136.999 -1.3117848E-02 -1.2660458E-02 -1.2435695E-02 -1.2002090E-02
     137.199 -1.2534397E-02 -1.2095883E-02 -1.1888522E-02 -1.1472604E-02
     137.399 -1.1881489E-02 -1.1464421E-02 -1.1272440E-02 -1.0876751E-02
     137.599 -1.1164243E-02 -1.0771034E-02 -1.0589604E-02 -1.0216634E-02
     137.799 -1.0387314E-02 -1.0020237E-02 -9.8423428E-03 -9.4945251E-03
     137.999 -9.5545488E-03 -9.2157641E-03 -9.0330207E-03 -8.7127284E-03
     138.199 -8.6688172E-03 -8.3604025E-03 -8.1639945E-03 -7.8735402E-03
     138.399 -7.7319052E-03 -7.4558954E-03 -7.2375578E-03 -6.9791950E-03
     138.599 -6.7445967E-03 -6.5030186E-03 -6.2559674E-03 -6.0318910E-03
     138.799 -5.7068957E-03 -5.5017953E-03 -5.2215100E-03 -5.0338539E-03
     138.999 -4.6183176E-03 -4.4517785E-03 -4.1365418E-03 -3.9873758E-03
     139.199 -3.4783465E-03 -3.3524910E-03 -3.0036159E-03 -2.8949374E-03
     139.399 -2.2868508E-03 -2.2038265E-03 -1.8255205E-03 -1.7592449E-03
     139.599 -1.0445760E-03 -1.0065242E-03 -6.0538912E-04 -5.8333597E-04
     139.799  2.4651762E-04  2.3750702E-04  6.5330219E-04  6.2942300E-04
     139.999  1.5829837E-03  1.5249270E-03  1.9467133E-03  1.8753166E-03
     140.199  2.9597797E-03  2.8508600E-03  3.2706499E-03  3.1502902E-03
     140.399  4.3704139E-03  4.2090370E-03  4.6206721E-03  4.4500544E-03
     140.599  5.8071797E-03  5.5920220E-03  5.9921286E-03  5.7701184E-03
     140.799  7.2616617E-03  6.9917006E-03  7.3803144E-03  7.1059423E-03
     140.999  8.7252398E-03  8.3997656E-03  8.7805235E-03  8.4529871E-03
     141.199  1.0189742E-02  9.8083452E-03  1.0188198E-02  9.8068595E-03
     141.399  1.1647986E-02  1.1210525E-02  1.1598994E-02  1.1163372E-02
     141.599  1.3094207E-02  1.2600756E-02  1.3008815E-02  1.2518582E-02
     141.799  1.4524374E-02  1.3975164E-02  1.4413900E-02  1.3868868E-02
     141.999  1.5936182E-02  1.5331535E-02  1.5810765E-02  1.5210877E-02
     142.199  1.7328916E-02  1.6669186E-02  1.7196232E-02  1.6541553E-02
     142.399  1.8703039E-02  1.7988568E-02  1.8567361E-02  1.7858073E-02
     142.599  2.0059625E-02  1.9290719E-02  1.9921373E-02  1.9157766E-02
     142.799  2.1399789E-02  2.0576716E-02  2.1255638E-02  2.0438110E-02
     142.999  2.2724025E-02  2.1847039E-02  2.2567558E-02  2.1696610E-02
     143.199  2.4031763E-02  2.3101143E-02  2.3854569E-02  2.2930812E-02
     143.399  2.5320993E-02  2.4337103E-02  2.5114063E-02  2.4138214E-02
     143.599  2.6588222E-02  2.5551566E-02  2.6343408E-02  2.5316298E-02
     143.799  2.7828597E-02  2.6739877E-02  2.7539939E-02  2.6462513E-02
     143.999  2.9036254E-02  2.7896410E-02  2.8700960E-02  2.7574279E-02
     144.199  3.0204882E-02  2.9015116E-02  2.9823821E-02  2.8649065E-02
     144.399  3.1328282E-02  3.0090052E-02  3.0905921E-02  2.9684385E-02
     144.599  3.2400991E-02  3.1115991E-02  3.1944804E-02  3.0677897E-02
     144.799  3.3418731E-02  3.2088843E-02  3.2938167E-02  3.1627404E-02
     144.999  3.4378747E-02  3.3005985E-02  3.3883947E-02  3.2530943E-02
     145.199  3.5279882E-02  3.3866327E-02  3.4780341E-02  3.3386801E-02
     145.399  3.6122427E-02  3.4670173E-02  3.5625826E-02  3.4193537E-02
     145.599  3.6907822E-02  3.5418926E-02  3.6419205E-02  3.4950021E-02
     145.799  3.7638157E-02  3.6114616E-02  3.7159575E-02  3.5655406E-02
     145.999  3.8315689E-02  3.6759428E-02  3.7846349E-02  3.6309151E-02
     146.199  3.8942325E-02  3.7355213E-02  3.8479206E-02  3.6910969E-02
     146.399  3.9519285E-02  3.7903162E-02  3.9058084E-02  3.7460821E-02
     146.599  4.0046895E-02  3.8403606E-02  3.9583125E-02  3.7958867E-02
     146.799  4.0524578E-02  3.8856015E-02  4.0054624E-02  3.8405411E-02
     146.999  4.0951066E-02  3.9259190E-02  4.0472999E-02  3.8800874E-02
     147.199  4.1324707E-02  3.9611571E-02  4.0838718E-02  3.9145729E-02
     147.399  4.1643892E-02  3.9911636E-02  4.1152277E-02  3.9440471E-02
     147.599  4.1907435E-02  4.0158273E-02  4.1414137E-02  3.9685565E-02
     147.799  4.2114897E-02  4.0351084E-02  4.1624713E-02  3.9881429E-02
     147.999  4.2266747E-02  4.0490542E-02  4.1784346E-02  4.0028413E-02
     148.199  4.2364339E-02  4.0577966E-02  4.1893298E-02  4.0126788E-02
     148.399  4.2409720E-02  4.0615343E-02  4.1951767E-02  4.0176765E-02
     148.599  4.2405287E-02  4.0604987E-02  4.1959906E-02  4.0178514E-02
     148.799  4.2353363E-02  4.0549146E-02  4.1917864E-02  4.0132199E-02
     148.999  4.2255788E-02  4.0449601E-02  4.1825826E-02  4.0038018E-02
     149.199  4.2113585E-02  4.0307352E-02  4.1684065E-02  3.9896254E-02
     149.399  4.1926790E-02  4.0122453E-02  4.1492982E-02  3.9707314E-02
     149.599  4.1694490E-02  3.9894050E-02  4.1253156E-02  3.9471773E-02
     149.799  4.1415047E-02  3.9620595E-02  4.0965358E-02  3.9190391E-02
     149.999  4.1086519E-02  3.9300254E-02  4.0630572E-02  3.8864130E-02
     150.199  4.0707171E-02  3.8931388E-02  4.0249972E-02  3.8494133E-02
     150.399  4.0276004E-02  3.8513066E-02  3.9824896E-02  3.8081703E-02
     150.599  3.9793210E-02  3.8045494E-02  3.9356802E-02  3.7628254E-02
     150.799  3.9260426E-02  3.7530262E-02  3.8847190E-02  3.7135236E-02
     150.999  3.8680791E-02  3.6970391E-02  3.8297542E-02  3.6604089E-02
     151.199  3.8058687E-02  3.6370093E-02  3.7709231E-02  3.6036141E-02
     151.399  3.7399300E-02  3.5734341E-02  3.7083475E-02  3.5432577E-02
     151.599  3.6707943E-02  3.5068230E-02  3.6421266E-02  3.4794359E-02
     151.799  3.5989343E-02  3.4376289E-02  3.5723343E-02  3.4122212E-02
     151.999  3.5246960E-02  3.3661837E-02  3.4990199E-02  3.3416624E-02
     152.199  3.4482434E-02  3.2926452E-02  3.4222079E-02  3.2677845E-02
     152.399  3.3695338E-02  3.2169735E-02  3.3419054E-02  3.1905960E-02
     152.599  3.2883181E-02  3.1389323E-02  3.2581055E-02  3.1100922E-02
     152.799  3.2041808E-02  3.0581260E-02  3.1707991E-02  3.0262660E-02
     152.999  3.1166008E-02  2.9740590E-02  3.0799807E-02  2.9391137E-02
     153.199  3.0250362E-02  2.8862158E-02  2.9856576E-02  2.8486443E-02
     153.399  2.9290160E-02  2.7941492E-02  2.8878590E-02  2.7548873E-02
     153.599  2.8282198E-02  2.6975557E-02  2.7866379E-02  2.6578949E-02
     153.799  2.7225443E-02  2.5963391E-02  2.6820780E-02  2.5577487E-02
     153.999  2.6121310E-02  2.4906369E-02  2.5742900E-02  2.4545559E-02
     154.199  2.4973669E-02  2.3808203E-02  2.4634138E-02  2.3484517E-02
     154.399  2.3788402E-02  2.2674521E-02  2.3496104E-02  2.2395911E-02
     154.599  2.2572716E-02  2.1512212E-02  2.2330580E-02  2.1281452E-02
     154.799  2.1334268E-02  2.0328586E-02  2.1139466E-02  2.0142967E-02
     154.999  2.0080162E-02  1.9130425E-02  1.9924678E-02  1.8982295E-02
     155.199  1.8816147E-02  1.7923213E-02  1.8688131E-02  1.7801273E-02
     155.399  1.7545931E-02  1.6710489E-02  1.7431648E-02  1.6601648E-02
     155.599  1.6270930E-02  1.5493606E-02  1.6156968E-02  1.5385088E-02
     155.799  1.4990296E-02  1.4271759E-02  1.4865694E-02  1.4153130E-02
     155.999  1.3701361E-02  1.3042413E-02  1.3559312E-02  1.2907196E-02
     156.199  1.2400373E-02  1.1802004E-02  1.2239220E-02  1.1648627E-02
     156.399  1.1083332E-02  1.0546732E-02  1.0906711E-02  1.0378662E-02
     156.599  9.7469432E-03  9.2734716E-03  9.5630506E-03  9.0985119E-03
     156.799  8.3893355E-03  7.9804546E-03  8.2094534E-03  7.8093395E-03
     156.999  7.0106352E-03  6.6678125E-03  6.8471604E-03  6.5123317E-03
     157.199  5.6130941E-03  5.3376991E-03  5.4774099E-03  5.2086719E-03
     157.399  4.2009221E-03  3.9941277E-03  4.1014690E-03  3.8995702E-03
     157.599  2.7797884E-03  2.6424963E-03  2.7206594E-03  2.5862877E-03
     157.799  1.3560109E-03  1.2888162E-03  1.3363102E-03  1.2700918E-03
     157.999 -6.4257481E-05 -6.1062763E-05 -5.0188009E-05 -4.7692789E-05
     158.199 -1.4759089E-03 -1.4022875E-03 -1.4374311E-03 -1.3657290E-03
     158.399 -2.8755064E-03 -2.7315954E-03 -2.8239769E-03 -2.6826449E-03
     158.599 -4.2616134E-03 -4.0476267E-03 -4.2083160E-03 -3.9970054E-03
     158.799 -5.6348366E-03 -5.3509620E-03 -5.5889070E-03 -5.3073463E-03
     158.999 -6.9974029E-03 -6.6437208E-03 -6.9641046E-03 -6.6121056E-03
     159.199 -8.3525489E-03 -7.9289791E-03 -8.3321973E-03 -7.9096595E-03
     159.399 -9.7036115E-03 -9.2099060E-03 -9.6913360E-03 -9.1982551E-03
     159.599 -1.1053177E-02 -1.0488956E-02 -1.1039573E-02 -1.0476046E-02
     159.799 -1.2402273E-02 -1.1767104E-02 -1.2374836E-02 -1.1741072E-02
     159.999 -1.3749801E-02 -1.3043306E-02 -1.3694922E-02 -1.2991247E-02
     160.199 -1.5092386E-02 -1.4314360E-02 -1.4997559E-02 -1.4224421E-02
     160.399 -1.6424495E-02 -1.5575020E-02 -1.6280382E-02 -1.5438361E-02
     160.599 -1.7739025E-02 -1.6818556E-02 -1.7541029E-02 -1.6630834E-02
     160.799 -1.9028052E-02 -1.8037464E-02 -1.8777125E-02 -1.7799600E-02
     160.999 -2.0283821E-02 -1.9224404E-02 -1.9986380E-02 -1.8942499E-02
     161.199 -2.1499651E-02 -2.0373062E-02 -2.1166604E-02 -2.0057467E-02
     161.399 -2.2670682E-02 -2.1478852E-02 -2.2315732E-02 -2.1142562E-02
     161.599 -2.3794382E-02 -2.2539398E-02 -2.3431892E-02 -2.2196026E-02
     161.799 -2.4870603E-02 -2.3554581E-02 -2.4513380E-02 -2.3216260E-02
     161.999 -2.5901342E-02 -2.4526317E-02 -2.5558719E-02 -2.4201882E-02
     162.199 -2.6890084E-02 -2.5457926E-02 -2.6566616E-02 -2.5151686E-02
     162.399 -2.7841000E-02 -2.6353380E-02 -2.7536003E-02 -2.6064680E-02
     162.599 -2.8758015E-02 -2.7216408E-02 -2.8466014E-02 -2.6940061E-02
     162.799 -2.9643952E-02 -2.8049700E-02 -2.9355966E-02 -2.7777203E-02
     162.999 -3.0499955E-02 -2.8854354E-02 -3.0205384E-02 -2.8575677E-02
     163.199 -3.1325170E-02 -2.9629576E-02 -3.1013956E-02 -2.9335207E-02
     163.399 -3.2116879E-02 -3.0372811E-02 -3.1781554E-02 -3.0055695E-02
     163.599 -3.2870927E-02 -3.1080146E-02 -3.2508184E-02 -3.0737165E-02
     163.799 -3.3582497E-02 -3.1747048E-02 -3.3193983E-02 -3.1379768E-02
     163.999 -3.4246991E-02 -3.2369192E-02 -3.3839169E-02 -3.1983731E-02
     164.199 -3.4860896E-02 -3.2943281E-02 -3.4443979E-02 -3.2549297E-02
     164.399 -3.5422514E-02 -3.3467739E-02 -3.5008625E-02 -3.3076691E-02
     164.599 -3.5932326E-02 -3.3943047E-02 -3.5533200E-02 -3.3566018E-02
     164.799 -3.6393011E-02 -3.4371761E-02 -3.6017618E-02 -3.4017217E-02
     164.999 -3.6808997E-02 -3.4758089E-02 -3.6461517E-02 -3.4429970E-02
     165.199 -3.7185701E-02 -3.5107169E-02 -3.6864216E-02 -3.4803654E-02
     165.399 -3.7528487E-02 -3.5424084E-02 -3.7224662E-02 -3.5137295E-02
     165.599 -3.7841559E-02 -3.5712820E-02 -3.7541410E-02 -3.5429554E-02
     165.799 -3.8126978E-02 -3.5975335E-02 -3.7812660E-02 -3.5678755E-02
     165.999 -3.8383929E-02 -3.6210879E-02 -3.8036302E-02 -3.5882932E-02
     166.199 -3.8608444E-02 -3.6415721E-02 -3.8210022E-02 -3.6039927E-02
     166.399 -3.8793587E-02 -3.6583340E-02 -3.8331427E-02 -3.6147511E-02
     166.599 -3.8930140E-02 -3.6705063E-02 -3.8398189E-02 -3.6203516E-02
     166.799 -3.9007690E-02 -3.6771103E-02 -3.8408209E-02 -3.6205994E-02
     166.999 -3.9015965E-02 -3.6771809E-02 -3.8359758E-02 -3.6153347E-02
     167.199 -3.8946230E-02 -3.6698990E-02 -3.8251607E-02 -3.6044448E-02
     167.399 -3.8792529E-02 -3.6547076E-02 -3.8083114E-02 -3.5878724E-02
     167.599 -3.8552573E-02 -3.6313958E-02 -3.7854259E-02 -3.5656192E-02
     167.799 -3.8228146E-02 -3.6001361E-02 -3.7565634E-02 -3.5377441E-02
     167.999 -3.7824943E-02 -3.5614698E-02 -3.7218379E-02 -3.5043578E-02
     168.199 -3.7351853E-02 -3.5162379E-02 -3.6814058E-02 -3.4656108E-02
     168.399 -3.6819801E-02 -3.4654725E-02 -3.6354525E-02 -3.4216807E-02
     168.599 -3.6240273E-02 -3.4102578E-02 -3.5841738E-02 -3.3727551E-02
     168.799 -3.5623806E-02 -3.3515880E-02 -3.5277615E-02 -3.3190173E-02
     168.999 -3.4978576E-02 -3.2902341E-02 -3.4663866E-02 -3.2606312E-02
     169.199 -3.4309368E-02 -3.2266479E-02 -3.4001891E-02 -3.1977310E-02
     169.399 -3.3617049E-02 -3.1609124E-02 -3.3292724E-02 -3.1304170E-02
     169.599 -3.2898587E-02 -3.0927437E-02 -3.2537005E-02 -3.0587519E-02
     169.799 -3.2147684E-02 -3.0215516E-02 -3.1735056E-02 -2.9827687E-02
     169.999 -3.1355833E-02 -2.9465384E-02 -3.0886945E-02 -2.9024766E-02
     170.199 -3.0513739E-02 -2.8668334E-02 -2.9992658E-02 -2.8178768E-02
     170.399 -2.9612795E-02 -2.7816311E-02 -2.9052222E-02 -2.7289745E-02
     170.599 -2.8646473E-02 -2.6903215E-02 -2.8065870E-02 -2.6357944E-02
     170.799 -2.7611402E-02 -2.5925923E-02 -2.7034203E-02 -2.5383957E-02
     170.999 -2.6507942E-02 -2.4884809E-02 -2.5958256E-02 -2.4368781E-02
     171.199 -2.5340283E-02 -2.3783847E-02 -2.4839602E-02 -2.3313919E-02
     171.399 -2.4115928E-02 -2.2630118E-02 -2.3680318E-02 -2.2221346E-02
     171.599 -2.2844825E-02 -2.1432985E-02 -2.2482986E-02 -2.1093509E-02
     171.799 -2.1538091E-02 -2.0202907E-02 -2.1250571E-02 -1.9933211E-02
     171.999 -2.0206706E-02 -1.8950201E-02 -1.9986312E-02 -1.8743512E-02
     172.198 -1.8860290E-02 -1.7683903E-02 -1.8693609E-02 -1.7527619E-02
     172.398 -1.7506077E-02 -1.6410804E-02 -1.7375835E-02 -1.6288711E-02
     172.598 -1.6148403E-02 -1.5134976E-02 -1.6036268E-02 -1.5029878E-02
     172.798 -1.4788547E-02 -1.3857618E-02 -1.4677940E-02 -1.3753974E-02
     172.998 -1.3425141E-02 -1.2577452E-02 -1.3303637E-02 -1.2463621E-02
     173.198 -1.2054867E-02 -1.1291375E-02 -1.1915834E-02 -1.1161148E-02
     173.398 -1.0673471E-02 -9.9954062E-03 -1.0516744E-02 -9.8486361E-03
     173.598 -9.2768645E-03 -8.6857279E-03 -9.1083992E-03 -8.5279975E-03
     173.798 -7.8620776E-03 -7.3595688E-03 -7.6926911E-03 -7.2010088E-03
     173.998 -6.4280785E-03 -6.0159758E-03 -6.2715251E-03 -5.8694590E-03
     174.198 -4.9761541E-03 -4.6561656E-03 -4.8468703E-03 -4.5351953E-03
     174.398 -3.5099734E-03 -3.2835825E-03 -3.4208682E-03 -3.2002245E-03
     174.598 -2.0352845E-03 -1.9036126E-03 -1.9959191E-03 -1.8667939E-03
     174.798 -5.5924185E-04 -5.2295254E-04 -5.7467024E-04 -5.3737978E-04
     174.998  9.1033380E-04  8.5108369E-04  8.3991850E-04  7.8525144E-04
     175.198  2.3658507E-03  2.2114023E-03  2.2446506E-03  2.0981144E-03
     175.398  3.8006232E-03  3.5517621E-03  3.6360773E-03  3.3979905E-03
     175.598  5.2094420E-03  4.8673069E-03  5.0106029E-03  4.6815267E-03
     175.798  6.5887808E-03  6.1547565E-03  6.3645259E-03  5.9452740E-03
     175.998  7.9366934E-03  7.4123094E-03  7.6940812E-03  7.1857268E-03
     176.198  9.2524975E-03  8.6393459E-03  8.9955414E-03  8.3994180E-03
     176.398  1.0536153E-02  9.8358466E-03  1.0265207E-02  9.5829093E-03
     176.598  1.1787653E-02  1.1001822E-02  1.1499489E-02  1.0732869E-02
     176.798  1.3006332E-02  1.2136670E-02  1.2694878E-02  1.1846041E-02
     176.998  1.4190414E-02  1.3238751E-02  1.3847997E-02  1.2919299E-02
     177.198  1.5336711E-02  1.4305113E-02  1.4955590E-02  1.3949628E-02
     177.398  1.6440604E-02  1.5331469E-02  1.6014512E-02  1.4934122E-02
     177.598  1.7496334E-02  1.6312473E-02  1.7021777E-02  1.5870026E-02
     177.798  1.8497440E-02  1.7242131E-02  1.7974536E-02  1.6754714E-02
     177.998  1.9437416E-02  1.8114413E-02  1.8870138E-02  1.7585747E-02
     178.198  2.0310325E-02  1.8923822E-02  1.9706126E-02  1.8360869E-02
     178.398  2.1111415E-02  1.9665971E-02  2.0480295E-02  1.9078063E-02
     178.598  2.1837518E-02  2.0337954E-02  2.1190717E-02  1.9735568E-02
     178.798  2.2487237E-02  2.0938512E-02  2.1835748E-02  2.0331892E-02
     178.998  2.3060904E-02  2.1468002E-02  2.2414073E-02  2.0865850E-02
     179.198  2.3560262E-02  2.1928091E-02  2.2924682E-02  2.1336542E-02
     179.398  2.3988011E-02  2.2321337E-02  2.3366881E-02  2.1743362E-02
     179.598  2.4347206E-02  2.2650624E-02  2.3740246E-02  2.2085958E-02
     179.798  2.4640695E-02  2.2918643E-02  2.4044614E-02  2.2364220E-02
     179.998  2.4870612E-02  2.3127419E-02  2.4280030E-02  2.2578231E-02
     180.198  2.5038045E-02  2.3278002E-02  2.4446715E-02  2.2728240E-02
     180.398  2.5142923E-02  2.3370363E-02  2.4545041E-02  2.2814632E-02
     180.598  2.5184102E-02  2.3403480E-02  2.4575502E-02  2.2837910E-02
     180.798  2.5159673E-02  2.3375615E-02  2.4538718E-02  2.2798691E-02
     180.998  2.5067393E-02  2.3284727E-02  2.4435434E-02  2.2697710E-02
     181.198  2.4905194E-02  2.3128937E-02  2.4266546E-02  2.2535838E-02
     181.398  2.4671672E-02  2.2906985E-02  2.4033123E-02  2.2314110E-02
     181.598  2.4366496E-02  2.2618608E-02  2.3736446E-02  2.2033754E-02
     181.798  2.3990642E-02  2.2264757E-02  2.3378025E-02  2.1696212E-02
     181.998  2.3546479E-02  2.1847673E-02  2.2959634E-02  2.1303167E-02
     182.198  2.3037623E-02  2.1370754E-02  2.2483297E-02  2.0856536E-02
     182.398  2.2468683E-02  2.0838314E-02  2.1951299E-02  2.0358473E-02
     182.598  2.1844841E-02  2.0255199E-02  2.1366138E-02  1.9811330E-02
     182.798  2.1171425E-02  1.9626380E-02  2.0730492E-02  1.9217625E-02
     182.998  2.0453489E-02  1.8956573E-02  2.0047175E-02  1.8579996E-02
     183.198  1.9695448E-02  1.8249899E-02  1.9319058E-02  1.7901134E-02
     183.398  1.8900884E-02  1.7509701E-02  1.8549045E-02  1.7183758E-02
     183.598  1.8072444E-02  1.6738455E-02  1.7739999E-02  1.6430548E-02
     183.798  1.7211916E-02  1.5937837E-02  1.6894735E-02  1.5644135E-02
     183.998  1.6320437E-02  1.5108922E-02  1.6016021E-02  1.4827104E-02
     184.198  1.5398744E-02  1.4252413E-02  1.5106571E-02  1.3981989E-02
     184.398  1.4447528E-02  1.3368968E-02  1.4169112E-02  1.3111336E-02
     184.598  1.3467715E-02  1.2459462E-02  1.3206409E-02  1.2217719E-02
     184.798  1.2460769E-02  1.1525271E-02  1.2221361E-02  1.1303837E-02
     184.998  1.1428859E-02  1.0568417E-02  1.1217036E-02  1.0372541E-02
     185.198  1.0374969E-02  9.5916759E-03  1.0196739E-02  9.4269020E-03
     185.398  9.3029357E-03  8.5986083E-03  9.1640707E-03  8.4702568E-03
     185.598  8.2173409E-03  7.5934609E-03  8.1229052E-03  7.5061950E-03
     185.798  7.1234306E-03  6.5810897E-03  7.0774207E-03  6.5385828E-03
     185.998  6.0269071E-03  5.5667679E-03  6.0320164E-03  5.5714871E-03
     186.198  4.9337915E-03  4.5560582E-03  4.9912845E-03  4.6091495E-03
     186.398  3.8502020E-03  3.5546078E-03  3.9598819E-03  3.6558671E-03
     186.598  2.7821965E-03  2.5680030E-03  2.9424385E-03  2.7159084E-03
     186.798  1.7356263E-03  1.6016343E-03  1.9434589E-03  1.7934220E-03
     186.998  7.1595046E-04  6.6052513E-04  9.6717704E-04  8.9230300E-04
     187.198 -2.7186005E-04 -2.5075574E-04  1.7499057E-05  1.6140617E-05
     187.398 -1.2234880E-03 -1.1282469E-03 -9.0211180E-04 -8.3188788E-04
     187.598 -2.1353407E-03 -1.9686587E-03 -1.7886471E-03 -1.6490276E-03
     187.798 -3.0046696E-03 -2.7694826E-03 -2.6396068E-03 -2.4329946E-03
     187.998 -3.8296063E-03 -3.5290235E-03 -3.4529765E-03 -3.1819550E-03
     188.198 -4.6091536E-03 -4.2463909E-03 -4.2271822E-03 -3.8944826E-03
     188.398 -5.3431575E-03 -4.9214717E-03 -4.9610652E-03 -4.5695344E-03
     188.598 -6.0321543E-03 -5.5547886E-03 -5.6537832E-03 -5.2063606E-03
     188.798 -6.6772163E-03 -6.1473575E-03 -6.3047674E-03 -5.8044636E-03
     188.998 -7.2796918E-03 -6.7004475E-03 -6.9136240E-03 -6.3635077E-03
     189.198 -7.8409694E-03 -7.2153636E-03 -7.4800957E-03 -6.8832829E-03
     189.398 -8.3622133E-03 -7.6932032E-03 -8.0040017E-03 -7.3636500E-03
     189.598 -8.8441406E-03 -8.1346517E-03 -8.4851979E-03 -7.8045039E-03
     189.798 -9.2868944E-03 -8.5398659E-03 -8.9235790E-03 -8.2057752E-03
     189.998 -9.6899745E-03 -8.9084112E-03 -9.3190569E-03 -8.5674107E-03
     190.198 -1.0052312E-02 -9.2393306E-03 -9.6715896E-03 -8.8893993E-03
     190.398 -1.0372412E-02 -9.5312773E-03 -9.9811824E-03 -9.1717741E-03
     190.598 -1.0648610E-02 -9.7827495E-03 -1.0247922E-02 -9.4146426E-03
     190.798 -1.0879354E-02 -9.9923495E-03 -1.0471990E-02 -9.6181989E-03
     190.998 -1.1063491E-02 -1.0159050E-02 -1.0653673E-02 -9.7827343E-03
     191.198 -1.1200527E-02 -1.0282426E-02 -1.0793376E-02 -9.9086494E-03
     191.398 -1.1290777E-02 -1.0362799E-02 -1.0891618E-02 -9.9964467E-03
     191.598 -1.1335417E-02 -1.0401278E-02 -1.0949023E-02 -1.0046726E-02
     191.798 -1.1336398E-02 -1.0399684E-02 -1.0966305E-02 -1.0060171E-02
     191.998 -1.1296249E-02 -1.0360363E-02 -1.0944253E-02 -1.0037530E-02
     192.198 -1.1217781E-02 -1.0285923E-02 -1.0883714E-02 -9.9796063E-03
     192.398 -1.1103761E-02 -1.0178923E-02 -1.0785580E-02 -9.8872431E-03
     192.598 -1.0956578E-02 -1.0041578E-02 -1.0650782E-02 -9.7613189E-03
     192.798 -1.0777994E-02 -9.8755232E-03 -1.0480295E-02 -9.6027512E-03
     192.998 -1.0568988E-02 -9.6816769E-03 -1.0275143E-02 -9.4125014E-03
     193.198 -1.0329749E-02 -9.4602336E-03 -1.0036415E-02 -9.1915906E-03
     193.398 -1.0059823E-02 -9.2107963E-03 -9.7652912E-03 -8.9411222E-03
     193.598 -9.7583657E-03 -8.9326136E-03 -9.4630555E-03 -8.6622925E-03
     193.798 -9.4245128E-03 -8.6249158E-03 -9.1311234E-03 -8.3564181E-03
     193.998 -9.0577555E-03 -8.2872590E-03 -8.7710434E-03 -8.0249360E-03
     194.198 -8.6583107E-03 -7.9198639E-03 -8.3845138E-03 -7.6694185E-03
     194.398 -8.2273743E-03 -7.5238463E-03 -7.9733631E-03 -7.2915557E-03
     194.598 -7.7672521E-03 -7.1013357E-03 -7.5395359E-03 -6.8931424E-03
     194.798 -7.2813273E-03 -6.6554442E-03 -7.0850717E-03 -6.4760581E-03
     194.998 -6.7738384E-03 -6.1900627E-03 -6.6120512E-03 -6.0422184E-03
     195.198 -6.2495534E-03 -5.7095620E-03 -6.1225724E-03 -5.5935527E-03
     195.398 -5.7133150E-03 -5.2183770E-03 -5.6186870E-03 -5.1319465E-03
     195.598 -5.1696030E-03 -4.7206067E-03 -5.1023794E-03 -4.6592217E-03
     195.798 -4.6221030E-03 -4.2196212E-03 -4.5755137E-03 -4.1770888E-03
     195.998 -4.0734119E-03 -3.7177935E-03 -4.0398164E-03 -3.6871310E-03
     196.198 -3.5249016E-03 -3.2163768E-03 -3.4968703E-03 -3.1907989E-03
     196.398 -2.9767357E-03 -2.7155203E-03 -2.9480950E-03 -2.6893928E-03
     196.598 -2.4281012E-03 -2.2144826E-03 -2.3947793E-03 -2.1840923E-03
     196.798 -1.8775379E-03 -1.7119332E-03 -1.8380799E-03 -1.6759556E-03
     196.998 -1.3233978E-03 -1.2063713E-03 -1.2790734E-03 -1.1659665E-03
     197.198 -7.6427787E-04 -6.9652104E-04 -7.1877008E-04 -6.5504773E-04
     197.398 -1.9942650E-04 -1.8170132E-04 -1.5815836E-04 -1.4410112E-04
     197.598  3.7096671E-04  3.3791095E-04  4.0175247E-04  3.6595348E-04
     197.798  9.4566757E-04  8.6118773E-04  9.5992162E-04  8.7416841E-04
     197.998  1.5224248E-03  1.3860761E-03  1.5152301E-03  1.3795258E-03
     198.198  2.0982027E-03  1.9098112E-03  2.0664865E-03  1.8809428E-03
     198.398  2.6694879E-03  2.4291963E-03  2.6123961E-03  2.3772436E-03
     198.598  3.2326995E-03  2.9409763E-03  3.1515809E-03  2.8671780E-03
     198.798  3.7845618E-03  3.4421772E-03  3.6825800E-03  3.3494216E-03
     198.998  4.3224052E-03  3.9303788E-03  4.2038593E-03  3.8225846E-03
     199.198  4.8443693E-03  4.4038992E-03  4.7138561E-03  4.2852529E-03
     199.398  5.3494125E-03  4.8618024E-03  5.2109913E-03  4.7359986E-03
     199.598  5.8372104E-03  5.3038049E-03  5.6937282E-03  5.1734341E-03
     199.798  6.3079023E-03  5.7300446E-03  6.1606115E-03  5.5962470E-03
     199.998  6.7617683E-03  6.1407876E-03  6.6103116E-03  6.0032403E-03
