 # k       S(k)       S(k)_form^2       S(k)_Lorch          S(k)_Lorch_form^2
       0.200 -3.8784712E+00 -3.7746767E+00 -5.0627412E-01 -4.9272536E-01
       0.400 -3.6000727E+00 -3.5037085E+00 -4.5163471E-01 -4.3954568E-01
       0.600 -3.1608643E+00 -3.0762272E+00 -3.6519042E-01 -3.5541187E-01
       0.800 -2.5954727E+00 -2.5259410E+00 -2.5346989E-01 -2.4667953E-01
       1.000 -1.9475572E+00 -1.8953503E+00 -1.2484422E-01 -1.2149760E-01
       1.200 -1.2656461E+00 -1.2316928E+00  1.1162044E-02  1.0862601E-02
       1.400 -5.9862519E-01 -5.8255149E-01  1.4503333E-01  1.4113904E-01
       1.600  8.6336605E-03  8.4015963E-03  2.6572766E-01  2.5858517E-01
       1.800  5.1905141E-01  5.0508337E-01  3.6644706E-01  3.5658571E-01
       2.000  9.0615451E-01  8.8173711E-01  4.3978491E-01  4.2793439E-01
       2.200  1.1556749E+00  1.1244886E+00  4.8113787E-01  4.6815416E-01
       2.400  1.2658382E+00  1.2316245E+00  4.8826931E-01  4.7507215E-01
       2.600  1.2463936E+00  1.2126472E+00  4.6135783E-01  4.4886644E-01
       2.800  1.1165806E+00  1.0862923E+00  4.0283442E-01  3.9190718E-01
       3.000  9.0233043E-01  8.7780478E-01  3.1704526E-01  3.0842786E-01
       3.200  6.3307187E-01  6.1582787E-01  2.0978195E-01  2.0406778E-01
       3.400  3.3852162E-01  3.2927973E-01  8.7730416E-02  8.5335309E-02
       3.600  4.5813255E-02  4.4559495E-02 -4.2106722E-02 -4.0954398E-02
       3.800 -2.2275445E-01 -2.1664282E-01 -1.7296053E-01 -1.6821507E-01
       4.000 -4.5116757E-01 -4.3875576E-01 -2.9877233E-01 -2.9055298E-01
       4.200 -6.3027633E-01 -6.1288819E-01 -4.1456062E-01 -4.0312367E-01
       4.400 -7.5754550E-01 -7.3658440E-01 -5.1665601E-01 -5.0236027E-01
       4.600 -8.3611268E-01 -8.1290609E-01 -6.0279712E-01 -5.8606628E-01
       4.800 -8.7335907E-01 -8.4904047E-01 -6.7209401E-01 -6.5337962E-01
       5.000 -8.7923226E-01 -8.5466787E-01 -7.2487843E-01 -7.0462644E-01
       5.200 -8.6456044E-01 -8.4032159E-01 -7.6246912E-01 -7.4109250E-01
       5.400 -8.3956658E-01 -8.1594315E-01 -7.8688544E-01 -7.6474433E-01
       5.600 -8.1273764E-01 -7.8978323E-01 -8.0054365E-01 -7.7793364E-01
       5.800 -7.9013259E-01 -7.6772991E-01 -8.0596907E-01 -7.8311738E-01
       6.000 -7.7514730E-01 -7.5308125E-01 -8.0554815E-01 -7.8261669E-01
       6.200 -7.6868593E-01 -7.4671314E-01 -8.0134068E-01 -7.7843446E-01
       6.400 -7.6964310E-01 -7.4754898E-01 -7.9496053E-01 -7.7213961E-01
       6.600 -7.7557232E-01 -7.5321005E-01 -7.8752564E-01 -7.6481872E-01
       6.800 -7.8340982E-01 -7.6071937E-01 -7.7967055E-01 -7.5708841E-01
       7.000 -7.9013684E-01 -7.6714516E-01 -7.7160783E-01 -7.4915532E-01
       7.200 -7.9329206E-01 -7.7009839E-01 -7.6322242E-01 -7.4090791E-01
       7.400 -7.9128264E-01 -7.6803448E-01 -7.5418151E-01 -7.3202339E-01
       7.600 -7.8348373E-01 -7.6034923E-01 -7.4404312E-01 -7.2207321E-01
       7.800 -7.7014919E-01 -7.4729161E-01 -7.3235021E-01 -7.1061449E-01
       8.000 -7.5218477E-01 -7.2974305E-01 -7.1870152E-01 -6.9725878E-01
       8.200 -7.3084688E-01 -7.0892463E-01 -7.0279371E-01 -6.8171294E-01
       8.400 -7.0743232E-01 -6.8609595E-01 -6.8443483E-01 -6.6379207E-01
       8.600 -6.8301619E-01 -6.6230079E-01 -6.6353353E-01 -6.4340903E-01
       8.800 -6.5827416E-01 -6.3819506E-01 -6.4006889E-01 -6.2054510E-01
       9.000 -6.3340673E-01 -6.1397357E-01 -6.1404904E-01 -5.9520978E-01
       9.200 -6.0816209E-01 -5.8939268E-01 -5.8546771E-01 -5.6739870E-01
       9.400 -5.8193380E-01 -5.6386531E-01 -5.5426387E-01 -5.3705449E-01
       9.600 -5.5390175E-01 -5.3659785E-01 -5.2029072E-01 -5.0403683E-01
       9.800 -5.2318183E-01 -5.0673538E-01 -4.8329959E-01 -4.6810686E-01
      10.000 -4.8895035E-01 -4.7348227E-01 -4.4293748E-01 -4.2892503E-01
      10.200 -4.5052197E-01 -4.3617755E-01 -3.9875938E-01 -3.8606306E-01
      10.400 -4.0737384E-01 -3.9431821E-01 -3.5025611E-01 -3.3903100E-01
      10.600 -3.5911729E-01 -3.4753163E-01 -2.9689157E-01 -2.8731341E-01
      10.800 -3.0543393E-01 -2.9551369E-01 -2.3814790E-01 -2.3041305E-01
      11.000 -2.4600242E-01 -2.3795783E-01 -1.7357864E-01 -1.6790239E-01
      11.200 -1.8043483E-01 -1.7449349E-01 -1.0285975E-01 -9.9472795E-02
      11.400 -1.0825316E-01 -1.0466360E-01 -2.5844210E-02 -2.4987243E-02
      11.600 -2.8914127E-02 -2.7948555E-02  5.7390266E-02  5.5473749E-02
      11.800  5.8111006E-02  5.6156476E-02  1.4650089E-01  1.4157341E-01
      12.000  1.5320411E-01  1.4801373E-01  2.4084543E-01  2.3268586E-01
      12.200  2.5643946E-01  2.4768777E-01  3.3946434E-01  3.2787920E-01
      12.400  3.6741662E-01  3.5478448E-01  4.4107908E-01  4.2591435E-01
      12.600  4.8510968E-01  4.6830613E-01  5.4410405E-01  5.2525701E-01
      12.800  6.0777005E-01  5.8655841E-01  6.4668324E-01  6.2411350E-01
      13.000  7.3289790E-01  7.0712391E-01  7.4674527E-01  7.2048431E-01
      13.200  8.5729492E-01  8.2691405E-01  8.4207568E-01  8.1223415E-01
      13.400  9.7720982E-01  9.4231050E-01  9.3041060E-01  8.9718264E-01
      13.600  1.0885557E+00  1.0493756E+00  1.0095376E+00  9.7320165E-01
      13.800  1.1871859E+00  1.1441189E+00  1.0774030E+00  1.0383186E+00
      14.000  1.2692063E+00  1.2227984E+00  1.1322203E+00  1.0908213E+00
      14.200  1.3312785E+00  1.2822119E+00  1.1725648E+00  1.1293478E+00
      14.400  1.3708966E+00  1.3199634E+00  1.1974540E+00  1.1529647E+00
      14.600  1.3865948E+00  1.3346616E+00  1.2064021E+00  1.1612177E+00
      14.800  1.3780719E+00  1.3260380E+00  1.1994456E+00  1.1541563E+00
      15.000  1.3462161E+00  1.2949693E+00  1.1771383E+00  1.1323278E+00
      15.200  1.2930275E+00  1.2434009E+00  1.1405142E+00  1.0967411E+00
      15.400  1.2214464E+00  1.1741801E+00  1.0910224E+00  1.0488032E+00
      15.600  1.1351074E+00  1.0908181E+00  1.0304393E+00  9.9023383E-01
      15.800  1.0380457E+00  9.9720644E-01  9.6076623E-01  9.2296737E-01
      16.000  9.3438065E-01  8.9731292E-01  8.8411818E-01  8.4904440E-01
      16.200  8.2801983E-01  7.9489639E-01  8.0261799E-01  7.7051071E-01
      16.400  7.2239803E-01  6.9325708E-01  7.1829614E-01  6.8932065E-01
      16.600  6.2028831E-01  5.9505568E-01  6.3301036E-01  6.0726022E-01
      16.800  5.2369421E-01  5.0221116E-01  5.4838673E-01  5.2589073E-01
      17.000  4.3382398E-01  4.1587715E-01  4.6577951E-01  4.4651070E-01
      17.200  3.5115407E-01  3.3650420E-01  3.8626031E-01  3.7014583E-01
      17.400  2.7555343E-01  2.6396010E-01  3.1062149E-01  2.9755275E-01
      17.600  2.0645889E-01  1.9769886E-01  2.3940032E-01  2.2924259E-01
      17.800  1.4307066E-01  1.3694865E-01  1.7291427E-01  1.6551525E-01
      18.000  8.4538508E-02  8.0890370E-02  1.1129918E-01  1.0649622E-01
      18.200  3.0122992E-02  2.8812036E-02  5.4553661E-02  5.2179481E-02
      18.400 -2.0696401E-02 -1.9788044E-02  2.5756316E-03  2.4625881E-03
      18.600 -6.8166972E-02 -6.5149759E-02 -4.4802223E-02 -4.2819183E-02
      18.800 -1.1227207E-01 -1.0726054E-01 -8.7788352E-02 -8.3869709E-02
      19.000 -1.5278948E-01 -1.4591159E-01 -1.2661304E-01 -1.2091350E-01
      19.200 -1.8938682E-01 -1.8078938E-01 -1.6151625E-01 -1.5418403E-01
      19.400 -2.2173568E-01 -2.1158473E-01 -1.9274254E-01 -1.8391888E-01
      19.600 -2.4961843E-01 -2.3809472E-01 -2.2053670E-01 -2.1035556E-01
      19.800 -2.7301362E-01 -2.6030389E-01 -2.4514371E-01 -2.3373143E-01
      20.000 -2.9214113E-01 -2.7842689E-01 -2.6680722E-01 -2.5428224E-01
      20.200 -3.0746199E-01 -2.9290780E-01 -2.8576770E-01 -2.7224044E-01
      20.400 -3.1963395E-01 -3.0437741E-01 -3.0226062E-01 -2.8783333E-01
      20.600 -3.2942981E-01 -3.1357501E-01 -3.1651220E-01 -3.0127910E-01
      20.800 -3.3763548E-01 -3.2125118E-01 -3.2873627E-01 -3.1278382E-01
      21.000 -3.4494459E-01 -3.2806751E-01 -3.3913052E-01 -3.2253790E-01
      21.200 -3.5186906E-01 -3.3451172E-01 -3.4787394E-01 -3.3071367E-01
      21.400 -3.5868149E-01 -3.4084335E-01 -3.5512609E-01 -3.3746476E-01
      21.600 -3.6539844E-01 -3.4707825E-01 -3.6102739E-01 -3.4292636E-01
      21.800 -3.7180807E-01 -3.5301543E-01 -3.6570143E-01 -3.4721745E-01
      22.000 -3.7753598E-01 -3.5829996E-01 -3.6925785E-01 -3.5044362E-01
      22.200 -3.8213748E-01 -3.6251084E-01 -3.7179585E-01 -3.5270036E-01
      22.400 -3.8519968E-01 -3.6525798E-01 -3.7340756E-01 -3.5407632E-01
      22.600 -3.8643451E-01 -3.6627024E-01 -3.7418042E-01 -3.5465557E-01
      22.800 -3.8574654E-01 -3.6545952E-01 -3.7419866E-01 -3.5451896E-01
      23.000 -3.8326330E-01 -3.6294901E-01 -3.7354332E-01 -3.5374422E-01
      23.200 -3.7932322E-01 -3.5906133E-01 -3.7229140E-01 -3.5240513E-01
      23.400 -3.7442352E-01 -3.5426880E-01 -3.7051420E-01 -3.5056991E-01
      23.600 -3.6913840E-01 -3.4911569E-01 -3.6827553E-01 -3.4829963E-01
      23.800 -3.6402211E-01 -3.4412650E-01 -3.6563025E-01 -3.4564674E-01
      24.000 -3.5951565E-01 -3.3971777E-01 -3.6262352E-01 -3.4265450E-01
      24.200 -3.5587380E-01 -3.3612945E-01 -3.5929123E-01 -3.3935728E-01
      24.400 -3.5312601E-01 -3.3338830E-01 -3.5566129E-01 -3.3578188E-01
      24.600 -3.5107867E-01 -3.3131056E-01 -3.5175595E-01 -3.3194970E-01
      24.800 -3.4935788E-01 -3.2954270E-01 -3.4759444E-01 -3.2787927E-01
      25.000 -3.4748509E-01 -3.2763314E-01 -3.4319578E-01 -3.2358889E-01
      25.200 -3.4497158E-01 -3.2512152E-01 -3.3858115E-01 -3.1909881E-01
      25.400 -3.4141412E-01 -3.2162882E-01 -3.3377513E-01 -3.1443251E-01
      25.600 -3.3657455E-01 -3.1693207E-01 -3.2880627E-01 -3.0961715E-01
      25.800 -3.3042798E-01 -3.1100945E-01 -3.2370621E-01 -3.0468271E-01
      26.000 -3.2317149E-01 -3.0404801E-01 -3.1850812E-01 -2.9966059E-01
      26.200 -3.1519098E-01 -2.9641201E-01 -3.1324432E-01 -2.9458134E-01
      26.400 -3.0699297E-01 -2.8857849E-01 -3.0794394E-01 -2.8947241E-01
      26.600 -2.9911398E-01 -2.8105181E-01 -3.0263078E-01 -2.8435625E-01
      26.800 -2.9202366E-01 -2.7427271E-01 -2.9732167E-01 -2.7924868E-01
      27.000 -2.8604085E-01 -2.6853956E-01 -2.9202605E-01 -2.7415856E-01
      27.200 -2.8127677E-01 -2.6395543E-01 -2.8674598E-01 -2.6908783E-01
      27.400 -2.7761694E-01 -2.6041145E-01 -2.8147744E-01 -2.6403269E-01
      27.600 -2.7474437E-01 -2.5760913E-01 -2.7621194E-01 -2.5898518E-01
      27.800 -2.7219976E-01 -2.5511709E-01 -2.7093828E-01 -2.5393478E-01
      28.000 -2.6946754E-01 -2.5245194E-01 -2.6564443E-01 -2.4887024E-01
      28.200 -2.6607124E-01 -2.4916771E-01 -2.6031865E-01 -2.4378058E-01
      28.400 -2.6166071E-01 -2.4493739E-01 -2.5495021E-01 -2.3865577E-01
      28.600 -2.5607476E-01 -2.3961132E-01 -2.4952948E-01 -2.3348685E-01
      28.800 -2.4936745E-01 -2.3324139E-01 -2.4404722E-01 -2.2826520E-01
      29.000 -2.4179386E-01 -2.2606731E-01 -2.3849387E-01 -2.2298196E-01
      29.200 -2.3375742E-01 -2.1846706E-01 -2.3285854E-01 -2.1762698E-01
      29.400 -2.2572974E-01 -2.1088169E-01 -2.2712838E-01 -2.1218833E-01
      29.600 -2.1815789E-01 -2.0372864E-01 -2.2128853E-01 -2.0665222E-01
      29.800 -2.1137644E-01 -1.9731967E-01 -2.1532237E-01 -2.0100320E-01
      30.000 -2.0554189E-01 -1.9179992E-01 -2.0921279E-01 -1.9522539E-01
      30.200 -2.0060076E-01 -1.8711845E-01 -2.0294343E-01 -1.8930368E-01
      30.400 -1.9629843E-01 -1.8303687E-01 -1.9650053E-01 -1.8322532E-01
      30.600 -1.9222650E-01 -1.7917381E-01 -1.8987457E-01 -1.7698157E-01
      30.800 -1.8789962E-01 -1.7507677E-01 -1.8306129E-01 -1.7056861E-01
      31.000 -1.8284767E-01 -1.7030810E-01 -1.7606258E-01 -1.6398832E-01
      31.200 -1.7670522E-01 -1.6452824E-01 -1.6888612E-01 -1.5724796E-01
      31.400 -1.6928173E-01 -1.5756086E-01 -1.6154469E-01 -1.5035953E-01
      31.600 -1.6059909E-01 -1.4942753E-01 -1.5405490E-01 -1.4333856E-01
      31.800 -1.5088885E-01 -1.4034470E-01 -1.4643523E-01 -1.3620231E-01
      32.000 -1.4055060E-01 -1.3068481E-01 -1.3870469E-01 -1.2896847E-01
      32.200 -1.3007821E-01 -1.2090734E-01 -1.3088112E-01 -1.2165364E-01
      32.400 -1.1996883E-01 -1.1147423E-01 -1.2298041E-01 -1.1427257E-01
      32.600 -1.1063166E-01 -1.0276513E-01 -1.1501643E-01 -1.0683811E-01
      32.800 -1.0231310E-01 -9.5007994E-02 -1.0700124E-01 -9.9361400E-02
      33.000 -9.5053741E-02 -8.8239508E-02 -9.8946378E-02 -9.1853090E-02
      33.200 -8.8683975E-02 -8.2301246E-02 -9.0863964E-02 -8.4324338E-02
      33.400 -8.2860304E-02 -7.6873676E-02 -8.2768431E-02 -7.6788440E-02
      33.600 -7.7134342E-02 -7.1540386E-02 -7.4677492E-02 -6.9261712E-02
      33.800 -7.1042236E-02 -6.5871120E-02 -6.6613047E-02 -6.1764329E-02
      34.000 -6.4197203E-02 -5.9507548E-02 -5.8601518E-02 -5.4320632E-02
      34.200 -5.6367312E-02 -5.2235220E-02 -5.0673162E-02 -4.6958489E-02
      34.400 -4.7524531E-02 -4.4028792E-02 -4.2861476E-02 -3.9708735E-02
      34.600 -3.7854734E-02 -3.5061030E-02 -3.5201651E-02 -3.2603746E-02
      34.800 -2.7727661E-02 -2.5674736E-02 -2.7729344E-02 -2.5676294E-02
      35.000 -1.7632252E-02 -1.6322685E-02 -2.0479583E-02 -1.8958541E-02
      35.200 -8.0891444E-03 -7.4865248E-03 -1.3485668E-02 -1.2481022E-02
      35.400  4.4186996E-04  4.0885459E-04 -6.7791181E-03 -6.2726002E-03
      35.600  7.6432093E-03  7.0704941E-03 -3.8958942E-04 -3.6039700E-04
      35.800  1.3393091E-02  1.2386749E-02  5.6543975E-03  5.2295324E-03
      36.000  1.7781783E-02  1.6442100E-02  1.1324498E-02  1.0471308E-02
      36.200  2.1087628E-02  1.9494772E-02  1.6591826E-02  1.5338560E-02
      36.400  2.3716901E-02  2.1920970E-02  2.1425992E-02  1.9803538E-02
      36.600  2.6119693E-02  2.4137059E-02  2.5794943E-02  2.3836959E-02
      36.800  2.8697467E-02  2.6514128E-02  2.9665027E-02  2.7408075E-02
      37.000  3.1720154E-02  2.9301487E-02  3.3001640E-02  3.0485259E-02
      37.200  3.5268781E-02  3.2573804E-02  3.5770517E-02  3.3037202E-02
      37.400  3.9214268E-02  3.6211703E-02  3.7939061E-02  3.5034136E-02
      37.600  4.3236962E-02  3.9919945E-02  3.9478024E-02  3.6449382E-02
      37.800  4.6882808E-02  4.3279423E-02  4.0362909E-02  3.7260640E-02
      38.000  4.9645685E-02  4.5823223E-02  4.0575128E-02  3.7451051E-02
      38.200  5.1060438E-02  4.7122478E-02  4.0102751E-02  3.7009886E-02
      38.400  5.0788568E-02  4.6865388E-02  3.8940774E-02  3.5932781E-02
      38.600  4.8680716E-02  4.4914762E-02  3.7090961E-02  3.4221593E-02
      38.800  4.4803873E-02  4.1332991E-02  3.4561403E-02  3.1883988E-02
      39.000  3.9428528E-02  3.6370077E-02  3.1366016E-02  2.8932970E-02
      39.200  3.2977979E-02  3.0416787E-02  2.7523937E-02  2.5386326E-02
      39.400  2.5950198E-02  2.3932545E-02  2.3059333E-02  2.1266448E-02
      39.600  1.8826548E-02  1.7361254E-02  1.8001230E-02  1.6600171E-02
      39.800  1.1985544E-02  1.1051815E-02  1.2383771E-02  1.1419018E-02
      40.000  5.6378820E-03  5.1982908E-03  6.2467108E-03  5.7596487E-03
      40.200 -2.0524089E-04 -1.8922587E-04 -3.6434868E-04 -3.3591843E-04
      40.400 -5.7237688E-03 -5.2768415E-03 -7.3974303E-03 -6.8198191E-03
      40.600 -1.1243107E-02 -1.0364705E-02 -1.4794475E-02 -1.3638612E-02
      40.800 -1.7159159E-02 -1.5817889E-02 -2.2491545E-02 -2.0733462E-02
      41.000 -2.3849525E-02 -2.1984545E-02 -3.0420067E-02 -2.8041285E-02
      41.200 -3.1587482E-02 -2.9116640E-02 -3.8508190E-02 -3.5495995E-02
      41.400 -4.0475676E-02 -3.7308875E-02 -4.6682478E-02 -4.3030060E-02
      41.600 -5.0412925E-02 -4.6468111E-02 -5.4870166E-02 -5.0576572E-02
      41.800 -6.1099736E-02 -5.6318464E-02 -6.3000736E-02 -5.8070704E-02
      42.000 -7.2082922E-02 -6.6442423E-02 -7.1007815E-02 -6.5451443E-02
      42.200 -8.2829820E-02 -7.6349232E-02 -7.8830165E-02 -7.2662509E-02
      42.400 -9.2818420E-02 -8.5557925E-02 -8.6412117E-02 -7.9652740E-02
      42.600 -1.0162670E-01 -9.3679653E-02 -9.3703786E-02 -8.6376294E-02
      42.800 -1.0900289E-01 -1.0048240E-01 -1.0066023E-01 -9.2791865E-02
      43.000 -1.1490447E-01 -1.0592701E-01 -1.0724082E-01 -9.8862116E-02
      43.200 -1.1949742E-01 -1.1016643E-01 -1.1340818E-01 -1.0455268E-01
      43.400 -1.2311627E-01 -1.1350902E-01 -1.1912728E-01 -1.0983130E-01
      43.600 -1.2619270E-01 -1.1635270E-01 -1.2436510E-01 -1.1466760E-01
      43.800 -1.2916597E-01 -1.1910248E-01 -1.2909040E-01 -1.1903280E-01
      44.000 -1.3239278E-01 -1.2208732E-01 -1.3327438E-01 -1.2290029E-01
      44.200 -1.3607365E-01 -1.2549226E-01 -1.3689137E-01 -1.2624640E-01
      44.400 -1.4021005E-01 -1.2931884E-01 -1.3991999E-01 -1.2905131E-01
      44.600 -1.4460085E-01 -1.3338171E-01 -1.4234438E-01 -1.3130032E-01
      44.800 -1.4887826E-01 -1.3734174E-01 -1.4415505E-01 -1.3298453E-01
      45.000 -1.5257725E-01 -1.4076992E-01 -1.4534953E-01 -1.3410153E-01
      45.200 -1.5522437E-01 -1.4322928E-01 -1.4593237E-01 -1.3465532E-01
      45.400 -1.5642942E-01 -1.4435940E-01 -1.4591450E-01 -1.3465581E-01
      45.600 -1.5596217E-01 -1.4394732E-01 -1.4531218E-01 -1.3411777E-01
      45.800 -1.5379925E-01 -1.4197081E-01 -1.4414542E-01 -1.3305944E-01
      46.000 -1.5013203E-01 -1.3860587E-01 -1.4243626E-01 -1.3150093E-01
      46.200 -1.4533392E-01 -1.3419659E-01 -1.4020712E-01 -1.2946266E-01
      46.400 -1.3989304E-01 -1.2919319E-01 -1.3747937E-01 -1.2696413E-01
      46.600 -1.3432279E-01 -1.2406949E-01 -1.3427238E-01 -1.2402293E-01
      46.800 -1.2906782E-01 -1.1923611E-01 -1.3060316E-01 -1.2065449E-01
      47.000 -1.2442264E-01 -1.1496520E-01 -1.2648642E-01 -1.1687211E-01
      47.200 -1.2047889E-01 -1.1134169E-01 -1.2193516E-01 -1.1268752E-01
      47.400 -1.1711125E-01 -1.0825001E-01 -1.1696168E-01 -1.0811176E-01
      47.600 -1.1400442E-01 -1.0539890E-01 -1.1157835E-01 -1.0315596E-01
      47.800 -1.1071655E-01 -1.0237986E-01 -1.0579867E-01 -9.7832285E-02
      48.000 -1.0676653E-01 -9.8747750E-02 -9.9637635E-02 -9.2154279E-02
      48.200 -1.0172895E-01 -9.4108583E-02 -9.3112198E-02 -8.6137297E-02
      48.400 -9.5318187E-02 -8.8197327E-02 -8.6240882E-02 -7.9798153E-02
      48.600 -8.7445818E-02 -8.0931217E-02 -7.9043392E-02 -7.3154760E-02
      48.800 -7.8240557E-02 -7.2428363E-02 -7.1540061E-02 -6.6225622E-02
      49.000 -6.8026231E-02 -6.2987614E-02 -6.3750922E-02 -5.9028972E-02
      49.200 -5.7263168E-02 -5.3034490E-02 -5.5695462E-02 -5.1582554E-02
      49.400 -4.6462927E-02 -4.3042360E-02 -4.7392104E-02 -4.3903132E-02
      49.600 -3.6093860E-02 -3.3445023E-02 -3.8858399E-02 -3.6006679E-02
      49.800 -2.6495167E-02 -2.4557018E-02 -3.0111585E-02 -2.7908891E-02
      50.000 -1.7815448E-02 -1.6516521E-02 -2.1168972E-02 -1.9625540E-02
      50.200 -9.9888227E-03 -9.2629869E-03 -1.2049226E-02 -1.1173671E-02
      50.400 -2.7513150E-03 -2.5520781E-03 -2.7723862E-03 -2.5716235E-03
      50.600  4.3034392E-03  3.9928976E-03  6.6390761E-03  6.1599920E-03
      50.800  1.1641512E-02  1.0804450E-02  1.6160084E-02  1.4998122E-02
      51.000  1.9694564E-02  1.8283623E-02  2.5763542E-02  2.3917812E-02
      51.200  2.8771678E-02  2.6718096E-02  3.5420616E-02  3.2892464E-02
      51.400  3.8995250E-02  3.6222482E-02  4.5102095E-02  4.1895099E-02
      51.600  5.0272067E-02  4.6711215E-02  5.4779143E-02  5.0899048E-02
      51.800  6.2306547E-02  5.7910551E-02  6.4424739E-02  5.9879295E-02
      52.000  7.4652561E-02  6.9406468E-02  7.4014407E-02  6.8813159E-02
      52.200  8.6794367E-02  8.0719708E-02  8.3526570E-02  7.7680620E-02
      52.400  9.8241840E-02  9.1394248E-02  9.2942897E-02  8.6464649E-02
      52.600  1.0862027E-01  1.0108090E-01  1.0224744E-01  9.5150411E-02
      52.800  1.1773924E-01  1.0960155E-01  1.1142614E-01  1.0372479E-01
      53.000  1.2562554E-01  1.1698012E-01  1.2046521E-01  1.1217493E-01
      53.200  1.3251531E-01  1.2343554E-01  1.2935029E-01  1.2048738E-01
      53.400  1.3880552E-01  1.2933683E-01  1.3806510E-01  1.2864692E-01
      53.600  1.4497455E-01  1.3512939E-01  1.4659049E-01  1.3663559E-01
      53.800  1.5148719E-01  1.4124652E-01  1.5490438E-01  1.4443270E-01
      54.000  1.5870142E-01  1.4802245E-01  1.6298150E-01  1.5201452E-01
      54.200  1.6679568E-01  1.5562439E-01  1.7079430E-01  1.5935519E-01
      54.400  1.7572992E-01  1.6401581E-01  1.7831381E-01  1.6642746E-01
      54.600  1.8524807E-01  1.7295848E-01  1.8551073E-01  1.7320372E-01
      54.800  1.9492214E-01  1.8205327E-01  1.9235701E-01  1.7965750E-01
      55.000  2.0422846E-01  1.9081112E-01  1.9882670E-01  1.8576424E-01
      55.200  2.1264316E-01  1.9874207E-01  2.0489716E-01  1.9150245E-01
      55.400  2.1973708E-01  2.0544406E-01  2.1054939E-01  1.9685399E-01
      55.600  2.2525375E-01  2.1067593E-01  2.1576845E-01  2.0180449E-01
      55.800  2.2915435E-01  2.1439981E-01  2.2054324E-01  2.0634314E-01
      56.000  2.3162189E-01  2.1678540E-01  2.2486612E-01  2.1046237E-01
      56.200  2.3302385E-01  2.1817531E-01  2.2873259E-01  2.1415749E-01
      56.400  2.3384020E-01  2.1901801E-01  2.3214059E-01  2.1742613E-01
      56.600  2.3457092E-01  2.1978136E-01  2.3509031E-01  2.2026800E-01
      56.800  2.3564052E-01  2.2086314E-01  2.3758372E-01  2.2268447E-01
      57.000  2.3731784E-01  2.2251574E-01  2.3962456E-01  2.2467858E-01
      57.200  2.3966637E-01  2.2479932E-01  2.4121821E-01  2.2625490E-01
      57.400  2.4253430E-01  2.2757212E-01  2.4237169E-01  2.2741955E-01
      57.600  2.4558636E-01  2.3051994E-01  2.4309361E-01  2.2818012E-01
      57.800  2.4837059E-01  2.3321858E-01  2.4339394E-01  2.2854554E-01
      58.000  2.5040776E-01  2.3521760E-01  2.4328377E-01  2.2852575E-01
      58.200  2.5128549E-01  2.3612867E-01  2.4277479E-01  2.2813132E-01
      58.400  2.5073935E-01  2.3570205E-01  2.4187880E-01  2.2737289E-01
      58.600  2.4870525E-01  2.3387594E-01  2.4060715E-01  2.2626070E-01
      58.800  2.4533297E-01  2.3078970E-01  2.3897033E-01  2.2480423E-01
      59.000  2.4095845E-01  2.2675803E-01  2.3697769E-01  2.2301187E-01
      59.200  2.3604031E-01  2.2221164E-01  2.3463759E-01  2.2089110E-01
      59.400  2.3107266E-01  2.1761527E-01  2.3195757E-01  2.1844864E-01
      59.600  2.2649157E-01  2.1337966E-01  2.2894510E-01  2.1569115E-01
      59.800  2.2259270E-01  2.0978386E-01  2.2560818E-01  2.1262581E-01
      60.000  2.1947656E-01  2.0692331E-01  2.2195618E-01  2.0926110E-01
      60.200  2.1703168E-01  2.0469368E-01  2.1800058E-01  2.0560750E-01
      60.400  2.1495885E-01  2.0281336E-01  2.1375521E-01  2.0167773E-01
      60.600  2.1283211E-01  2.0088068E-01  2.0923649E-01  1.9748697E-01
      60.800  2.1018414E-01  1.9845432E-01  2.0446287E-01  1.9305234E-01
      61.000  2.0660006E-01  1.9514187E-01  1.9945429E-01  1.8839242E-01
      61.200  2.0180092E-01  1.9067877E-01  1.9423101E-01  1.8352607E-01
      61.400  1.9570111E-01  1.8498282E-01  1.8881247E-01  1.7847145E-01
      61.600  1.8842828E-01  1.7817336E-01  1.8321634E-01  1.7324508E-01
      61.800  1.8030160E-01  1.7055112E-01  1.7745745E-01  1.6786078E-01
      62.000  1.7177321E-01  1.6254303E-01  1.7154758E-01  1.6232953E-01
      62.200  1.6334294E-01  1.5462184E-01  1.6549525E-01  1.5665924E-01
      62.400  1.5546391E-01  1.4721675E-01  1.5930636E-01  1.5085537E-01
      62.600  1.4845665E-01  1.4063196E-01  1.5298523E-01  1.4492185E-01
      62.800  1.4244815E-01  1.3498872E-01  1.4653554E-01  1.3886207E-01
      63.000  1.3734866E-01  1.3020297E-01  1.3996193E-01  1.3268028E-01
      63.200  1.3286974E-01  1.2600212E-01  1.3327076E-01  1.2638241E-01
      63.400  1.2858129E-01  1.2197879E-01  1.2647122E-01  1.1997707E-01
      63.600  1.2399593E-01  1.1767066E-01  1.1957532E-01  1.1347556E-01
      63.800  1.1866500E-01  1.1265153E-01  1.1259778E-01  1.0689177E-01
      64.000  1.1226765E-01  1.0661594E-01  1.0555527E-01  1.0024147E-01
      64.200  1.0467534E-01  9.9440741E-02  9.8465082E-02  9.3541045E-02
      64.400  9.5980076E-02  9.1212191E-02  9.1343987E-02  8.6806404E-02
      64.600  8.6479570E-02  8.2212244E-02  8.4206624E-02  8.0051456E-02
      64.800  7.6623251E-02  7.2867532E-02  7.7064689E-02  7.3287333E-02
      65.000  6.6927986E-02  6.3669444E-02  6.9926020E-02  6.6521512E-02
      65.200  5.7880666E-02  5.5081522E-02  6.2794588E-02  5.9757803E-02
      65.400  4.9845837E-02  4.7451472E-02  5.5671056E-02  5.2996874E-02
      65.600  4.2995755E-02  4.0944354E-02  4.8553473E-02  4.6236903E-02
      65.800  3.7277413E-02  3.5510851E-02  4.1438858E-02  3.9475087E-02
      66.000  3.2421898E-02  3.0895830E-02  3.4324346E-02  3.2708731E-02
      66.200  2.7995570E-02  2.6686773E-02  2.7208834E-02  2.5936817E-02
      66.400  2.3482599E-02  2.2392234E-02  2.0093801E-02  1.9160788E-02
      66.600  1.8383868E-02  1.7536053E-02  1.2984054E-02  1.2385264E-02
      66.800  1.2313211E-02  1.1749223E-02  5.8879514E-03  5.6182626E-03
      67.000  5.0723548E-03  4.8416061E-03 -1.1832166E-03 -1.1293903E-03
      67.200 -3.3091277E-03 -3.1596175E-03 -8.2157411E-03 -7.8445445E-03
      67.400 -1.2577499E-02 -1.2013113E-02 -1.5194826E-02 -1.4512993E-02
      67.600 -2.2300498E-02 -2.1306652E-02 -2.2105432E-02 -2.1120280E-02
      67.800 -3.1947544E-02 -3.0533504E-02 -2.8933540E-02 -2.7652904E-02
      68.000 -4.0988294E-02 -3.9186512E-02 -3.5666795E-02 -3.4098937E-02
      68.200 -4.8991238E-02 -4.6852401E-02 -4.2294802E-02 -4.0448315E-02
      68.400 -5.5704013E-02 -5.3288767E-02 -4.8809370E-02 -4.6693066E-02
      68.600 -6.1099134E-02 -5.8468110E-02 -5.5203919E-02 -5.2826752E-02
      68.800 -6.5377564E-02 -6.2581592E-02 -6.1473160E-02 -5.8844166E-02
      69.000 -6.8928439E-02 -6.6000804E-02 -6.7612169E-02 -6.4740440E-02
      69.200 -7.2253434E-02 -6.9205598E-02 -7.3615962E-02 -7.0510651E-02
      69.400 -7.5869631E-02 -7.2691173E-02 -7.9478923E-02 -7.6149259E-02
      69.600 -8.0209626E-02 -7.6872357E-02 -8.5194473E-02 -8.1649800E-02
      69.800 -8.5538103E-02 -8.2003489E-02 -9.0755304E-02 -8.7005105E-02
      70.000 -9.1900274E-02 -8.8128737E-02 -9.6153408E-02 -9.2207325E-02
      70.200 -9.9112650E-02 -9.5072923E-02 -1.0138069E-01 -9.7248523E-02
      70.400 -1.0679728E-01 -1.0247407E-01 -1.0642936E-01 -1.0212104E-01
      70.600 -1.1445307E-01 -1.0985156E-01 -1.1129226E-01 -1.0681783E-01
      70.800 -1.2155085E-01 -1.1669729E-01 -1.1596331E-01 -1.1133286E-01
      71.000 -1.2763327E-01 -1.2257153E-01 -1.2043738E-01 -1.1566102E-01
      71.200 -1.3240125E-01 -1.2718613E-01 -1.2471033E-01 -1.1979815E-01
      71.400 -1.3576964E-01 -1.3045816E-01 -1.2877854E-01 -1.2374056E-01
      71.600 -1.3788226E-01 -1.3252471E-01 -1.3263865E-01 -1.2748485E-01
      71.800 -1.3908279E-01 -1.3371517E-01 -1.3628716E-01 -1.3102744E-01
      72.000 -1.3984764E-01 -1.3448698E-01 -1.3972010E-01 -1.3436433E-01
      72.200 -1.4069351E-01 -1.3533680E-01 -1.4293312E-01 -1.3749115E-01
      72.400 -1.4207736E-01 -1.3670439E-01 -1.4592154E-01 -1.4040319E-01
      72.600 -1.4430817E-01 -1.3888750E-01 -1.4868087E-01 -1.4309594E-01
      72.800 -1.4748717E-01 -1.4198423E-01 -1.5120723E-01 -1.4556548E-01
      73.000 -1.5148838E-01 -1.4587394E-01 -1.5349808E-01 -1.4780916E-01
      73.200 -1.5598279E-01 -1.5024036E-01 -1.5555271E-01 -1.4982611E-01
      73.400 -1.6050181E-01 -1.5463233E-01 -1.5737257E-01 -1.5161752E-01
      73.600 -1.6452783E-01 -1.5855105E-01 -1.5896146E-01 -1.5318689E-01
      73.800 -1.6759418E-01 -1.6154631E-01 -1.6032528E-01 -1.5453972E-01
      74.000 -1.6937576E-01 -1.6330394E-01 -1.6147159E-01 -1.5568312E-01
      74.200 -1.6975243E-01 -1.6370714E-01 -1.6240888E-01 -1.5662511E-01
      74.400 -1.6883332E-01 -1.6286020E-01 -1.6314577E-01 -1.5737386E-01
      74.600 -1.6693710E-01 -1.6106968E-01 -1.6369022E-01 -1.5793691E-01
      74.800 -1.6453211E-01 -1.5878689E-01 -1.6404888E-01 -1.5832053E-01
      75.000 -1.6214756E-01 -1.5652236E-01 -1.6422671E-01 -1.5852938E-01
      75.200 -1.6027314E-01 -1.5474893E-01 -1.6422693E-01 -1.5856645E-01
      75.400 -1.5926582E-01 -1.5381171E-01 -1.6405124E-01 -1.5843325E-01
      75.600 -1.5928221E-01 -1.5386255E-01 -1.6370038E-01 -1.5813040E-01
      75.800 -1.6024903E-01 -1.5483134E-01 -1.6317483E-01 -1.5765822E-01
      76.000 -1.6187777E-01 -1.5643986E-01 -1.6247553E-01 -1.5701754E-01
      76.200 -1.6372043E-01 -1.5825549E-01 -1.6160459E-01 -1.5621027E-01
      76.400 -1.6525608E-01 -1.5977470E-01 -1.6056569E-01 -1.5523989E-01
      76.600 -1.6599134E-01 -1.6052017E-01 -1.5936433E-01 -1.5411159E-01
      76.800 -1.6555578E-01 -1.6013310E-01 -1.5800761E-01 -1.5283216E-01
      77.000 -1.6377392E-01 -1.5844299E-01 -1.5650388E-01 -1.5140959E-01
      77.200 -1.6069994E-01 -1.5550147E-01 -1.5486209E-01 -1.4985248E-01
      77.400 -1.5660851E-01 -1.5157362E-01 -1.5309114E-01 -1.4816934E-01
      77.600 -1.5194356E-01 -1.4708860E-01 -1.5119924E-01 -1.4636806E-01
      77.800 -1.4723439E-01 -1.4255859E-01 -1.4919332E-01 -1.4445532E-01
      78.000 -1.4299575E-01 -1.3848211E-01 -1.4707893E-01 -1.4243641E-01
      78.200 -1.3963034E-01 -1.3524952E-01 -1.4486010E-01 -1.4031520E-01
      78.400 -1.3735295E-01 -1.3306944E-01 -1.4253971E-01 -1.3809444E-01
      78.600 -1.3615037E-01 -1.3192968E-01 -1.4011989E-01 -1.3577614E-01
      78.800 -1.3578490E-01 -1.3160049E-01 -1.3760256E-01 -1.3336214E-01
      79.000 -1.3584082E-01 -1.3167935E-01 -1.3499001E-01 -1.3085461E-01
      79.200 -1.3580478E-01 -1.3166877E-01 -1.3228521E-01 -1.2825639E-01
      79.400 -1.3516488E-01 -1.3107231E-01 -1.2949207E-01 -1.2557127E-01
      79.600 -1.3350933E-01 -1.2949026E-01 -1.2661538E-01 -1.2280384E-01
      79.800 -1.3060588E-01 -1.2669679E-01 -1.2366049E-01 -1.1995927E-01
      80.000 -1.2644689E-01 -1.2268386E-01 -1.2063300E-01 -1.1704298E-01
      80.200 -1.2125112E-01 -1.1766315E-01 -1.1753811E-01 -1.1406001E-01
      80.400 -1.1542245E-01 -1.1202617E-01 -1.1438031E-01 -1.1101468E-01
      80.600 -1.0947273E-01 -1.0626949E-01 -1.1116285E-01 -1.0791016E-01
      80.800 -1.0392435E-01 -1.0090032E-01 -1.0788779E-01 -1.0474843E-01
      81.000 -9.9210436E-02 -9.6339444E-02 -1.0455589E-01 -1.0153021E-01
      81.200 -9.5592393E-02 -9.2841199E-02 -1.0116699E-01 -9.8255356E-02
      81.400 -9.3110331E-02 -9.0445083E-02 -9.7720490E-02 -9.4923277E-02
      81.600 -9.1575730E-02 -8.8968490E-02 -9.4215752E-02 -9.1533348E-02
      81.800 -9.0608104E-02 -8.8042158E-02 -9.0652708E-02 -8.8085499E-02
      82.000 -8.9708265E-02 -8.7181226E-02 -8.7032082E-02 -8.4580429E-02
      82.200 -8.8354394E-02 -8.5878533E-02 -8.3355695E-02 -8.1019906E-02
      82.400 -8.6102321E-02 -8.3702100E-02 -7.9626285E-02 -7.7406592E-02
      82.600 -8.2670886E-02 -8.0378186E-02 -7.5847305E-02 -7.3743842E-02
      82.800 -7.7996073E-02 -7.5844056E-02 -7.2022583E-02 -7.0035383E-02
      83.000 -7.2243285E-02 -7.0260074E-02 -6.8155736E-02 -6.6284737E-02
      83.200 -6.5775916E-02 -6.3979292E-02 -6.4249922E-02 -6.2494980E-02
      83.400 -5.9085585E-02 -5.7479712E-02 -6.0307424E-02 -5.8668343E-02
      83.600 -5.2698268E-02 -5.1273033E-02 -5.6329759E-02 -5.4806310E-02
      83.800 -4.7073451E-02 -4.5806537E-02 -5.2317726E-02 -5.0909669E-02
      84.000 -4.2516471E-02 -4.1377715E-02 -4.8271869E-02 -4.6978960E-02
      84.200 -3.9120475E-02 -3.8077674E-02 -4.4193093E-02 -4.3015075E-02
      84.400 -3.6749050E-02 -3.5774086E-02 -4.0083127E-02 -3.9019709E-02
      84.600 -3.5063328E-02 -3.4137432E-02 -3.5945233E-02 -3.4996049E-02
      84.800 -3.3587887E-02 -3.2705050E-02 -3.1784417E-02 -3.0948983E-02
      85.000 -3.1803205E-02 -3.0971099E-02 -2.7607716E-02 -2.6885382E-02
      85.200 -2.9246648E-02 -2.8484892E-02 -2.3423893E-02 -2.2813796E-02
      85.400 -2.5602757E-02 -2.4938889E-02 -1.9243049E-02 -1.8744086E-02
      85.600 -2.0765496E-02 -2.0229435E-02 -1.5076031E-02 -1.4686843E-02
      85.800 -1.4860204E-02 -1.4478264E-02 -1.0933505E-02 -1.0652490E-02
      86.000 -8.2214830E-03 -8.0110846E-03 -6.8253594E-03 -6.6506896E-03
      86.200 -1.3304754E-03 -1.2965720E-03 -2.7599001E-03 -2.6895718E-03
      86.400  5.2756329E-03  5.1417644E-03  1.2563843E-03  1.2245038E-03
      86.600  1.1105525E-02  1.0824896E-02  5.2190626E-03  5.0871804E-03
      86.800  1.5806761E-02  1.5408975E-02  9.1254796E-03  8.8958318E-03
      87.000  1.9232452E-02  1.8750418E-02  1.2974200E-02  1.2649020E-02
      87.200  2.1468931E-02  2.0932996E-02  1.6764447E-02  1.6345951E-02
      87.400  2.2818600E-02  2.2251221E-02  2.0495168E-02  1.9985561E-02
      87.600  2.3741654E-02  2.3153622E-02  2.4164428E-02  2.3565925E-02
      87.800  2.4767444E-02  2.4156360E-02  2.7768768E-02  2.7083633E-02
      88.000  2.6392517E-02  2.5743804E-02  3.1302807E-02  3.0533402E-02
      88.200  2.8984827E-02  2.8275055E-02  3.4759321E-02  3.3908145E-02
      88.400  3.2712232E-02  3.1914130E-02  3.8129327E-02  3.7199061E-02
      88.600  3.7509232E-02  3.6597410E-02  4.1402697E-02  4.0396228E-02
      88.800  4.3087887E-02  4.2044190E-02  4.4568649E-02  4.3489085E-02
      89.000  4.8991377E-02  4.7808854E-02  4.7616558E-02  4.6467220E-02
      89.200  5.4679496E-02  5.3364242E-02  5.0536556E-02  4.9320956E-02
      89.400  5.9629965E-02  5.8200517E-02  5.3320019E-02  5.2041833E-02
      89.600  6.3436550E-02  6.1920944E-02  5.5960027E-02  5.4623048E-02
      89.800  6.5884689E-02  6.4315780E-02  5.8451418E-02  5.7059517E-02
      90.000  6.6990946E-02  6.5400862E-02  6.0790879E-02  5.9347958E-02
      90.200  6.6998290E-02  6.5413096E-02  6.2976701E-02  6.1486658E-02
      90.400  6.6328604E-02  6.4764166E-02  6.5008639E-02  6.3475334E-02
      90.600  6.5501344E-02  6.3961167E-02  6.6887637E-02  6.5314863E-02
      90.800  6.5034123E-02  6.3509548E-02  6.8615587E-02  6.7007054E-02
      91.000  6.5344126E-02  6.3816824E-02  7.0195252E-02  6.8554564E-02
      91.200  6.6669281E-02  6.5115539E-02  7.1630098E-02  6.9960743E-02
      91.400  6.9024156E-02  6.7420122E-02  7.2924320E-02  7.1229651E-02
      91.600  7.2198823E-02  7.0525708E-02  7.4082735E-02  7.2365963E-02
      91.800  7.5800961E-02  7.4049188E-02  7.5110767E-02  7.3374945E-02
      92.000  7.9332743E-02  7.7504277E-02  7.6014285E-02  7.4262303E-02
      92.200  8.2287740E-02  8.0396159E-02  7.6799387E-02  7.5033969E-02
      92.400  8.4249341E-02  8.2317658E-02  7.7472152E-02  7.5695858E-02
      92.600  8.4971419E-02  8.3028093E-02  7.8038292E-02  7.6253529E-02
      92.800  8.4426147E-02  8.2500054E-02  7.8502882E-02  7.6711923E-02
      93.000  8.2809587E-02  8.0924930E-02  7.8870110E-02  7.7075112E-02
      93.200  8.0504164E-02  7.8676295E-02  7.9143190E-02  7.7346222E-02
      93.400  7.8005316E-02  7.6238260E-02  7.9324420E-02  7.7527483E-02
      93.600  7.5826544E-02  7.4112704E-02  7.9415416E-02  7.7620459E-02
      93.800  7.4401005E-02  7.2723072E-02  7.9417505E-02  7.7626437E-02
      93.999  7.3998874E-02  7.2333578E-02  7.9332218E-02  7.7546899E-02
      94.199  7.4676114E-02  7.2999079E-02  7.9161805E-02  7.7384032E-02
      94.399  7.6264685E-02  7.4555449E-02  7.8909697E-02  7.7141182E-02
      94.599  7.8405982E-02  7.6652227E-02  7.8580825E-02  7.6823159E-02
      94.799  8.0621054E-02  7.8821217E-02  7.8181744E-02  7.6436364E-02
      94.999  8.2404020E-02  8.0567813E-02  7.7720537E-02  7.5988693E-02
      95.199  8.3320855E-02  8.1467586E-02  7.7206470E-02  7.5489201E-02
      95.399  8.3094285E-02  8.1249308E-02  7.6649521E-02  7.4947640E-02
      95.599  8.1658653E-02  7.9848646E-02  7.6059762E-02  7.4373857E-02
      95.799  7.9174036E-02  7.7422003E-02  7.5446770E-02  7.3777218E-02
      95.999  7.5997021E-02  7.4317983E-02  7.4819127E-02  7.3166113E-02
      96.199  7.2613529E-02  7.1011727E-02  7.4184045E-02  7.2547598E-02
      96.399  6.9546900E-02  6.8015038E-02  7.3547258E-02  7.1927283E-02
      96.599  6.7258492E-02  6.5779172E-02  7.2913061E-02  7.1309372E-02
      96.799  6.6060323E-02  6.4609376E-02  7.2284599E-02  7.0696942E-02
      96.999  6.6056120E-02  6.4607206E-02  7.1664204E-02  7.0092279E-02
      97.199  6.7122431E-02  6.5652021E-02  7.1053805E-02  6.9497274E-02
      97.399  6.8933155E-02  6.7424944E-02  7.0455275E-02  6.8913760E-02
      97.599  7.1022959E-02  6.9470863E-02  6.9870602E-02  6.8343689E-02
      97.799  7.2877170E-02  7.1286356E-02  6.9301942E-02  6.7789170E-02
      97.999  7.4031091E-02  7.2416835E-02  6.8751419E-02  6.7252287E-02
      98.199  7.4159376E-02  7.2543990E-02  6.8220832E-02  6.6734803E-02
      98.399  7.3138521E-02  7.1546933E-02  6.7711225E-02  6.6237742E-02
      98.599  7.1070255E-02  6.9525113E-02  6.7222485E-02  6.5760998E-02
      98.799  6.8261545E-02  6.6778774E-02  6.6753035E-02  6.5303031E-02
      98.999  6.5164840E-02  6.3750511E-02  6.6299673E-02  6.4860713E-02
      99.199  6.2290376E-02  6.0939490E-02  6.5857661E-02  6.4429411E-02
      99.399  6.0107066E-02  5.8804483E-02  6.5421002E-02  6.4003261E-02
      99.599  5.8951471E-02  5.7674805E-02  6.4982937E-02  6.3575652E-02
      99.799  5.8962022E-02  5.7685938E-02  6.4536529E-02  6.3139799E-02
      99.999  6.0051486E-02  5.8752585E-02  6.4075272E-02  6.2689338E-02
     100.199  6.1922848E-02  6.0584192E-02  6.3593607E-02  6.2218831E-02
     100.399  6.4125400E-02  6.2739809E-02  6.3087296E-02  6.1724136E-02
     100.599  6.6140946E-02  6.4712438E-02  6.2553459E-02  6.1202433E-02
     100.799  6.7482684E-02  6.6025776E-02  6.1990446E-02  6.0652112E-02
     100.999  6.7788282E-02  6.6325288E-02  6.1397443E-02  6.0072375E-02
     101.199  6.6889082E-02  6.5445932E-02  6.0773932E-02  5.9462718E-02
     101.399  6.4842083E-02  6.3443457E-02  6.0119071E-02  5.8822319E-02
     101.599  6.1918543E-02  6.0583259E-02  5.9431173E-02  5.8149529E-02
     101.799  5.8551209E-02  5.7288751E-02  5.8707301E-02  5.7441478E-02
     101.999  5.5250575E-02  5.4059428E-02  5.7943156E-02  5.6693959E-02
     102.199  5.2505863E-02  5.1373975E-02  5.7133172E-02  5.5901532E-02
     102.399  5.0690144E-02  4.9597431E-02  5.6270920E-02  5.5057904E-02
     102.599  4.9987660E-02  4.8910077E-02  5.5349683E-02  5.4156510E-02
     102.799  5.0357358E-02  4.9271743E-02  5.4363103E-02  5.3191131E-02
     102.999  5.1539827E-02  5.0428608E-02  5.3305857E-02  5.2156562E-02
     103.199  5.3106302E-02  5.1961144E-02  5.2174135E-02  5.1049078E-02
     103.399  5.4540329E-02  5.3364028E-02  5.0965967E-02  4.9866757E-02
     103.599  5.5336586E-02  5.4142838E-02  4.9681218E-02  4.8609470E-02
     103.799  5.5097707E-02  5.3908789E-02  4.8321356E-02  4.7278660E-02
     103.999  5.3610641E-02  5.2453448E-02  4.6889031E-02  4.5876924E-02
     104.199  5.0887748E-02  4.9788938E-02  4.5387442E-02  4.4407399E-02
     104.399  4.7164807E-02  4.6145982E-02  4.3819814E-02  4.2873245E-02
     104.599  4.2856028E-02  4.1929873E-02  4.2188850E-02  4.1277112E-02
     104.799  3.8475037E-02  3.7643160E-02  4.0496503E-02  3.9620920E-02
     104.999  3.4536487E-02  3.3789379E-02  3.8743884E-02  3.7905760E-02
     105.199  3.1457647E-02  3.0776762E-02  3.6931496E-02  3.6132131E-02
     105.399  2.9478637E-02  2.8840204E-02  3.5059700E-02  3.4300395E-02
     105.599  2.8616579E-02  2.7996420E-02  3.3129211E-02  3.2411258E-02
     105.799  2.8662808E-02  2.8041227E-02  3.1141753E-02  3.0466413E-02
     105.999  2.9223468E-02  2.8589275E-02  2.9100464E-02  2.8468941E-02
     106.199  2.9795886E-02  2.9148784E-02  2.7010260E-02  2.6423655E-02
     106.399  2.9866083E-02  2.9216942E-02  2.4877778E-02  2.4337058E-02
     106.599  2.9008636E-02  2.8377609E-02  2.2711139E-02  2.2217102E-02
     106.799  2.6969802E-02  2.6382617E-02  2.0519463E-02  2.0072715E-02
     106.999  2.3717747E-02  2.3200899E-02  1.8312100E-02  1.7913049E-02
     107.199  1.9450370E-02  1.9026116E-02  1.6097958E-02  1.5746827E-02
     107.399  1.4558781E-02  1.4240913E-02  1.3884729E-02  1.3581578E-02
     107.599  9.5538414E-03  9.3450369E-03  1.1678449E-02  1.1423210E-02
     107.799  4.9691828E-03  4.8604647E-03  9.4831607E-03  9.2756837E-03
     107.999  1.2598186E-03  1.2322258E-03  7.3009821E-03  7.1410747E-03
     108.199 -1.2844930E-03 -1.2563284E-03  5.1324564E-03  5.0199186E-03
     108.399 -2.5946054E-03 -2.5376487E-03  2.9770213E-03  2.9116698E-03
     108.599 -2.8350303E-03 -2.7727219E-03  8.3376844E-04  8.1544384E-04
     108.799 -2.3724529E-03 -2.3202474E-03 -1.2979472E-03 -1.2693860E-03
     108.999 -1.7054262E-03 -1.6678514E-03 -3.4178926E-03 -3.3425878E-03
     109.199 -1.3687893E-03 -1.3385926E-03 -5.5245378E-03 -5.4026615E-03
     109.399 -1.8309721E-03 -1.7905258E-03 -7.6149936E-03 -7.4467779E-03
     109.599 -3.4038942E-03 -3.3286002E-03 -9.6850498E-03 -9.4708168E-03
     109.799 -6.1827175E-03 -6.0457663E-03 -1.1729604E-02 -1.1469786E-02
     109.999 -1.0026903E-02 -9.8044857E-03 -1.3743072E-02 -1.3438222E-02
     110.199 -1.4586464E-02 -1.4262437E-02 -1.5720000E-02 -1.5370792E-02
     110.399 -1.9368180E-02 -1.8937294E-02 -1.7655526E-02 -1.7262741E-02
     110.599 -2.3829179E-02 -2.3298246E-02 -1.9545703E-02 -1.9110210E-02
     110.799 -2.7480289E-02 -2.6867062E-02 -2.1387730E-02 -2.0910459E-02
     110.999 -2.9978840E-02 -2.9308804E-02 -2.3179822E-02 -2.2661746E-02
     111.199 -3.1193765E-02 -3.0495457E-02 -2.4921055E-02 -2.4363169E-02
     111.399 -3.1230017E-02 -3.0529755E-02 -2.6610938E-02 -2.6014249E-02
     111.599 -3.0407999E-02 -2.9725036E-02 -2.8249073E-02 -2.7614600E-02
     111.799 -2.9201715E-02 -2.8544735E-02 -2.9834773E-02 -2.9163551E-02
     111.999 -2.8147633E-02 -2.7513278E-02 -3.1366799E-02 -3.0659895E-02
     112.199 -2.7741585E-02 -2.7115288E-02 -3.2843341E-02 -3.2101866E-02
     112.399 -2.8343590E-02 -2.7702564E-02 -3.4262054E-02 -3.3487175E-02
     112.599 -3.0108722E-02 -2.9426547E-02 -3.5620364E-02 -3.4813311E-02
     112.799 -3.2957294E-02 -3.2209209E-02 -3.6915753E-02 -3.6077817E-02
     112.999 -3.6590138E-02 -3.5758048E-02 -3.8146161E-02 -3.7278686E-02
     113.199 -4.0545944E-02 -3.9622156E-02 -3.9310263E-02 -3.8414628E-02
     113.399 -4.4289615E-02 -4.3278600E-02 -4.0407614E-02 -3.9485216E-02
     113.599 -4.7314975E-02 -4.6232804E-02 -4.1438694E-02 -4.0490923E-02
     113.799 -4.9241669E-02 -4.8113217E-02 -4.2404690E-02 -4.1432919E-02
     113.999 -4.9888149E-02 -4.8742605E-02 -4.3307234E-02 -4.2312802E-02
     114.199 -4.9306346E-02 -4.8171878E-02 -4.4147973E-02 -4.3132191E-02
     114.399 -4.7771649E-02 -4.6670247E-02 -4.4928216E-02 -4.3892370E-02
     114.599 -4.5729941E-02 -4.4673431E-02 -4.5648618E-02 -4.4593987E-02
     114.799 -4.3712004E-02 -4.2700002E-02 -4.6309009E-02 -4.5236882E-02
     114.999 -4.2231527E-02 -4.1251731E-02 -4.6908444E-02 -4.5820141E-02
     115.199 -4.1686534E-02 -4.0717313E-02 -4.7445393E-02 -4.6342276E-02
     115.399 -4.2282926E-02 -4.1297710E-02 -4.7918121E-02 -4.6801602E-02
     115.599 -4.3994990E-02 -4.2967640E-02 -4.8325114E-02 -4.7196649E-02
     115.799 -4.6570417E-02 -4.5480523E-02 -4.8665538E-02 -4.7526611E-02
     115.999 -4.9578871E-02 -4.8415977E-02 -4.8939582E-02 -4.7791683E-02
     116.199 -5.2494749E-02 -5.1260684E-02 -4.9148644E-02 -4.7993241E-02
     116.399 -5.4798474E-02 -5.3507317E-02 -4.9295325E-02 -4.8133833E-02
     116.599 -5.6076520E-02 -5.4752210E-02 -4.9383187E-02 -4.8216948E-02
     116.799 -5.6101330E-02 -5.4773357E-02 -4.9416354E-02 -4.8246621E-02
     116.999 -5.4875458E-02 -5.3573458E-02 -4.9398987E-02 -4.8226924E-02
     117.199 -5.2631611E-02 -5.1379895E-02 -4.9334744E-02 -4.8161437E-02
     117.399 -4.9788432E-02 -4.8601509E-02 -4.9226314E-02 -4.8052792E-02
     117.599 -4.6870608E-02 -4.5750554E-02 -4.9075106E-02 -4.7902372E-02
     117.799 -4.4408346E-02 -4.3344556E-02 -4.8881148E-02 -4.7710214E-02
     117.999 -4.2835856E-02 -4.1807223E-02 -4.8643223E-02 -4.7475135E-02
     118.199 -4.2407933E-02 -4.1387063E-02 -4.8359193E-02 -4.7195061E-02
     118.399 -4.3150993E-02 -4.2109651E-02 -4.8026488E-02 -4.6867489E-02
     118.599 -4.4857763E-02 -4.3772520E-02 -4.7642640E-02 -4.6490022E-02
     118.799 -4.7126844E-02 -4.5983824E-02 -4.7205778E-02 -4.6060844E-02
     118.999 -4.9439432E-02 -4.8237271E-02 -4.6715015E-02 -4.5579100E-02
     119.199 -5.1258761E-02 -5.0009166E-02 -4.6170620E-02 -4.5045065E-02
     119.399 -5.2132922E-02 -5.0858735E-02 -4.5574013E-02 -4.4460133E-02
     119.599 -5.1781642E-02 -5.0512749E-02 -4.4927520E-02 -4.3826585E-02
     119.799 -5.0150124E-02 -4.8917993E-02 -4.4234001E-02 -4.3147223E-02
     119.999 -4.7419820E-02 -4.6251699E-02 -4.3496416E-02 -4.2424943E-02
     120.199 -4.3973830E-02 -4.2887722E-02 -4.2717365E-02 -4.1662290E-02
     120.399 -4.0323812E-02 -3.9325195E-02 -4.1898785E-02 -4.0861164E-02
     120.599 -3.7012021E-02 -3.6092957E-02 -4.1041758E-02 -4.0022630E-02
     120.799 -3.4507721E-02 -3.3648525E-02 -4.0146572E-02 -3.9146976E-02
     120.999 -3.3117318E-02 -3.2290498E-02 -3.9212910E-02 -3.8233905E-02
     121.199 -3.2925912E-02 -3.2101619E-02 -3.8240232E-02 -3.7282897E-02
     121.399 -3.3781180E-02 -3.2933148E-02 -3.7228218E-02 -3.6293653E-02
     121.599 -3.5322855E-02 -3.4433666E-02 -3.6177167E-02 -3.5266471E-02
     121.799 -3.7052082E-02 -3.6116764E-02 -3.5088355E-02 -3.4202608E-02
     121.999 -3.8427487E-02 -3.7454733E-02 -3.3964164E-02 -3.3104395E-02
     122.199 -3.8969378E-02 -3.7980128E-02 -3.2808104E-02 -3.1975261E-02
     122.399 -3.8352276E-02 -3.7375937E-02 -3.1624553E-02 -3.0819482E-02
     122.599 -3.6467865E-02 -3.5536855E-02 -3.0418417E-02 -2.9641847E-02
     122.799 -3.3446420E-02 -3.2590104E-02 -2.9194703E-02 -2.8447243E-02
     122.999 -2.9632397E-02 -2.8871549E-02 -2.7958042E-02 -2.7240186E-02
     123.199 -2.5519129E-02 -2.4862002E-02 -2.6712380E-02 -2.6024526E-02
     123.399 -2.1654722E-02 -2.1095486E-02 -2.5460722E-02 -2.4803196E-02
     123.599 -1.8537688E-02 -1.8057554E-02 -2.4205159E-02 -2.3578235E-02
     123.799 -1.6521791E-02 -1.6092616E-02 -2.2946985E-02 -2.2350907E-02
     123.999 -1.5748819E-02 -1.5338519E-02 -2.1687020E-02 -2.1122013E-02
     124.199 -1.6121886E-02 -1.5700624E-02 -2.0426018E-02 -1.9892291E-02
     124.399 -1.7324498E-02 -1.6870469E-02 -1.9165018E-02 -1.8662754E-02
     124.599 -1.8881724E-02 -1.8385409E-02 -1.7905709E-02 -1.7435049E-02
     124.799 -2.0251800E-02 -1.9717878E-02 -1.6650570E-02 -1.6211591E-02
     124.999 -2.0930471E-02 -2.0376997E-02 -1.5402930E-02 -1.4995623E-02
     125.199 -2.0548233E-02 -2.0003227E-02 -1.4166770E-02 -1.3791021E-02
     125.399 -1.8941653E-02 -1.8437735E-02 -1.2946452E-02 -1.2602029E-02
     125.599 -1.6185230E-02 -1.5753334E-02 -1.1746376E-02 -1.1432928E-02
     125.799 -1.2577517E-02 -1.2240866E-02 -1.0570575E-02 -1.0287642E-02
     125.999 -8.5844027E-03 -8.3539274E-03 -9.4224873E-03 -9.1695110E-03
     126.199 -4.7500918E-03 -4.6221683E-03 -8.3047662E-03 -8.0811126E-03
     126.399 -1.5932203E-03 -1.5501812E-03 -7.2193262E-03 -7.0243040E-03
     126.599  4.9212093E-04  4.7878563E-04 -6.1675442E-03 -6.0004186E-03
     126.799  1.3115735E-03  1.2759225E-03 -5.1505323E-03 -5.0105313E-03
     126.999  9.0716839E-04  8.8243295E-04 -4.1695472E-03 -4.0558576E-03
     127.199 -4.5131787E-04 -4.3897343E-04 -3.2262928E-03 -3.1380472E-03
     127.399 -2.3187824E-03 -2.2551599E-03 -2.3232012E-03 -2.2594575E-03
     127.599 -4.1609471E-03 -4.0464199E-03 -1.4634776E-03 -1.4231964E-03
     127.799 -5.4575933E-03 -5.3069022E-03 -6.5100108E-04 -6.3302611E-04
     127.999 -5.8030945E-03 -5.6423558E-03  1.0996205E-04  1.0691624E-04
     128.199 -4.9849581E-03 -4.8464419E-03  8.1522279E-04  7.9257033E-04
     128.399 -3.0251684E-03 -2.9408406E-03  1.4611383E-03  1.4204085E-03
     128.599 -1.7636547E-04 -1.7143349E-04  2.0451100E-03  1.9879194E-03
     128.799  3.1263228E-03  3.0386163E-03  2.5659067E-03  2.4939222E-03
     128.999  6.3488263E-03  6.1701423E-03  3.0238433E-03  2.9387390E-03
     129.199  8.9607452E-03  8.7077373E-03  3.4206950E-03  3.3241112E-03
     129.399  1.0537446E-02  1.0238958E-02  3.7593898E-03  3.6528998E-03
     129.599  1.0842104E-02  1.0533991E-02  4.0435344E-03  3.9286245E-03
     129.799  9.8716348E-03  9.5901894E-03  4.2768120E-03  4.1548779E-03
     129.999  7.8578378E-03  7.6330772E-03  4.4624056E-03  4.3347658E-03
     130.199  5.2233908E-03  5.0734965E-03  4.6025087E-03  4.4704317E-03
     130.399  2.5009902E-03  2.4289851E-03  4.6980492E-03  4.5627893E-03
     130.599  2.3127982E-04  2.2459928E-04  4.7486578E-03  4.6114924E-03
     130.799 -1.1409193E-03 -1.1078554E-03  4.7529090E-03  4.6151696E-03
     130.999 -1.3522373E-03 -1.3129203E-03  4.7087971E-03  4.5718864E-03
     131.199 -3.7153627E-04 -3.6069800E-04  4.6143680E-03  4.4797599E-03
     131.399  1.5938263E-03  1.5471781E-03  4.4684023E-03  4.3376210E-03
     131.599  4.1375810E-03  4.0160807E-03  4.2710387E-03  4.1456193E-03
     131.799  6.7325918E-03  6.5342319E-03  4.0242163E-03  3.9056523E-03
     131.999  8.8322963E-03  8.5712074E-03  3.7318721E-03  3.6215553E-03
     132.199  9.9762010E-03  9.6803138E-03  3.3998541E-03  3.2990168E-03
     132.399  9.8792857E-03  9.5852939E-03  3.0355426E-03  2.9452097E-03
     132.599  8.4879435E-03  8.2345101E-03  2.6472776E-03  2.5682351E-03
     132.799  5.9917735E-03  5.8122709E-03  2.2436370E-03  2.1764218E-03
     132.999  2.7888841E-03  2.7050535E-03  1.8327368E-03  1.7776469E-03
     133.199 -5.8892788E-04 -5.7116582E-04  1.4216076E-03  1.3787319E-03
     133.399 -3.5766587E-03 -3.4684231E-03  1.0157920E-03  9.8505248E-04
     133.599 -5.6831453E-03 -5.5105831E-03  6.1919834E-04  6.0039709E-04
     133.799 -6.5843515E-03 -6.3837490E-03  2.3420376E-04  2.2706838E-04
     133.999 -6.1847249E-03 -5.9956595E-03 -1.3797782E-04 -1.3375987E-04
     134.199 -4.6351110E-03 -4.4929362E-03 -4.9679649E-04 -4.8155802E-04
     134.399 -2.3035395E-03 -2.2326420E-03 -8.4178491E-04 -8.1587673E-04
     134.599  2.9542058E-04  2.8629729E-04 -1.1720213E-03 -1.1358264E-03
     134.799  2.5995074E-03  2.5189549E-03 -1.4857454E-03 -1.4397057E-03
     134.999  4.1066404E-03  3.9789512E-03 -1.7801511E-03 -1.7248002E-03
     135.199  4.4715313E-03  4.3320215E-03 -2.0514307E-03 -1.9874270E-03
     135.399  3.5722555E-03  3.4604213E-03 -2.2950063E-03 -2.2231581E-03
     135.599  1.5342258E-03  1.4860304E-03 -2.5059365E-03 -2.4272161E-03
     135.799 -1.2931734E-03 -1.2524109E-03 -2.6793848E-03 -2.5949272E-03
     135.999 -4.4027145E-03 -4.2634589E-03 -2.8110740E-03 -2.7221611E-03
     136.199 -7.2258483E-03 -6.9965126E-03 -2.8976470E-03 -2.8056808E-03
     136.399 -9.2408159E-03 -8.9465195E-03 -2.9368567E-03 -2.8433253E-03
     136.599 -1.0072087E-02 -9.7502115E-03 -2.9275736E-03 -2.8340166E-03
     136.799 -9.5617315E-03 -9.2551117E-03 -2.8696095E-03 -2.7775886E-03
     136.999 -7.7993420E-03 -7.5483739E-03 -2.7634081E-03 -2.6744868E-03
     137.199 -5.1045820E-03 -4.9397586E-03 -2.6096670E-03 -2.5254026E-03
     137.399 -1.9658722E-03 -1.9021760E-03 -2.4089792E-03 -2.3309258E-03
     137.599  1.0533222E-03  1.0190753E-03 -2.1615525E-03 -2.0912735E-03
     137.799  3.4223145E-03  3.3106585E-03 -1.8670871E-03 -1.8061717E-03
     137.999  4.7449062E-03  4.5895625E-03 -1.5248027E-03 -1.4748821E-03
     138.199  4.8351160E-03  4.6762694E-03 -1.1336466E-03 -1.0964032E-03
     138.399  3.7527464E-03  3.6290302E-03 -6.9259511E-04 -6.6976243E-04
     138.599  1.7917398E-03  1.7324664E-03 -2.0102258E-04 -1.9437246E-04
     138.799 -5.7626290E-04 -5.5713292E-04  3.4094796E-04  3.2962964E-04
     138.999 -2.7925734E-03 -2.6995465E-03  9.3221381E-04  9.0115970E-04
     139.199 -4.3186969E-03 -4.1743302E-03  1.5705668E-03  1.5180654E-03
     139.399 -4.7399216E-03 -4.5809215E-03  2.2527809E-03  2.1772116E-03
     139.599 -3.8451405E-03 -3.7157056E-03  2.9748080E-03  2.8746702E-03
     139.799 -1.6678066E-03 -1.6114690E-03  3.7321402E-03  3.6060704E-03
     139.999  1.5199667E-03  1.4684436E-03  4.5201920E-03  4.3669687E-03
     140.199  5.2588820E-03  5.0799958E-03  5.3346596E-03  5.1531957E-03
     140.399  8.9899478E-03  8.6830759E-03  6.1718311E-03  5.9611556E-03
     140.599  1.2160813E-02  1.1744251E-02  7.0286954E-03  6.7879311E-03
     140.799  1.4331084E-02  1.3838461E-02  7.9029531E-03  7.6312936E-03
     140.999  1.5255948E-02  1.4729697E-02  8.7928046E-03  8.4894981E-03
     141.199  1.4932522E-02  1.4415622E-02  9.6966872E-03  9.3610291E-03
     141.399  1.3599704E-02  1.3127289E-02  1.0612916E-02  1.0244254E-02
     141.599  1.1691795E-02  1.1284231E-02  1.1539346E-02  1.1137097E-02
     141.799  9.7545807E-03  9.4133528E-03  1.2473166E-02  1.2036839E-02
     141.999  8.3401394E-03  8.0473663E-03  1.3410769E-02  1.2939996E-02
     142.199  7.9003195E-03  7.6220120E-03  1.4347856E-02  1.3842419E-02
     142.399  8.6995218E-03  8.3919839E-03  1.5279660E-02  1.4739507E-02
     142.599  1.0763333E-02  1.0381500E-02  1.6201278E-02  1.5626532E-02
     142.799  1.3873014E-02  1.3379134E-02  1.7108118E-02  1.6499068E-02
     142.999  1.7606744E-02  1.6977740E-02  1.7996255E-02  1.7353335E-02
     143.199  2.1420020E-02  2.0652095E-02  1.8862774E-02  1.8186528E-02
     143.399  2.4749410E-02  2.3859002E-02  1.9705891E-02  1.8996934E-02
     143.599  2.7120281E-02  2.6141145E-02  2.0524973E-02  1.9783950E-02
     143.799  2.8237407E-02  2.7214351E-02  2.1320327E-02  2.0547881E-02
     143.999  2.8041356E-02  2.7021828E-02  2.2092866E-02  2.1289613E-02
     144.199  2.6719798E-02  2.5744900E-02  2.2843720E-02  2.2010244E-02
     144.399  2.4671488E-02  2.3768156E-02  2.3573792E-02  2.2710651E-02
     144.599  2.2429784E-02  2.1605639E-02  2.4283430E-02  2.3391177E-02
     144.799  2.0560486E-02  1.9802366E-02  2.4972175E-02  2.4051385E-02
     144.999  1.9553308E-02  1.8829787E-02  2.5638713E-02  2.4690017E-02
     145.199  1.9728011E-02  1.8995455E-02  2.6280967E-02  2.5305082E-02
     145.399  2.1172994E-02  2.0384014E-02  2.6896327E-02  2.5894075E-02
     145.599  2.3728203E-02  2.2840893E-02  2.7481999E-02  2.6454318E-02
     145.799  2.7015542E-02  2.6001746E-02  2.8035338E-02  2.6983273E-02
     145.999  3.0511158E-02  2.9362154E-02  2.8554171E-02  2.7478863E-02
     146.199  3.3645431E-02  3.2373933E-02  2.9036987E-02  2.7939647E-02
     146.399  3.5911933E-02  3.4550004E-02  2.9483018E-02  2.8364900E-02
     146.599  3.6964103E-02  3.5557337E-02  2.9892158E-02  2.8754533E-02
     146.799  3.6681357E-02  3.5280438E-02  3.0264748E-02  2.9108889E-02
     146.999  3.5191924E-02  3.3843158E-02  3.0601316E-02  2.9428491E-02
     147.199  3.2848026E-02  3.1584663E-02  3.0902265E-02  2.9713737E-02
     147.399  3.0158104E-02  2.8994116E-02  3.1167625E-02  2.9964674E-02
     147.599  2.7689271E-02  2.6616811E-02  3.1396892E-02  3.0180829E-02
     147.799  2.5958415E-02  2.4949459E-02  3.1589008E-02  3.0361200E-02
     147.999  2.5333105E-02  2.4344991E-02  3.1742454E-02  3.0504344E-02
     148.199  2.5961096E-02  2.4944927E-02  3.1855476E-02  3.0608590E-02
     148.399  2.7742010E-02  2.6652316E-02  3.1926361E-02  3.0672308E-02
     148.599  3.0346587E-02  2.9150397E-02  3.1953728E-02  3.0694189E-02
     148.799  3.3279903E-02  3.1963480E-02  3.1936763E-02  3.0673470E-02
     148.999  3.5976204E-02  3.4548129E-02  3.1875353E-02  3.0610061E-02
     149.199  3.7907494E-02  3.6397473E-02  3.1770088E-02  3.0504546E-02
     149.399  3.8684707E-02  3.7138317E-02  3.1622129E-02  3.0358060E-02
     149.599  3.8132298E-02  3.6602641E-02  3.1432975E-02  3.0172058E-02
     149.799  3.6321876E-02  3.4859732E-02  3.1204160E-02  2.9948030E-02
     149.999  3.3558440E-02  3.2202801E-02  3.0936961E-02  2.9687220E-02
     150.199  3.0321787E-02  2.9092604E-02  3.0632162E-02  2.9390397E-02
     150.399  2.7174478E-02  2.6069020E-02  3.0289934E-02  2.9057739E-02
     150.599  2.4653966E-02  2.3647530E-02  2.9909859E-02  2.8688864E-02
     150.799  2.3169438E-02  2.2220292E-02  2.9491077E-02  2.8282962E-02
     150.999  2.2923464E-02  2.1981107E-02  2.9032571E-02  2.7839077E-02
     151.199  2.3873195E-02  2.2888363E-02  2.8533478E-02  2.7356397E-02
     151.399  2.5738744E-02  2.4673240E-02  2.7993427E-02  2.6834586E-02
     151.599  2.8057104E-02  2.6891568E-02  2.7412767E-02  2.6273997E-02
     151.799  3.0271223E-02  2.9009315E-02  2.6792695E-02  2.5675795E-02
     151.999  3.1837121E-02  3.0505301E-02  2.6135224E-02  2.5041928E-02
     152.199  3.2328649E-02  3.0971547E-02  2.5442964E-02  2.4374912E-02
     152.399  3.1519522E-02  3.0191770E-02  2.4718823E-02  2.3677548E-02
     152.599  2.9427064E-02  2.8183134E-02  2.3965578E-02  2.2952513E-02
     152.799  2.6309193E-02  2.5193185E-02  2.3185515E-02  2.2202010E-02
     152.999  2.2615091E-02  2.1652441E-02  2.2380085E-02  2.1427438E-02
     153.199  1.8899168E-02  1.8091892E-02  2.1549731E-02  2.0629236E-02
     153.399  1.5714789E-02  1.5041198E-02  2.0693912E-02  1.9806897E-02
     153.599  1.3507935E-02  1.2926924E-02  1.9811253E-02  1.8959119E-02
     153.799  1.2531623E-02  1.1990732E-02  1.8899934E-02  1.8084173E-02
     153.999  1.2797117E-02  1.2242848E-02  1.7958100E-02  1.7180299E-02
     154.199  1.4071650E-02  1.3460062E-02  1.6984378E-02  1.6246197E-02
     154.399  1.5922965E-02  1.5228515E-02  1.5978258E-02  1.5281396E-02
     154.599  1.7802256E-02  1.7023151E-02  1.4940395E-02  1.4286538E-02
     154.799  1.9149536E-02  1.8308565E-02  1.3872734E-02  1.3263499E-02
     154.999  1.9501419E-02  1.8642029E-02  1.2778370E-02  1.2215252E-02
     155.199  1.8580406E-02  1.7758769E-02  1.1661305E-02  1.1145636E-02
     155.399  1.6348709E-02  1.5623260E-02  1.0525987E-02  1.0058912E-02
     155.599  1.3016203E-02  1.2436633E-02  9.3768594E-03  8.9593375E-03
     155.799  9.0008150E-03  8.5986530E-03  8.2178592E-03  7.8506801E-03
     155.999  4.8490692E-03  4.6316621E-03  7.0520617E-03  6.7358838E-03
     156.199  1.1319492E-03  1.0810235E-03  5.8814925E-03  5.6168874E-03
     156.399 -1.6642429E-03 -1.5891115E-03  4.7070724E-03  4.4945740E-03
     156.599 -3.2306550E-03 -3.0843065E-03  3.5288414E-03  3.3689850E-03
     156.799 -3.4949813E-03 -3.3361140E-03  2.3462442E-03  2.2395937E-03
     156.999 -2.6351465E-03 -2.5149518E-03  1.1586008E-03  1.1057545E-03
     157.199 -1.0451569E-03 -9.9732123E-04 -3.4498436E-05 -3.2919480E-05
     157.399  7.4049936E-04  7.0649114E-04 -1.2328034E-03 -1.1761856E-03
     157.599  2.1493523E-03  2.0503023E-03 -2.4351456E-03 -2.3229252E-03
     157.799  2.6808887E-03  2.5569200E-03 -3.6394097E-03 -3.4711174E-03
     157.999  2.0026887E-03  1.9097639E-03 -4.8425929E-03 -4.6178963E-03
     158.199  1.4505545E-05  1.3830184E-05 -6.0411085E-03 -5.7598412E-03
     158.399 -3.1321304E-03 -2.9858032E-03 -7.2311303E-03 -6.8933055E-03
     158.599 -7.0623917E-03 -6.7313224E-03 -8.4089717E-03 -8.0147777E-03
     158.799 -1.1249576E-02 -1.0720420E-02 -9.5714833E-03 -9.1212612E-03
     158.999 -1.5115380E-02 -1.4401959E-02 -1.0716263E-02 -1.0210473E-02
     159.199 -1.8140372E-02 -1.7281258E-02 -1.1841814E-02 -1.1280994E-02
     159.399 -1.9962944E-02 -1.9014293E-02 -1.2947459E-02 -1.2332188E-02
     159.599 -2.0448329E-02 -1.9473305E-02 -1.4033198E-02 -1.3364063E-02
     159.799 -1.9714043E-02 -1.8770836E-02 -1.5099416E-02 -1.4376992E-02
     159.999 -1.8107164E-02 -1.7237893E-02 -1.6146546E-02 -1.5371399E-02
     160.199 -1.6137614E-02 -1.5360266E-02 -1.7174828E-02 -1.6347517E-02
     160.399 -1.4380394E-02 -1.3685341E-02 -1.8184045E-02 -1.7305149E-02
     160.599 -1.3365271E-02 -1.2717094E-02 -1.9173482E-02 -1.8243623E-02
     160.799 -1.3475315E-02 -1.2819588E-02 -2.0141917E-02 -1.9161784E-02
     160.999 -1.4873461E-02 -1.4147251E-02 -2.1087807E-02 -2.0058175E-02
     161.199 -1.7471373E-02 -1.6615434E-02 -2.2009493E-02 -2.0931227E-02
     161.399 -2.0946347E-02 -1.9916701E-02 -2.2905434E-02 -2.1779486E-02
     161.599 -2.4803280E-02 -2.3579929E-02 -2.3774443E-02 -2.2601835E-02
     161.799 -2.8469431E-02 -2.7060525E-02 -2.4615775E-02 -2.3397580E-02
     161.999 -3.1404275E-02 -2.9844895E-02 -2.5429177E-02 -2.4166490E-02
     162.199 -3.3202863E-02 -3.1548628E-02 -2.6214735E-02 -2.4908663E-02
     162.399 -3.3673365E-02 -3.1990051E-02 -2.6972702E-02 -2.5624350E-02
     162.599 -3.2873526E-02 -3.1224678E-02 -2.7703214E-02 -2.6313695E-02
     162.799 -3.1099326E-02 -2.9534234E-02 -2.8406017E-02 -2.6976468E-02
     162.999 -2.8827845E-02 -2.7372206E-02 -2.9080278E-02 -2.7611893E-02
     163.199 -2.6625474E-02 -2.5276541E-02 -2.9724453E-02 -2.8218515E-02
     163.399 -2.5038843E-02 -2.3766052E-02 -3.0336337E-02 -2.8794259E-02
     163.599 -2.4489701E-02 -2.3240664E-02 -3.0913203E-02 -2.9336552E-02
     163.799 -2.5193615E-02 -2.3904388E-02 -3.1452093E-02 -2.9842603E-02
     163.999 -2.7118364E-02 -2.5726015E-02 -3.1950144E-02 -3.0309715E-02
     164.199 -2.9989782E-02 -2.8444876E-02 -3.2404916E-02 -3.0735595E-02
     164.399 -3.3344199E-02 -3.1620776E-02 -3.2814689E-02 -3.1118634E-02
     164.599 -3.6617098E-02 -3.4718221E-02 -3.3178609E-02 -3.1458044E-02
     164.799 -3.9251407E-02 -3.7209161E-02 -3.3496717E-02 -3.1753887E-02
     164.999 -4.0804175E-02 -3.8674096E-02 -3.3769802E-02 -3.2006935E-02
     165.199 -4.1031622E-02 -3.8882571E-02 -3.3999150E-02 -3.2218428E-02
     165.399 -3.9935842E-02 -3.7837258E-02 -3.4186187E-02 -3.2389742E-02
     165.599 -3.7764477E-02 -3.5773434E-02 -3.4332117E-02 -3.2522037E-02
     165.799 -3.4963180E-02 -3.3113739E-02 -3.4437610E-02 -3.2615970E-02
     165.999 -3.2090193E-02 -3.0387122E-02 -3.4502592E-02 -3.2671491E-02
     166.199 -2.9709128E-02 -2.8127225E-02 -3.4526182E-02 -3.2687789E-02
     166.399 -2.8280812E-02 -2.6770003E-02 -3.4506793E-02 -3.2663383E-02
     166.599 -2.8074762E-02 -2.6570028E-02 -3.4442370E-02 -3.2596349E-02
     166.799 -2.9117288E-02 -2.7551549E-02 -3.4330721E-02 -3.2484637E-02
     166.999 -3.1186270E-02 -2.9503770E-02 -3.4169889E-02 -3.2326423E-02
     167.199 -3.3853639E-02 -3.2021247E-02 -3.3958488E-02 -3.2120420E-02
     167.399 -3.6567283E-02 -3.4581527E-02 -3.3695941E-02 -3.1866111E-02
     167.599 -3.8756951E-02 -3.6645402E-02 -3.3382581E-02 -3.1563838E-02
     167.799 -3.9943577E-02 -3.7760266E-02 -3.3019592E-02 -3.1214746E-02
     167.999 -3.9831215E-02 -3.7646940E-02 -3.2608816E-02 -3.0820605E-02
     168.199 -3.8363954E-02 -3.6253282E-02 -3.2152433E-02 -3.0383500E-02
     168.399 -3.5736808E-02 -3.3764271E-02 -3.1652620E-02 -2.9905514E-02
     168.599 -3.2358461E-02 -3.0566585E-02 -3.1111199E-02 -2.9388391E-02
     168.799 -2.8773168E-02 -2.7174653E-02 -3.0529394E-02 -2.8833311E-02
     168.999 -2.5556461E-02 -2.4132044E-02 -2.9907684E-02 -2.8240748E-02
     169.199 -2.3204978E-02 -2.1907431E-02 -2.9245822E-02 -2.7610490E-02
     169.399 -2.2041369E-02 -2.0804896E-02 -2.8542994E-02 -2.6941794E-02
     169.599 -2.2152438E-02 -2.0905715E-02 -2.7798060E-02 -2.6233605E-02
     169.799 -2.3372607E-02 -2.2052965E-02 -2.7009883E-02 -2.5484875E-02
     169.999 -2.5315710E-02 -2.3881746E-02 -2.6177608E-02 -2.4694822E-02
     170.199 -2.7449047E-02 -2.5889232E-02 -2.5300924E-02 -2.3863177E-02
     170.399 -2.9195627E-02 -2.7531219E-02 -2.4380165E-02 -2.2990281E-02
     170.599 -3.0044815E-02 -2.8326489E-02 -2.3416317E-02 -2.2077089E-02
     170.799 -2.9650291E-02 -2.7949082E-02 -2.2410917E-02 -2.1125073E-02
     170.999 -2.7896507E-02 -2.6290789E-02 -2.1365805E-02 -2.0135993E-02
     171.199 -2.4920912E-02 -2.3481872E-02 -2.0282925E-02 -1.9111702E-02
     171.399 -2.1087569E-02 -1.9865986E-02 -1.9164055E-02 -1.8053900E-02
     171.599 -1.6917515E-02 -1.5934367E-02 -1.8010712E-02 -1.6964034E-02
     171.799 -1.2988825E-02 -1.2231580E-02 -1.6824073E-02 -1.5843234E-02
     171.999 -9.8259742E-03 -9.2512960E-03 -1.5605089E-02 -1.4692415E-02
     172.198 -7.7995433E-03 -7.3419294E-03 -1.4354710E-02 -1.3512493E-02
     172.398 -7.0554187E-03 -6.6401473E-03 -1.3074124E-02 -1.2304601E-02
     172.598 -7.4873815E-03 -7.0452854E-03 -1.1765093E-02 -1.1070417E-02
     172.798 -8.7580844E-03 -8.2393182E-03 -1.0430149E-02 -9.8123422E-03
     172.998 -1.0364516E-02 -9.7486507E-03 -9.0727776E-03 -8.5336682E-03
     173.198 -1.1735399E-02 -1.1035868E-02 -7.6973500E-03 -7.2385218E-03
     173.398 -1.2341713E-02 -1.1603715E-02 -6.3089672E-03 -5.9317097E-03
     173.598 -1.1799164E-02 -1.1091381E-02 -4.9131544E-03 -4.6184348E-03
     173.798 -9.9428914E-03 -9.3445782E-03 -3.5153944E-03 -3.3038556E-03
     173.998 -6.8600217E-03 -6.4459201E-03 -2.1207381E-03 -1.9927209E-03
     174.198 -2.8736901E-03 -2.6996758E-03 -7.3336421E-04 -6.8895583E-04
     174.398  1.5183180E-03  1.4260885E-03  6.4366653E-04  6.0456731E-04
     174.598  5.7385370E-03  5.3888586E-03  2.0084765E-03  1.8860898E-03
     174.798  9.2404710E-03  8.6756377E-03  3.3603029E-03  3.1549009E-03
     174.998  1.1613156E-02  1.0901069E-02  4.6991344E-03  4.4109961E-03
     175.198  1.2660087E-02  1.1881379E-02  6.0253135E-03  5.6547029E-03
     175.398  1.2436809E-02  1.1669447E-02  7.3389592E-03  6.8861387E-03
     175.598  1.1240244E-02  1.0544549E-02  8.6395096E-03  8.1047824E-03
     175.798  9.5514997E-03  8.9584862E-03  9.9253034E-03  9.3090819E-03
     175.998  7.9432433E-03  7.4485466E-03  1.1193342E-02  1.0496232E-02
     176.198  6.9692022E-03  6.5338201E-03  1.2439334E-02  1.1662220E-02
     176.398  7.0571881E-03  6.6149421E-03  1.3657876E-02  1.2801991E-02
     176.598  8.4260167E-03  7.8963566E-03  1.4842916E-02  1.3909889E-02
     176.798  1.1042420E-02  1.0346146E-02  1.5988258E-02  1.4980126E-02
     176.998  1.4626314E-02  1.3701211E-02  1.7088179E-02  1.6007365E-02
     177.198  1.8703436E-02  1.7516809E-02  1.8137942E-02  1.6987192E-02
     177.398  2.2695287E-02  2.1250964E-02  1.9134156E-02  1.7916463E-02
     177.598  2.6029496E-02  2.4367889E-02  2.0074995E-02  1.8793497E-02
     177.798  2.8248988E-02  2.6440159E-02  2.0960100E-02  1.9617990E-02
     177.998  2.9099565E-02  2.7230555E-02  2.1790347E-02  2.0390794E-02
     178.198  2.8578618E-02  2.6737443E-02  2.2567371E-02  2.1113470E-02
     178.398  2.6935900E-02  2.5195247E-02  2.3293062E-02  2.1787817E-02
     178.598  2.4625931E-02  2.3029691E-02  2.3969013E-02  2.2415354E-02
     178.798  2.2221242E-02  2.0776477E-02  2.4596059E-02  2.2996889E-02
     178.998  2.0302797E-02  1.8978741E-02  2.5173995E-02  2.3532262E-02
     179.198  1.9348821E-02  1.8083140E-02  2.5701450E-02  2.4020218E-02
     179.398  1.9643004E-02  1.8354173E-02  2.6176007E-02  2.4458529E-02
     179.598  2.1219901E-02  1.9823381E-02  2.6594449E-02  2.4844220E-02
     179.798  2.3857893E-02  2.2283003E-02  2.6953175E-02  2.5173961E-02
     179.998  2.7121126E-02  2.5325408E-02  2.7248629E-02  2.5444469E-02
     180.198  3.0442353E-02  2.8420641E-02  2.7477714E-02  2.5652886E-02
     180.398  3.3231114E-02  3.1017535E-02  2.7638117E-02  2.5797098E-02
     180.598  3.4986179E-02  3.2648669E-02  2.7728498E-02  2.5875891E-02
     180.798  3.5391194E-02  3.3019507E-02  2.7748526E-02  2.5889001E-02
     180.998  3.4374863E-02  3.2064361E-02  2.7698780E-02  2.5837009E-02
     181.198  3.2124418E-02  2.9958698E-02  2.7580551E-02  2.5721164E-02
     181.398  2.9049645E-02  2.7085347E-02  2.7395601E-02  2.5543147E-02
     181.598  2.5704547E-02  2.3961238E-02  2.7145930E-02  2.5304864E-02
     181.798  2.2681350E-02  2.1138479E-02  2.6833595E-02  2.5008273E-02
     181.998  2.0497563E-02  1.9099080E-02  2.6460636E-02  2.4655312E-02
     182.198  1.9497274E-02  1.8163074E-02  2.6029072E-02  2.4247900E-02
     182.398  1.9785972E-02  1.8427987E-02  2.5541007E-02  2.3788032E-02
     182.598  2.1211052E-02  1.9750932E-02  2.4998751E-02  2.3277894E-02
     182.798  2.3391931E-02  2.1776906E-02  2.4404957E-02  2.2719991E-02
     182.998  2.5793776E-02  2.4007646E-02  2.3762722E-02  2.2117236E-02
     183.198  2.7830914E-02  2.5898016E-02  2.3075566E-02  2.1472935E-02
     183.398  2.8979779E-02  2.6961144E-02  2.2347368E-02  2.0790725E-02
     183.598  2.8880035E-02  2.6862413E-02  2.1582160E-02  2.0074383E-02
     183.798  2.7404185E-02  2.5484028E-02  2.0783892E-02  1.9327606E-02
     183.998  2.4682536E-02  2.2947992E-02  1.9956187E-02  1.8553783E-02
     184.198  2.1078539E-02  1.9592911E-02  1.9102097E-02  1.7755770E-02
     184.398  1.7119486E-02  1.5909355E-02  1.8224004E-02  1.6935798E-02
     184.598  1.3395519E-02  1.2445852E-02  1.7323588E-02  1.6095443E-02
     184.798  1.0446811E-02  9.7040251E-03  1.6401989E-02  1.5235779E-02
     184.998  8.6600863E-03  8.0425409E-03  1.5460034E-02  1.4357589E-02
     185.198  8.1947993E-03  7.6087291E-03  1.4498593E-02  1.3461693E-02
     185.398  8.9529014E-03  8.3107494E-03  1.3518950E-02  1.2549296E-02
     185.598  1.0598111E-02  9.8357449E-03  1.2523091E-02  1.1622253E-02
     185.798  1.2620986E-02  1.1710470E-02  1.1513958E-02  1.0683307E-02
     185.998  1.4437413E-02  1.3392836E-02  1.0495470E-02  9.7361004E-03
     186.198  1.5501423E-02  1.4376616E-02  9.4724550E-03  8.7851190E-03
     186.398  1.5410900E-02  1.4289429E-02  8.4503425E-03  7.8354003E-03
     186.598  1.3985636E-02  1.2964946E-02  7.4347873E-03  6.8921869E-03
     186.798  1.1302907E-02  1.0475629E-02  6.4312358E-03  5.9605233E-03
     186.998  7.6834961E-03  7.1195106E-03  5.4444597E-03  5.0448243E-03
     187.198  3.6310488E-03  3.3637561E-03  4.4782576E-03  4.1485993E-03
     187.398 -2.6401062E-04 -2.4452023E-04  3.5352287E-03  3.2742430E-03
     187.598 -3.4371124E-03 -3.1826433E-03  2.6168078E-03  2.4230706E-03
     187.798 -5.4576469E-03 -5.0524304E-03  1.7234144E-03  1.5954553E-03
     187.998 -6.1113077E-03 -5.6562628E-03  8.5480011E-04  7.9115213E-04
     188.198 -5.4411356E-03 -5.0348362E-03  1.0486566E-05  9.7035150E-06
     188.398 -3.7392376E-03 -3.4592271E-03 -8.0982432E-04 -7.4918112E-04
     188.598 -1.4907313E-03 -1.3787815E-03 -1.6058407E-03 -1.4852464E-03
     188.798  7.1946651E-04  6.6528319E-04 -2.3764696E-03 -2.1974967E-03
     188.998  2.3189635E-03  2.1438265E-03 -3.1197179E-03 -2.8841049E-03
     189.198  2.8580673E-03  2.6416044E-03 -3.8328394E-03 -3.5425496E-03
     189.398  2.0964024E-03  1.9371775E-03 -4.5126083E-03 -4.1698689E-03
     189.598  4.9533345E-05  4.5760601E-05 -5.1557093E-03 -4.7630208E-03
     189.798 -3.0135507E-03 -2.7833749E-03 -5.7592000E-03 -5.3193108E-03
     189.998 -6.6214838E-03 -6.1143109E-03 -6.3208861E-03 -5.8367375E-03
     190.198 -1.0190655E-02 -9.4079099E-03 -6.8396341E-03 -6.3142811E-03
     190.398 -1.3136774E-02 -1.2124908E-02 -7.3154754E-03 -6.7519977E-03
     190.598 -1.4986966E-02 -1.3829358E-02 -7.7495658E-03 -7.1509814E-03
     190.798 -1.5470487E-02 -1.4272192E-02 -8.1439461E-03 -7.5131414E-03
     190.998 -1.4570895E-02 -1.3439130E-02 -8.5011765E-03 -7.8408646E-03
     191.198 -1.2529555E-02 -1.1553636E-02 -8.8239249E-03 -8.1366348E-03
     191.398 -9.7997918E-03 -9.0343690E-03 -9.1145412E-03 -8.4026406E-03
     191.598 -6.9603006E-03 -6.4151494E-03 -9.3747420E-03 -8.6404847E-03
     191.798 -4.6045632E-03 -4.2429204E-03 -9.6054182E-03 -8.8510077E-03
     191.998 -3.2273462E-03 -2.9731684E-03 -9.8066149E-03 -9.0342703E-03
     192.198 -3.1299270E-03 -2.8827404E-03 -9.9776875E-03 -9.1896978E-03
     192.398 -4.3624358E-03 -4.0169609E-03 -1.0117573E-02 -9.3163313E-03
     192.598 -6.7142277E-03 -6.1810421E-03 -1.0225154E-02 -9.4131609E-03
     192.798 -9.7541730E-03 -8.9774508E-03 -1.0299606E-02 -9.4794515E-03
     192.998 -1.2913326E-02 -1.1882217E-02 -1.0340707E-02 -9.5150182E-03
     193.198 -1.5593955E-02 -1.4345388E-02 -1.0349003E-02 -9.5203857E-03
     193.398 -1.7284140E-02 -1.5896457E-02 -1.0325840E-02 -9.4968140E-03
     193.598 -1.7656120E-02 -1.6234697E-02 -1.0273241E-02 -9.4461839E-03
     193.798 -1.6629260E-02 -1.5286852E-02 -1.0193662E-02 -9.3707726E-03
     193.998 -1.4385785E-02 -1.3221320E-02 -1.0089675E-02 -9.2729605E-03
     194.198 -1.1336173E-02 -1.0416065E-02 -9.9636436E-03 -9.1549377E-03
     194.398 -8.0407109E-03 -7.3863090E-03 -9.8174624E-03 -9.0184577E-03
     194.598 -5.1023975E-03 -4.6860076E-03 -9.6523967E-03 -8.8646964E-03
     194.798 -3.0516586E-03 -2.8019488E-03 -9.4690725E-03 -8.6942412E-03
     194.998 -2.2448004E-03 -2.0606174E-03 -9.2675954E-03 -8.5072013E-03
     195.198 -2.7959702E-03 -2.5659456E-03 -9.0477992E-03 -8.3034366E-03
     195.398 -4.5554267E-03 -4.1796422E-03 -8.8095448E-03 -8.0828314E-03
     195.598 -7.1384125E-03 -6.5479701E-03 -8.5530399E-03 -7.8455888E-03
     195.798 -9.9991690E-03 -9.1698836E-03 -8.2790840E-03 -7.5924546E-03
     195.998 -1.2535796E-02 -1.1493348E-02 -7.9892149E-03 -7.3248502E-03
     196.198 -1.4205903E-02 -1.3021412E-02 -7.6857162E-03 -7.0448797E-03
     196.398 -1.4631025E-02 -1.3407829E-02 -7.3714682E-03 -6.7551920E-03
     196.598 -1.3669521E-02 -1.2523662E-02 -7.0497036E-03 -6.4587562E-03
     196.798 -1.1444166E-02 -1.0482295E-02 -6.7236682E-03 -6.1585506E-03
     196.998 -8.3190739E-03 -7.6180057E-03 -6.3962985E-03 -5.8572672E-03
     197.198 -4.8302341E-03 -4.4220987E-03 -6.0699276E-03 -5.5570431E-03
     197.398 -1.5831299E-03 -1.4490074E-03 -5.7461127E-03 -5.2593031E-03
     197.598  8.6299217E-04  7.8968630E-04 -5.4255984E-03 -4.9647272E-03
     197.798  2.1022077E-03  1.9231667E-03 -5.1084034E-03 -4.6733304E-03
     197.998  1.9594838E-03  1.7921584E-03 -4.7940492E-03 -4.3846731E-03
     198.198  5.2415782E-04  4.7928087E-04 -4.4818342E-03 -4.0981120E-03
     198.398 -1.8672768E-03 -1.7069858E-03 -4.1711465E-03 -3.8130864E-03
     198.598 -4.6957925E-03 -4.2916387E-03 -3.8617044E-03 -3.5293382E-03
     198.798 -7.3593987E-03 -6.7243376E-03 -3.5537152E-03 -3.2470562E-03
     198.998 -9.2885889E-03 -8.4849585E-03 -3.2479051E-03 -2.9669028E-03
     199.198 -1.0055687E-02 -9.1834190E-03 -2.9454026E-03 -2.6899074E-03
     199.398 -9.4568479E-03 -8.6343891E-03 -2.6475377E-03 -2.4172822E-03
     199.598 -7.5512226E-03 -6.8927880E-03 -2.3555568E-03 -2.1501623E-03
     199.798 -4.6495797E-03 -4.2431038E-03 -2.0703536E-03 -1.8893590E-03
     199.998 -1.2547371E-03 -1.1447612E-03 -1.7922581E-03 -1.6351692E-03
