 # k       S(k)       S(k)_form^2       S(k)_Lorch          S(k)_Lorch_form^2
       0.200 -3.0995226E+00 -3.0165741E+00 -7.8964434E-01 -7.6851212E-01
       0.400 -2.2492813E+00 -2.1890742E+00 -8.1344920E-01 -7.9167538E-01
       0.600 -1.2511670E+00 -1.2176650E+00 -8.5177814E-01 -8.2897044E-01
       0.800 -5.1288416E-01 -4.9914420E-01 -8.9396517E-01 -8.7001620E-01
       1.000 -2.8108508E-01 -2.7355022E-01 -9.1486826E-01 -8.9034399E-01
       1.200 -5.2776377E-01 -5.1360555E-01 -8.7684865E-01 -8.5332559E-01
       1.400 -9.7707758E-01 -9.5084204E-01 -7.4100903E-01 -7.2111217E-01
       1.600 -1.2544918E+00 -1.2207723E+00 -4.8433789E-01 -4.7131938E-01
       1.800 -1.0789062E+00 -1.0498720E+00 -1.1531423E-01 -1.1221104E-01
       2.000 -4.0037107E-01 -3.8958260E-01  3.2002725E-01  3.1140374E-01
       2.200  5.8153015E-01  5.6583731E-01  7.4604411E-01  7.2591180E-01
       2.400  1.5200896E+00  1.4790039E+00  1.0778836E+00  1.0487501E+00
       2.600  2.0862874E+00  2.0298006E+00  1.2470992E+00  1.2133337E+00
       2.800  2.1118184E+00  2.0545335E+00  1.2226979E+00  1.1895311E+00
       3.000  1.6447829E+00  1.6000771E+00  1.0195949E+00  9.9188199E-01
       3.200  9.0198937E-01  8.7742042E-01  6.9167854E-01  6.7283817E-01
       3.400  1.5379558E-01  1.4959684E-01  3.1290139E-01  3.0435894E-01
       3.600 -3.9489549E-01 -3.8408848E-01 -4.5777084E-02 -4.4524314E-02
       3.800 -6.7161571E-01 -6.5318883E-01 -3.3497220E-01 -3.2578169E-01
       4.000 -7.2992445E-01 -7.0984392E-01 -5.3516705E-01 -5.2044438E-01
       4.200 -6.8794724E-01 -6.6896807E-01 -6.5371639E-01 -6.3568159E-01
       4.400 -6.5376744E-01 -6.3567786E-01 -7.1404520E-01 -6.9428775E-01
       4.600 -6.7738592E-01 -6.5858484E-01 -7.4280812E-01 -7.2219123E-01
       4.800 -7.4660984E-01 -7.2582056E-01 -7.6024708E-01 -7.3907808E-01
       5.000 -8.1727359E-01 -7.9444022E-01 -7.7639504E-01 -7.5470376E-01
       5.200 -8.5206729E-01 -8.2817870E-01 -7.9267744E-01 -7.7045391E-01
       5.400 -8.4371348E-01 -8.1997336E-01 -8.0634231E-01 -7.8365373E-01
       5.600 -8.1299830E-01 -7.9003653E-01 -8.1473410E-01 -7.9172330E-01
       5.800 -7.8916248E-01 -7.6678730E-01 -8.1748586E-01 -7.9430763E-01
       6.000 -7.8907792E-01 -7.6661531E-01 -8.1635217E-01 -7.9311315E-01
       6.200 -8.0878825E-01 -7.8566914E-01 -8.1369050E-01 -7.9043127E-01
       6.400 -8.3038290E-01 -8.0654512E-01 -8.1097192E-01 -7.8769137E-01
       6.600 -8.3678252E-01 -8.1265536E-01 -8.0822934E-01 -7.8492547E-01
       6.800 -8.2326911E-01 -7.9942420E-01 -8.0451956E-01 -7.8121770E-01
       7.000 -7.9869642E-01 -7.7545568E-01 -7.9884057E-01 -7.7559562E-01
       7.200 -7.7729530E-01 -7.5456933E-01 -7.9081625E-01 -7.6769497E-01
       7.400 -7.6807654E-01 -7.4551018E-01 -7.8078023E-01 -7.5784063E-01
       7.600 -7.6934555E-01 -7.4662851E-01 -7.6935584E-01 -7.4663850E-01
       7.800 -7.7130252E-01 -7.4841072E-01 -7.5692584E-01 -7.3446072E-01
       8.000 -7.6383006E-01 -7.4104089E-01 -7.4336843E-01 -7.2118975E-01
       8.200 -7.4346286E-01 -7.2116219E-01 -7.2818222E-01 -7.0633990E-01
       8.400 -7.1488667E-01 -6.9332547E-01 -7.1084470E-01 -6.8940540E-01
       8.600 -6.8663760E-01 -6.6581237E-01 -6.9112462E-01 -6.7016330E-01
       8.800 -6.6467065E-01 -6.4439643E-01 -6.6914528E-01 -6.4873458E-01
       9.000 -6.4848056E-01 -6.2858493E-01 -6.4519303E-01 -6.2539827E-01
       9.200 -6.3215037E-01 -6.1264062E-01 -6.1943095E-01 -6.0031375E-01
       9.400 -6.0902843E-01 -5.9011867E-01 -5.9171019E-01 -5.7333815E-01
       9.600 -5.7636912E-01 -5.5836333E-01 -5.6157970E-01 -5.4403593E-01
       9.800 -5.3669218E-01 -5.1982104E-01 -5.2845411E-01 -5.1184193E-01
      10.000 -4.9524040E-01 -4.7957333E-01 -4.9180622E-01 -4.7624780E-01
      10.200 -4.5571278E-01 -4.4120309E-01 -4.5126273E-01 -4.3689473E-01
      10.400 -4.1746024E-01 -4.0408135E-01 -4.0656841E-01 -3.9353858E-01
      10.600 -3.7600913E-01 -3.6387851E-01 -3.5746953E-01 -3.4593703E-01
      10.800 -3.2627190E-01 -3.1567486E-01 -3.0361056E-01 -2.9374954E-01
      11.000 -2.6595259E-01 -2.5725559E-01 -2.4450997E-01 -2.3651417E-01
      11.200 -1.9669934E-01 -1.9022245E-01 -1.7960876E-01 -1.7369463E-01
      11.400 -1.2234004E-01 -1.1828338E-01 -1.0835308E-01 -1.0476021E-01
      11.600 -4.5642718E-02 -4.4118504E-02 -3.0256991E-02 -2.9246575E-02
      11.800  3.3989285E-02  3.2846075E-02  5.5061929E-02  5.3209953E-02
      12.000  1.2026899E-01  1.1619442E-01  1.4783969E-01  1.4283105E-01
      12.200  2.1748966E-01  2.1006724E-01  2.4808271E-01  2.3961622E-01
      12.400  3.2753087E-01  3.1627003E-01  3.5542974E-01  3.4320971E-01
      12.600  4.4843441E-01  4.3290123E-01  4.6898460E-01  4.5273959E-01
      12.800  5.7537079E-01  5.5528991E-01  5.8718806E-01  5.6669475E-01
      13.000  7.0310343E-01  6.7837723E-01  7.0777204E-01  6.8288165E-01
      13.200  8.2810237E-01  7.9875603E-01  8.2781073E-01  7.9847472E-01
      13.400  9.4886621E-01  9.1497913E-01  9.4385637E-01  9.1014821E-01
      13.600  1.0643791E+00  1.0260692E+00  1.0521146E+00  1.0142461E+00
      13.800  1.1719998E+00  1.1294838E+00  1.1486474E+00  1.1069785E+00
      14.000  1.2664500E+00  1.2201429E+00  1.2296171E+00  1.1846568E+00
      14.200  1.3407416E+00  1.2913262E+00  1.2915755E+00  1.2439722E+00
      14.400  1.3885471E+00  1.3369581E+00  1.3318101E+00  1.2823291E+00
      14.600  1.4065411E+00  1.3538607E+00  1.3486865E+00  1.2981731E+00
      14.800  1.3953445E+00  1.3426583E+00  1.3419096E+00  1.2912411E+00
      15.000  1.3586778E+00  1.3069566E+00  1.3126090E+00  1.2626415E+00
      15.200  1.3014756E+00  1.2515248E+00  1.2631992E+00  1.2147174E+00
      15.400  1.2282337E+00  1.1807048E+00  1.1970334E+00  1.1507118E+00
      15.600  1.1424731E+00  1.0978963E+00  1.1179375E+00  1.0743181E+00
      15.800  1.0472691E+00  1.0060670E+00  1.0297451E+00  9.8923242E-01
      16.000  9.4603262E-01  9.0850264E-01  9.3593127E-01  8.9880202E-01
      16.200  8.4268373E-01  8.0897369E-01  8.3941182E-01  8.0583266E-01
      16.400  7.4094845E-01  7.1105919E-01  7.4248970E-01  7.1253826E-01
      16.600  6.4330483E-01  6.1713592E-01  6.4691410E-01  6.2059837E-01
      16.800  5.5042052E-01  5.2784110E-01  5.5398814E-01  5.3126237E-01
      17.000  4.6158132E-01  4.4248619E-01  4.6467364E-01  4.4545059E-01
      17.200  3.7588562E-01  3.6020396E-01  3.7968113E-01  3.6384113E-01
      17.400  2.9338265E-01  2.8103919E-01  2.9952672E-01  2.8692477E-01
      17.600  2.1538242E-01  2.0624377E-01  2.2457211E-01  2.1504354E-01
      17.800  1.4374687E-01  1.3759592E-01  1.5504854E-01  1.4841399E-01
      18.000  7.9700811E-02  7.6261437E-02  9.1066192E-02  8.7136361E-02
      18.200  2.3040926E-02  2.2038183E-02  3.2622993E-02  3.1203238E-02
      18.400 -2.7700753E-02 -2.6484977E-02 -2.0391427E-02 -1.9496455E-02
      18.600 -7.4261659E-02 -7.0974683E-02 -6.8180598E-02 -6.5162782E-02
      18.800 -1.1755112E-01 -1.1230395E-01 -1.1102218E-01 -1.0606644E-01
      19.000 -1.5722037E-01 -1.5014303E-01 -1.4924166E-01 -1.4252348E-01
      19.200 -1.9217975E-01 -1.8345552E-01 -1.8318897E-01 -1.7487288E-01
      19.400 -2.2165742E-01 -2.1151006E-01 -2.1322447E-01 -2.0346316E-01
      19.600 -2.4601384E-01 -2.3465654E-01 -2.3970949E-01 -2.2864323E-01
      19.800 -2.6673023E-01 -2.5431302E-01 -2.6300072E-01 -2.5075713E-01
      20.000 -2.8558760E-01 -2.7218100E-01 -2.8343858E-01 -2.7013286E-01
      20.200 -3.0363424E-01 -2.8926124E-01 -3.0133015E-01 -2.8706621E-01
      20.400 -3.2067418E-01 -3.0536799E-01 -3.1693340E-01 -3.0180576E-01
      20.600 -3.3561790E-01 -3.1946528E-01 -3.3044982E-01 -3.1454593E-01
      20.800 -3.4742307E-01 -3.3056382E-01 -3.4203413E-01 -3.2543638E-01
      21.000 -3.5594403E-01 -3.3852877E-01 -3.5181646E-01 -3.3460316E-01
      21.200 -3.6210203E-01 -3.4423990E-01 -3.5992739E-01 -3.4217255E-01
      21.400 -3.6728970E-01 -3.4902345E-01 -3.6651308E-01 -3.4828545E-01
      21.600 -3.7246527E-01 -3.5379077E-01 -3.7173252E-01 -3.5309476E-01
      21.800 -3.7759232E-01 -3.5850733E-01 -3.7574145E-01 -3.5675001E-01
      22.000 -3.8180529E-01 -3.6235174E-01 -3.7867356E-01 -3.5937958E-01
      22.200 -3.8414985E-01 -3.6441986E-01 -3.8063186E-01 -3.6108256E-01
      22.400 -3.8434545E-01 -3.6444796E-01 -3.8169560E-01 -3.6193530E-01
      22.600 -3.8302567E-01 -3.6303928E-01 -3.8193746E-01 -3.6200785E-01
      22.800 -3.8130984E-01 -3.6125616E-01 -3.8143980E-01 -3.6137928E-01
      23.000 -3.8004265E-01 -3.5989907E-01 -3.8029923E-01 -3.6014205E-01
      23.200 -3.7926188E-01 -3.5900327E-01 -3.7861691E-01 -3.5839275E-01
      23.400 -3.7826553E-01 -3.5790399E-01 -3.7648098E-01 -3.5621550E-01
      23.600 -3.7620268E-01 -3.5579679E-01 -3.7395261E-01 -3.5366876E-01
      23.800 -3.7273801E-01 -3.5236603E-01 -3.7106385E-01 -3.5078337E-01
      24.000 -3.6830570E-01 -3.4802377E-01 -3.6782828E-01 -3.4757264E-01
      24.200 -3.6378547E-01 -3.4360217E-01 -3.6425729E-01 -3.4404781E-01
      24.400 -3.5986001E-01 -3.3974591E-01 -3.6037195E-01 -3.4022923E-01
      24.600 -3.5653615E-01 -3.3646075E-01 -3.5620492E-01 -3.3614816E-01
      24.800 -3.5317566E-01 -3.3314393E-01 -3.5179272E-01 -3.3183943E-01
      25.000 -3.4899847E-01 -3.2906007E-01 -3.4716565E-01 -3.2733195E-01
      25.200 -3.4367629E-01 -3.2390078E-01 -3.4234272E-01 -3.2264394E-01
      25.400 -3.3757850E-01 -3.1801548E-01 -3.3733484E-01 -3.1778594E-01
      25.600 -3.3149975E-01 -3.1215344E-01 -3.3215433E-01 -3.1276981E-01
      25.800 -3.2608181E-01 -3.0691870E-01 -3.2682374E-01 -3.0761703E-01
      26.000 -3.2136303E-01 -3.0234657E-01 -3.2137907E-01 -3.0236166E-01
      26.200 -3.1678406E-01 -2.9791018E-01 -3.1586488E-01 -2.9704577E-01
      26.400 -3.1163721E-01 -2.9294415E-01 -3.1032491E-01 -2.9171057E-01
      26.600 -3.0561916E-01 -2.8716418E-01 -3.0479319E-01 -2.8638808E-01
      26.800 -2.9907582E-01 -2.8089620E-01 -2.9928948E-01 -2.8109687E-01
      27.000 -2.9276047E-01 -2.7484805E-01 -2.9382074E-01 -2.7584344E-01
      27.200 -2.8728610E-01 -2.6959469E-01 -2.8838570E-01 -2.7062658E-01
      27.400 -2.8267752E-01 -2.6515840E-01 -2.8298006E-01 -2.6544219E-01
      27.600 -2.7835238E-01 -2.6099212E-01 -2.7759982E-01 -2.6028650E-01
      27.800 -2.7354419E-01 -2.5637715E-01 -2.7224191E-01 -2.5515660E-01
      28.000 -2.6785803E-01 -2.5094407E-01 -2.6690361E-01 -2.5004992E-01
      28.200 -2.6155323E-01 -2.4493673E-01 -2.6158065E-01 -2.4496240E-01
      28.400 -2.5534900E-01 -2.3902908E-01 -2.5626524E-01 -2.3988675E-01
      28.600 -2.4989574E-01 -2.3382956E-01 -2.5094424E-01 -2.3481065E-01
      28.800 -2.4529526E-01 -2.2943254E-01 -2.4559783E-01 -2.2971554E-01
      29.000 -2.4101640E-01 -2.2534042E-01 -2.4020084E-01 -2.2457790E-01
      29.200 -2.3626358E-01 -2.2080929E-01 -2.3472654E-01 -2.1937279E-01
      29.400 -2.3053174E-01 -2.1536783E-01 -2.2915291E-01 -2.1407970E-01
      29.600 -2.2395034E-01 -2.0913797E-01 -2.2346806E-01 -2.0868759E-01
      29.800 -2.1717470E-01 -2.0273234E-01 -2.1767104E-01 -2.0319567E-01
      30.000 -2.1091010E-01 -1.9680923E-01 -2.1176648E-01 -1.9760835E-01
      30.200 -2.0541075E-01 -1.9160516E-01 -2.0575351E-01 -1.9192489E-01
      30.400 -2.0030657E-01 -1.8677423E-01 -1.9961459E-01 -1.8612899E-01
      30.600 -1.9486809E-01 -1.8163602E-01 -1.9331034E-01 -1.8018405E-01
      30.800 -1.8850665E-01 -1.7564237E-01 -1.8678471E-01 -1.7403793E-01
      31.000 -1.8115001E-01 -1.6872686E-01 -1.7998080E-01 -1.6763783E-01
      31.200 -1.7323574E-01 -1.6129784E-01 -1.7286098E-01 -1.6094891E-01
      31.400 -1.6535132E-01 -1.5390259E-01 -1.6542351E-01 -1.5396978E-01
      31.600 -1.5780128E-01 -1.4682433E-01 -1.5770783E-01 -1.4673739E-01
      31.800 -1.5042164E-01 -1.3991015E-01 -1.4978524E-01 -1.3931822E-01
      32.000 -1.4276698E-01 -1.3274561E-01 -1.4173888E-01 -1.3178968E-01
      32.200 -1.3451117E-01 -1.2502776E-01 -1.3363951E-01 -1.2421755E-01
      32.400 -1.2574741E-01 -1.1684365E-01 -1.2552683E-01 -1.1663869E-01
      32.600 -1.1695209E-01 -1.0863614E-01 -1.1740261E-01 -1.0905462E-01
      32.800 -1.0863414E-01 -1.0087771E-01 -1.0923706E-01 -1.0143758E-01
      33.000 -1.0093353E-01 -9.3697782E-02 -1.0098653E-01 -9.3746988E-02
      33.200 -9.3475966E-02 -8.6748350E-02 -9.2615258E-02 -8.5949588E-02
      33.400 -8.5609190E-02 -7.9423956E-02 -8.4114802E-02 -7.8037537E-02
      33.600 -7.6863884E-02 -7.1289543E-02 -7.5514115E-02 -7.0037662E-02
      33.800 -6.7314091E-02 -6.2414345E-02 -6.6878024E-02 -6.2010019E-02
      34.000 -5.7574872E-02 -5.3368984E-02 -5.8294503E-02 -5.4036045E-02
      34.200 -4.8429033E-02 -4.4878869E-02 -4.9854570E-02 -4.6199905E-02
      34.400 -4.0338352E-02 -3.7371203E-02 -4.1632466E-02 -3.8570127E-02
      34.600 -3.3174076E-02 -3.0725807E-02 -3.3671568E-02 -3.1186584E-02
      34.800 -2.6348214E-02 -2.4397421E-02 -2.5981661E-02 -2.4058007E-02
      35.000 -1.9244532E-02 -1.7815219E-02 -1.8547761E-02 -1.7170198E-02
      35.200 -1.1643169E-02 -1.0775784E-02 -1.1346618E-02 -1.0501326E-02
      35.400 -3.8482623E-03 -3.5607302E-03 -4.3655120E-03 -4.0393324E-03
      35.600  3.5547784E-03  3.2884144E-03  2.3843424E-03  2.2056806E-03
      35.800  1.0120213E-02  9.3597914E-03  8.8631589E-03  8.1971912E-03
      36.000  1.5831465E-02  1.4638719E-02  1.5007745E-02  1.3877058E-02
      36.200  2.1056347E-02  1.9465853E-02  2.0743915E-02  1.9177021E-02
      36.400  2.6214364E-02  2.4229316E-02  2.6000616E-02  2.4031754E-02
      36.600  3.1413530E-02  2.9029063E-02  3.0721934E-02  2.8389964E-02
      36.800  3.6330088E-02  3.3566050E-02  3.4873013E-02  3.2219831E-02
      37.000  4.0421648E-02  3.7339490E-02  3.8439121E-02  3.5508131E-02
      37.200  4.3315723E-02  4.0005859E-02  4.1418866E-02  3.8253946E-02
      37.400  4.5083900E-02  4.1631907E-02  4.3813465E-02  4.0458748E-02
      37.600  4.6194649E-02  4.2650727E-02  4.5615957E-02  4.2116430E-02
      37.800  4.7170867E-02  4.3545343E-02  4.6803604E-02  4.3206307E-02
      38.000  4.8195265E-02  4.4484478E-02  4.7336758E-02  4.3692071E-02
      38.200  4.8948095E-02  4.5173046E-02  4.7165328E-02  4.3527772E-02
      38.400  4.8798394E-02  4.5028946E-02  4.6241149E-02  4.2669236E-02
      38.600  4.7219243E-02  4.3566349E-02  4.4531990E-02  4.1086982E-02
      38.800  4.4138231E-02  4.0718916E-02  4.2031573E-02  3.8775457E-02
      39.000  3.9980272E-02  3.6879023E-02  3.8761399E-02  3.5754697E-02
      39.200  3.5376026E-02  3.2628592E-02  3.4763384E-02  3.2063530E-02
      39.400  3.0742721E-02  2.8352444E-02  3.0087207E-02  2.7747897E-02
      39.600  2.6028035E-02  2.4002240E-02  2.4778149E-02  2.2849633E-02
      39.800  2.0788699E-02  1.9169163E-02  1.8871685E-02  1.7401493E-02
      40.000  1.4538190E-02  1.3404634E-02  1.2397037E-02  1.1430428E-02
      40.200  7.1132939E-03  6.5582412E-03  5.3867459E-03  4.9664164E-03
      40.400 -1.1942625E-03 -1.1010112E-03 -2.1129323E-03 -1.9479489E-03
      40.600 -9.8234584E-03 -9.0559708E-03 -1.0037860E-02 -9.2536219E-03
      40.800 -1.8303425E-02 -1.6872712E-02 -1.8309634E-02 -1.6878436E-02
      41.000 -2.6530038E-02 -2.4455448E-02 -2.6845863E-02 -2.4746576E-02
      41.200 -3.4770597E-02 -3.2050765E-02 -3.5570307E-02 -3.2787920E-02
      41.400 -4.3407835E-02 -4.0011623E-02 -4.4417229E-02 -4.0942042E-02
      41.600 -5.2616783E-02 -4.8499517E-02 -5.3327754E-02 -4.9154854E-02
      41.800 -6.2204132E-02 -5.7336437E-02 -6.2239451E-02 -5.7368992E-02
      42.000 -7.1714568E-02 -6.6102894E-02 -7.1076439E-02 -6.5514698E-02
      42.200 -8.0711657E-02 -7.4396793E-02 -7.9745334E-02 -7.3506075E-02
      42.400 -8.9023048E-02 -8.2059436E-02 -8.8140712E-02 -8.1246120E-02
      42.600 -9.6777912E-02 -8.9210028E-02 -9.6158869E-02 -8.8639393E-02
      42.800 -1.0422415E-01 -9.6077208E-02 -1.0371309E-01 -9.5606096E-02
      43.000 -1.1147708E-01 -1.0276740E-01 -1.1074489E-01 -1.0209242E-01
      43.200 -1.1839292E-01 -1.0914818E-01 -1.1722560E-01 -1.0807201E-01
      43.400 -1.2465971E-01 -1.1493202E-01 -1.2314857E-01 -1.1353880E-01
      43.600 -1.3002967E-01 -1.1989048E-01 -1.2851625E-01 -1.1849507E-01
      43.800 -1.3450882E-01 -1.2402906E-01 -1.3332728E-01 -1.2293958E-01
      44.000 -1.3835442E-01 -1.2758490E-01 -1.3756991E-01 -1.2686146E-01
      44.200 -1.4187666E-01 -1.3084402E-01 -1.4122299E-01 -1.3024117E-01
      44.400 -1.4519217E-01 -1.3391396E-01 -1.4426330E-01 -1.3305724E-01
      44.600 -1.4811728E-01 -1.3662532E-01 -1.4667505E-01 -1.3529498E-01
      44.800 -1.5028724E-01 -1.3864154E-01 -1.4845594E-01 -1.3695215E-01
      45.000 -1.5142051E-01 -1.3970270E-01 -1.4961736E-01 -1.3803909E-01
      45.200 -1.5153499E-01 -1.3982499E-01 -1.5017803E-01 -1.3857290E-01
      45.400 -1.5095320E-01 -1.3930572E-01 -1.5015466E-01 -1.3856879E-01
      45.600 -1.5008390E-01 -1.3852189E-01 -1.4955429E-01 -1.3803307E-01
      45.800 -1.4913167E-01 -1.3766220E-01 -1.4837275E-01 -1.3696165E-01
      46.000 -1.4794316E-01 -1.3658504E-01 -1.4660057E-01 -1.3534553E-01
      46.200 -1.4610634E-01 -1.3490982E-01 -1.4423416E-01 -1.3318110E-01
      46.400 -1.4324048E-01 -1.3228459E-01 -1.4128701E-01 -1.3048054E-01
      46.600 -1.3927725E-01 -1.2864576E-01 -1.3779507E-01 -1.2727672E-01
      46.800 -1.3453616E-01 -1.2428790E-01 -1.3381305E-01 -1.2361987E-01
      47.000 -1.2953749E-01 -1.1969128E-01 -1.2940222E-01 -1.1956628E-01
      47.200 -1.2467884E-01 -1.1522312E-01 -1.2461495E-01 -1.1516407E-01
      47.400 -1.1999442E-01 -1.1091503E-01 -1.1948272E-01 -1.1044205E-01
      47.600 -1.1515826E-01 -1.0646565E-01 -1.1401258E-01 -1.0540645E-01
      47.800 -1.0972416E-01 -1.0146220E-01 -1.0819359E-01 -1.0004687E-01
      48.000 -1.0343303E-01 -9.5664621E-02 -1.0200900E-01 -9.4347545E-02
      48.200 -9.6378645E-02 -8.9159059E-02 -9.5448821E-02 -8.8298886E-02
      48.400 -8.8924918E-02 -8.2281675E-02 -8.8516235E-02 -8.1903523E-02
      48.600 -8.1443623E-02 -7.5376177E-02 -8.1227006E-02 -7.5175698E-02
      48.800 -7.4061404E-02 -6.8559664E-02 -7.3603716E-02 -6.8135975E-02
      49.000 -6.6591060E-02 -6.1658745E-02 -6.5669341E-02 -6.0805297E-02
      49.200 -5.8688407E-02 -5.4354480E-02 -5.7445204E-02 -5.3203083E-02
      49.400 -5.0115843E-02 -4.6426351E-02 -4.8953074E-02 -4.5349184E-02
      49.600 -4.0925301E-02 -3.7921897E-02 -4.0219765E-02 -3.7268138E-02
      49.800 -3.1435218E-02 -2.9135698E-02 -3.1279548E-02 -2.8991416E-02
      50.000 -2.2023695E-02 -2.0417944E-02 -2.2170957E-02 -2.0554470E-02
      50.200 -1.2888038E-02 -1.1951531E-02 -1.2929705E-02 -1.1990171E-02
      50.400 -3.9350787E-03 -3.6501193E-03 -3.5795686E-03 -3.3203536E-03
      50.600  5.1274012E-03  4.7574014E-03  5.8712572E-03  5.4475799E-03
      50.800  1.4573146E-02  1.3525289E-02  1.5427037E-02  1.4317783E-02
      51.000  2.4469519E-02  2.2716494E-02  2.5095201E-02  2.3297352E-02
      51.200  3.4644058E-02  3.2171334E-02  3.4874230E-02  3.2385077E-02
      51.400  4.4816793E-02  4.1630084E-02  4.4745820E-02  4.1564157E-02
      51.600  5.4790884E-02  5.0909957E-02  5.4673641E-02  5.0801019E-02
      51.800  6.4563594E-02  6.0008353E-02  6.4610262E-02  6.0051729E-02
      52.000  7.4284379E-02  6.9064160E-02  7.4507507E-02  6.9271608E-02
      52.200  8.4103653E-02  7.8217314E-02  8.4325691E-02  7.8423812E-02
      52.400  9.4032740E-02  8.7478528E-02  9.4038352E-02  8.7483749E-02
      52.600  1.0391910E-01  9.6706040E-02  1.0363026E-01  9.6437245E-02
      52.800  1.1355213E-01  1.0570384E-01  1.1309222E-01  1.0527572E-01
      53.000  1.2281365E-01  1.1436174E-01  1.2241450E-01  1.1399007E-01
      53.200  1.3175835E-01  1.2273044E-01  1.3158322E-01  1.2256731E-01
      53.400  1.4056227E-01  1.3097374E-01  1.4057949E-01  1.3098979E-01
      53.600  1.4937854E-01  1.3923431E-01  1.4938085E-01  1.3923646E-01
      53.800  1.5820901E-01  1.4751393E-01  1.5796347E-01  1.4728499E-01
      54.000  1.6688609E-01  1.5565638E-01  1.6630267E-01  1.5511222E-01
      54.200  1.7517898E-01  1.6344621E-01  1.7437253E-01  1.6269376E-01
      54.400  1.8294387E-01  1.7074888E-01  1.8214449E-01  1.7000278E-01
      54.600  1.9020744E-01  1.7758883E-01  1.8958664E-01  1.7700922E-01
      54.800  1.9712261E-01  1.8410847E-01  1.9666496E-01  1.8368103E-01
      55.000  2.0382995E-01  1.9043879E-01  2.0334581E-01  1.8998645E-01
      55.200  2.1032917E-01  1.9657936E-01  2.0959984E-01  1.9589770E-01
      55.400  2.1645677E-01  2.0237712E-01  2.1540519E-01  2.0139395E-01
      55.600  2.2198896E-01  2.0762243E-01  2.2074956E-01  2.0646324E-01
      55.800  2.2679561E-01  2.1219294E-01  2.2562963E-01  2.1110203E-01
      56.000  2.3093293E-01  2.1614056E-01  2.3004841E-01  2.1531270E-01
      56.200  2.3460618E-01  2.1965681E-01  2.3401144E-01  2.1909997E-01
      56.400  2.3802611E-01  2.2293860E-01  2.3752283E-01  2.2246722E-01
      56.600  2.4126086E-01  2.2604950E-01  2.4058322E-01  2.2541459E-01
      56.800  2.4418795E-01  2.2887454E-01  2.4318999E-01  2.2793917E-01
      57.000  2.4658108E-01  2.3120121E-01  2.4533984E-01  2.3003739E-01
      57.200  2.4827003E-01  2.3286928E-01  2.4703207E-01  2.3170812E-01
      57.400  2.4926113E-01  2.3388397E-01  2.4827075E-01  2.3295468E-01
      57.600  2.4973424E-01  2.3441335E-01  2.4906451E-01  2.3378471E-01
      57.800  2.4991913E-01  2.3467265E-01  2.4942372E-01  2.3420747E-01
      58.000  2.4993914E-01  2.3477740E-01  2.4935675E-01  2.3423034E-01
      58.200  2.4973099E-01  2.3466794E-01  2.4886740E-01  2.3385644E-01
      58.400  2.4909493E-01  2.3415625E-01  2.4795536E-01  2.3308502E-01
      58.600  2.4783780E-01  2.3306022E-01  2.4662001E-01  2.3191504E-01
      58.800  2.4590855E-01  2.3133115E-01  2.4486568E-01  2.3035010E-01
      59.000  2.4343375E-01  2.2908746E-01  2.4270573E-01  2.2840234E-01
      59.200  2.4063344E-01  2.2653567E-01  2.4016334E-01  2.2609311E-01
      59.400  2.3767987E-01  2.2383768E-01  2.3726794E-01  2.2344974E-01
      59.600  2.3459894E-01  2.2101769E-01  2.3404943E-01  2.2049999E-01
      59.800  2.3127841E-01  2.1796975E-01  2.3053217E-01  2.1726646E-01
      60.000  2.2757032E-01  2.1455413E-01  2.2673184E-01  2.1376361E-01
      60.200  2.2340942E-01  2.1070886E-01  2.2265599E-01  2.0999825E-01
      60.400  2.1886255E-01  2.0649650E-01  2.1830704E-01  2.0597238E-01
      60.600  2.1407806E-01  2.0205666E-01  2.1368656E-01  2.0168714E-01
      60.800  2.0917666E-01  1.9750307E-01  2.0879797E-01  1.9714551E-01
      61.000  2.0416644E-01  1.9284323E-01  2.0364803E-01  1.9235357E-01
      61.200  1.9894304E-01  1.8797840E-01  1.9824663E-01  1.8732037E-01
      61.400  1.9337379E-01  1.8278296E-01  1.9260672E-01  1.8205790E-01
      61.600  1.8740313E-01  1.7720401E-01  1.8674483E-01  1.7658153E-01
      61.800  1.8110328E-01  1.7130945E-01  1.8068143E-01  1.7091041E-01
      62.000  1.7463562E-01  1.6525163E-01  1.7444110E-01  1.6506756E-01
      62.200  1.6815163E-01  1.5917380E-01  1.6805049E-01  1.5907806E-01
      62.400  1.6170494E-01  1.5312670E-01  1.6153529E-01  1.5296606E-01
      62.600  1.5523450E-01  1.4705258E-01  1.5491681E-01  1.4675163E-01
      62.800  1.4862659E-01  1.4084362E-01  1.4820973E-01  1.4044859E-01
      63.000  1.4180806E-01  1.3443037E-01  1.4142281E-01  1.3406516E-01
      63.200  1.3480308E-01  1.2783553E-01  1.3456139E-01  1.2760633E-01
      63.400  1.2771621E-01  1.2115813E-01  1.2763108E-01  1.2107737E-01
      63.600  1.2065822E-01  1.1450322E-01  1.2063984E-01  1.1448577E-01
      63.800  1.1367184E-01  1.0791140E-01  1.1359786E-01  1.0784117E-01
      64.000  1.0671079E-01  1.0133882E-01  1.0651520E-01  1.0115308E-01
      64.200  9.9683588E-02  9.4698616E-02  9.9398194E-02  9.4427494E-02
      64.400  9.2526683E-02  8.7930349E-02  9.2247487E-02  8.7665021E-02
      64.600  8.5250298E-02  8.1043630E-02  8.5057976E-02  8.0860798E-02
      64.800  7.7925051E-02  7.4105523E-02  7.7821926E-02  7.4007453E-02
      65.000  7.0621577E-02  6.7183204E-02  7.0533017E-02  6.7098956E-02
      65.200  6.3352287E-02  6.0288532E-02  6.3190511E-02  6.0134580E-02
      65.400  5.6061053E-02  5.3368138E-02  5.5801603E-02  5.3121150E-02
      65.600  4.8669630E-02  4.6347518E-02  4.8380828E-02  4.6072495E-02
      65.800  4.1147028E-02  3.9197087E-02  4.0947618E-02  3.9007127E-02
      66.000  3.3547908E-02  3.1968840E-02  3.3521842E-02  3.1944000E-02
      66.200  2.5989611E-02  2.4774593E-02  2.6119890E-02  2.4898781E-02
      66.400  1.8580152E-02  1.7717422E-02  1.8751598E-02  1.7880907E-02
      66.600  1.1347752E-02  1.0824424E-02  1.1419978E-02  1.0893319E-02
      66.800  4.2219721E-03  4.0285909E-03  4.1236936E-03  3.9348139E-03
      67.000 -2.9185723E-03 -2.7858023E-03 -3.1387518E-03 -2.9959655E-03
      67.200 -1.0162085E-02 -9.7029504E-03 -1.0363873E-02 -9.8956209E-03
      67.400 -1.7500169E-02 -1.6714890E-02 -1.7540353E-02 -1.6753270E-02
      67.600 -2.4826299E-02 -2.3719888E-02 -2.4649036E-02 -2.3550526E-02
      67.800 -3.1997461E-02 -3.0581212E-02 -3.1667221E-02 -3.0265588E-02
      68.000 -3.8916929E-02 -3.7206201E-02 -3.8574912E-02 -3.6879219E-02
      68.200 -4.5584982E-02 -4.3594854E-02 -4.5360609E-02 -4.3380276E-02
      68.400 -5.2087839E-02 -4.9829385E-02 -5.2024063E-02 -4.9768375E-02
      68.600 -5.8535680E-02 -5.6015043E-02 -5.8573672E-02 -5.6051399E-02
      68.800 -6.4993658E-02 -6.2214104E-02 -6.5020332E-02 -6.2239637E-02
      69.000 -7.1448285E-02 -6.8413623E-02 -7.1369552E-02 -6.8338234E-02
      69.200 -7.7825873E-02 -7.4542977E-02 -7.7616334E-02 -7.4342277E-02
      69.400 -8.4042949E-02 -8.0522081E-02 -8.3744419E-02 -8.0236057E-02
      69.600 -9.0051699E-02 -8.6304933E-02 -8.9730257E-02 -8.5996865E-02
      69.800 -9.5852560E-02 -9.1891732E-02 -9.5549762E-02 -9.1601447E-02
      70.000 -1.0147176E-01 -9.7307415E-02 -1.0118377E-01 -9.7031241E-02
      70.200 -1.0692710E-01 -1.0256886E-01 -1.0662056E-01 -1.0227482E-01
      70.400 -1.1220814E-01 -1.0766589E-01 -1.1185420E-01 -1.0732628E-01
      70.600 -1.1728283E-01 -1.1256755E-01 -1.1688056E-01 -1.1218145E-01
      70.800 -1.2212084E-01 -1.1724452E-01 -1.2169373E-01 -1.1683447E-01
      71.000 -1.2671190E-01 -1.2168670E-01 -1.2628449E-01 -1.2127624E-01
      71.200 -1.3106536E-01 -1.2590286E-01 -1.3064169E-01 -1.2549587E-01
      71.400 -1.3519273E-01 -1.2990382E-01 -1.3475508E-01 -1.2948329E-01
      71.600 -1.3909014E-01 -1.3368566E-01 -1.3861825E-01 -1.3323210E-01
      71.800 -1.4273579E-01 -1.3722720E-01 -1.4222993E-01 -1.3674086E-01
      72.000 -1.4610535E-01 -1.4050482E-01 -1.4559374E-01 -1.4001282E-01
      72.200 -1.4919318E-01 -1.4351287E-01 -1.4871714E-01 -1.4305495E-01
      72.400 -1.5202217E-01 -1.4627311E-01 -1.5161004E-01 -1.4587657E-01
      72.600 -1.5463457E-01 -1.4882601E-01 -1.5428368E-01 -1.4848829E-01
      72.800 -1.5706997E-01 -1.5120948E-01 -1.5674891E-01 -1.5090040E-01
      73.000 -1.5934607E-01 -1.5344041E-01 -1.5901398E-01 -1.5312064E-01
      73.200 -1.6145415E-01 -1.5551029E-01 -1.6108167E-01 -1.5515152E-01
      73.400 -1.6336938E-01 -1.5739504E-01 -1.6294731E-01 -1.5698840E-01
      73.600 -1.6506569E-01 -1.5906938E-01 -1.6459935E-01 -1.5861998E-01
      73.800 -1.6652370E-01 -1.6051446E-01 -1.6602302E-01 -1.6003185E-01
      74.000 -1.6772974E-01 -1.6171693E-01 -1.6720634E-01 -1.6121229E-01
      74.200 -1.6867264E-01 -1.6266581E-01 -1.6814581E-01 -1.6215773E-01
      74.400 -1.6934746E-01 -1.6335615E-01 -1.6884884E-01 -1.6287516E-01
      74.600 -1.6976618E-01 -1.6379932E-01 -1.6933125E-01 -1.6337967E-01
      74.800 -1.6996529E-01 -1.6403034E-01 -1.6961067E-01 -1.6368811E-01
      75.000 -1.6999744E-01 -1.6409991E-01 -1.6969915E-01 -1.6381197E-01
      75.200 -1.6990507E-01 -1.6404888E-01 -1.6959883E-01 -1.6375319E-01
      75.400 -1.6969018E-01 -1.6387908E-01 -1.6930334E-01 -1.6350549E-01
      75.600 -1.6930360E-01 -1.6354296E-01 -1.6880428E-01 -1.6306063E-01
      75.800 -1.6866875E-01 -1.6296640E-01 -1.6809967E-01 -1.6241657E-01
      76.000 -1.6773171E-01 -1.6209715E-01 -1.6719963E-01 -1.6158295E-01
      76.200 -1.6650785E-01 -1.6094986E-01 -1.6612606E-01 -1.6058082E-01
      76.400 -1.6509069E-01 -1.5961480E-01 -1.6490616E-01 -1.5943639E-01
      76.600 -1.6361025E-01 -1.5821756E-01 -1.6356285E-01 -1.5817172E-01
      76.800 -1.6216064E-01 -1.5684916E-01 -1.6210668E-01 -1.5679697E-01
      77.000 -1.6074142E-01 -1.5550920E-01 -1.6053332E-01 -1.5530788E-01
      77.200 -1.5925235E-01 -1.5410072E-01 -1.5882753E-01 -1.5368963E-01
      77.400 -1.5754971E-01 -1.5248456E-01 -1.5697180E-01 -1.5192523E-01
      77.600 -1.5553197E-01 -1.5056236E-01 -1.5495552E-01 -1.5000432E-01
      77.800 -1.5320186E-01 -1.4833655E-01 -1.5278049E-01 -1.4792857E-01
      78.000 -1.5066523E-01 -1.4590951E-01 -1.5046127E-01 -1.4571199E-01
      78.200 -1.4806747E-01 -1.4342194E-01 -1.4802043E-01 -1.4337637E-01
      78.400 -1.4550879E-01 -1.4097092E-01 -1.4548182E-01 -1.4094479E-01
      78.600 -1.4299289E-01 -1.3856008E-01 -1.4286450E-01 -1.3843566E-01
      78.800 -1.4044050E-01 -1.3611262E-01 -1.4017961E-01 -1.3585977E-01
      79.000 -1.3775514E-01 -1.3353503E-01 -1.3743065E-01 -1.3322048E-01
      79.200 -1.3489384E-01 -1.3078558E-01 -1.3461594E-01 -1.3051614E-01
      79.400 -1.3189462E-01 -1.2790107E-01 -1.3173214E-01 -1.2774351E-01
      79.600 -1.2884412E-01 -1.2496548E-01 -1.2877706E-01 -1.2490044E-01
      79.800 -1.2581192E-01 -1.2204631E-01 -1.2575117E-01 -1.2198737E-01
      80.000 -1.2280068E-01 -1.1914616E-01 -1.2265746E-01 -1.1900720E-01
      80.200 -1.1974772E-01 -1.1620423E-01 -1.1949974E-01 -1.1596359E-01
      80.400 -1.1657547E-01 -1.1314526E-01 -1.1628013E-01 -1.1285861E-01
      80.600 -1.1325112E-01 -1.0993733E-01 -1.1299661E-01 -1.0969026E-01
      80.800 -1.0980978E-01 -1.0661449E-01 -1.0964193E-01 -1.0645152E-01
      81.000 -1.0632266E-01 -1.0324585E-01 -1.0620489E-01 -1.0313149E-01
      81.200 -1.0283458E-01 -9.9874953E-02 -1.0267424E-01 -9.9719223E-02
      81.400 -9.9319756E-02 -9.6476766E-02 -9.9044106E-02 -9.6209005E-02
      81.600 -9.5693127E-02 -9.2968661E-02 -9.5318477E-02 -9.2604678E-02
      81.800 -9.1874244E-02 -8.9272442E-02 -9.1512592E-02 -8.8921032E-02
      82.000 -8.7858652E-02 -8.5383715E-02 -8.7649390E-02 -8.5180348E-02
      82.200 -8.3742503E-02 -8.1395876E-02 -8.3752302E-02 -8.1405400E-02
      82.400 -7.9674982E-02 -7.7453932E-02 -7.9836760E-02 -7.7611200E-02
      82.600 -7.5765016E-02 -7.3663835E-02 -7.5904776E-02 -7.3799720E-02
      82.800 -7.2003922E-02 -7.0017237E-02 -7.1945294E-02 -6.9960226E-02
      83.000 -6.8259830E-02 -6.6385972E-02 -6.7940385E-02 -6.6075297E-02
      83.200 -6.4354396E-02 -6.2596600E-02 -6.3875025E-02 -6.2130322E-02
      83.400 -6.0175460E-02 -5.8539965E-02 -5.9745250E-02 -5.8121447E-02
      83.600 -5.5753220E-02 -5.4245363E-02 -5.5561237E-02 -5.4058573E-02
      83.800 -5.1247602E-02 -4.9868347E-02 -5.1343144E-02 -4.9961317E-02
      84.000 -4.6852616E-02 -4.5597720E-02 -4.7112174E-02 -4.5850327E-02
      84.200 -4.2677641E-02 -4.1540020E-02 -4.2881170E-02 -4.1738123E-02
      84.400 -3.8681456E-02 -3.7655225E-02 -3.8649279E-02 -3.7623901E-02
      84.600 -3.4701329E-02 -3.3784992E-02 -3.4403884E-02 -3.3495402E-02
      84.800 -3.0556881E-02 -2.9753713E-02 -3.0128352E-02 -2.9336447E-02
      85.000 -2.6161928E-02 -2.5477421E-02 -2.5812482E-02 -2.5137119E-02
      85.200 -2.1573490E-02 -2.1011588E-02 -2.1460167E-02 -2.0901217E-02
      85.400 -1.6951318E-02 -1.6511779E-02 -1.7091191E-02 -1.6648024E-02
      85.600 -1.2459330E-02 -1.2137693E-02 -1.2736279E-02 -1.2407492E-02
      85.800 -8.1752645E-03 -7.9651421E-03 -8.4274735E-03 -8.2108688E-03
      86.000 -4.0648181E-03 -3.9607941E-03 -4.1884296E-03 -4.0812423E-03
      86.200 -2.8305841E-05 -2.7584546E-05 -2.7848452E-05 -2.7138813E-05
      86.400  4.0198319E-03  3.9178292E-03  4.0610988E-03  3.9580490E-03
      86.600  8.0973587E-03  7.8927439E-03  8.0961891E-03  7.8916039E-03
      86.800  1.2159892E-02  1.1853882E-02  1.2097949E-02  1.1793498E-02
      87.000  1.6153782E-02  1.5748911E-02  1.6080972E-02  1.5677926E-02
      87.200  2.0069833E-02  1.9568824E-02  2.0047612E-02  1.9547158E-02
      87.400  2.3952831E-02  2.3357250E-02  2.3985274E-02  2.3388886E-02
      87.600  2.7858581E-02  2.7168581E-02  2.7868393E-02  2.7178150E-02
      87.800  3.1791264E-02  3.1006883E-02  3.1663958E-02  3.0882718E-02
      88.000  3.5671809E-02  3.4795016E-02  3.5339191E-02  3.4470573E-02
      88.200  3.9367136E-02  3.8403125E-02  3.8869398E-02  3.7917575E-02
      88.400  4.2765413E-02  4.1722037E-02  4.2243217E-02  4.1212581E-02
      88.600  4.5848042E-02  4.4733510E-02  4.5464082E-02  4.4358884E-02
      88.800  4.8707100E-02  4.7527293E-02  4.8546813E-02  4.7370888E-02
      89.000  5.1493293E-02  5.0250380E-02  5.1510901E-02  5.0267563E-02
      89.200  5.4325689E-02  5.3018946E-02  5.4372469E-02  5.3064600E-02
      89.400  5.7221299E-02  5.5849591E-02  5.7137978E-02  5.5768268E-02
      89.600  6.0089509E-02  5.8653870E-02  5.9801987E-02  5.8373217E-02
      89.800  6.2792731E-02  6.1297450E-02  6.2349184E-02  6.0864466E-02
      90.000  6.5231726E-02  6.3683398E-02  6.4759827E-02  6.3222700E-02
      90.200  6.7398864E-02  6.5804192E-02  6.7015693E-02  6.5430087E-02
      90.400  6.9367271E-02  6.7731162E-02  6.9104506E-02  6.7474595E-02
      90.600  7.1227842E-02  6.9553014E-02  7.1021227E-02  6.9351257E-02
      90.800  7.3020830E-02  7.1309026E-02  7.2766657E-02  7.1060811E-02
      91.000  7.4709550E-02  7.2963349E-02  7.4344960E-02  7.2607280E-02
      91.200  7.6211754E-02  7.4435621E-02  7.5761554E-02  7.3995914E-02
      91.400  7.7463705E-02  7.5663547E-02  7.7022578E-02  7.5232671E-02
      91.600  7.8469967E-02  7.6651526E-02  7.8135365E-02  7.6324678E-02
      91.800  7.9304360E-02  7.7471623E-02  7.9109002E-02  7.7280780E-02
      92.000  8.0062835E-02  7.8217542E-02  7.9953679E-02  7.8110901E-02
      92.200  8.0802556E-02  7.8945115E-02  8.0678613E-02  7.8824021E-02
      92.400  8.1509377E-02  7.9640516E-02  8.1289405E-02  7.9425588E-02
      92.600  8.2113985E-02  8.0236009E-02  8.1786261E-02  7.9915781E-02
      92.800  8.2542529E-02  8.0659409E-02  8.2164517E-02  8.0290021E-02
      93.000  8.2764813E-02  8.0881176E-02  8.2417664E-02  8.0541927E-02
      93.200  8.2808080E-02  8.0927899E-02  8.2541954E-02  8.0667816E-02
      93.400  8.2731211E-02  8.0857099E-02  8.2540605E-02  8.0670812E-02
      93.600  8.2582756E-02  8.0716211E-02  8.2425703E-02  8.0562708E-02
      93.800  8.2375436E-02  8.0517659E-02  8.2216759E-02  8.0362561E-02
      93.999  8.2094242E-02  8.0246765E-02  8.1936307E-02  8.0092385E-02
      94.199  8.1727738E-02  7.9892341E-02  8.1604128E-02  7.9771507E-02
      94.399  8.1294048E-02  7.9472096E-02  8.1232306E-02  7.9411737E-02
      94.599  8.0837829E-02  7.9029679E-02  8.0822911E-02  7.9015095E-02
      94.799  8.0398412E-02  7.8603546E-02  8.0369113E-02  7.8574900E-02
      94.999  7.9973578E-02  7.8191530E-02  7.9859252E-02  7.8079751E-02
      95.199  7.9509242E-02  7.7740753E-02  7.9282323E-02  7.7518881E-02
      95.399  7.8927729E-02  7.7175264E-02  7.8633063E-02  7.6887140E-02
      95.599  7.8178564E-02  7.6445695E-02  7.7915026E-02  7.6187998E-02
      95.799  7.7277500E-02  7.5567435E-02  7.7140949E-02  7.5433906E-02
      95.999  7.6305551E-02  7.4619696E-02  7.6330631E-02  7.4644223E-02
      96.199  7.5366610E-02  7.3704076E-02  7.5507232E-02  7.3841597E-02
      96.399  7.4531218E-02  7.2889570E-02  7.4693341E-02  7.3048122E-02
      96.599  7.3803725E-02  7.2180446E-02  7.3907720E-02  7.2282153E-02
      96.799  7.3134101E-02  7.1527786E-02  7.3163374E-02  7.1556415E-02
      96.999  7.2464188E-02  7.0874716E-02  7.2466805E-02  7.0877276E-02
      97.199  7.1774507E-02  7.0202187E-02  7.1818241E-02  7.0244963E-02
      97.399  7.1097982E-02  6.9542406E-02  7.1212457E-02  6.9654376E-02
      97.599  7.0491363E-02  6.8950884E-02  7.0640065E-02  6.9096337E-02
      97.799  6.9986157E-02  6.8458450E-02  7.0089378E-02  6.8559418E-02
      97.999  6.9555968E-02  6.8039293E-02  6.9548748E-02  6.8032230E-02
      98.199  6.9125817E-02  6.7620074E-02  6.9009162E-02  6.7505961E-02
      98.399  6.8618770E-02  6.7125537E-02  6.8466316E-02  6.6976401E-02
      98.599  6.8008037E-02  6.6529471E-02  6.7921426E-02  6.6444744E-02
      98.799  6.7337691E-02  6.5874988E-02  6.7380255E-02  6.5916627E-02
      98.999  6.6696287E-02  6.5248720E-02  6.6850468E-02  6.5399554E-02
      99.199  6.6160269E-02  6.4725457E-02  6.6338334E-02  6.4899660E-02
      99.399  6.5744925E-02  6.4320164E-02  6.5845987E-02  6.4419037E-02
      99.599  6.5395774E-02  6.3979548E-02  6.5370451E-02  6.3954774E-02
      99.799  6.5025420E-02  6.3618108E-02  6.4904655E-02  6.3499957E-02
      99.999  6.4570207E-02  6.3173568E-02  6.4439866E-02  6.3046046E-02
     100.199  6.4028150E-02  6.2643981E-02  6.3968203E-02  6.2585330E-02
     100.399  6.3453489E-02  6.2082416E-02  6.3484069E-02  6.2112336E-02
     100.599  6.2913264E-02  6.1554467E-02  6.2983807E-02  6.1623487E-02
     100.799  6.2437251E-02  6.1089270E-02  6.2464192E-02  6.1115629E-02
     100.999  6.1995527E-02  6.0657550E-02  6.1920709E-02  6.0584347E-02
     101.199  6.1517805E-02  6.0190541E-02  6.1346773E-02  6.0023200E-02
     101.399  6.0939351E-02  5.9624905E-02  6.0734340E-02  5.9424317E-02
     101.599  6.0240835E-02  5.8941731E-02  6.0075621E-02  5.8780080E-02
     101.799  5.9455139E-02  5.8173191E-02  5.9364838E-02  5.8084837E-02
     101.999  5.8638429E-02  5.7374244E-02  5.8599123E-02  5.7335785E-02
     102.199  5.7827537E-02  5.6580928E-02  5.7778030E-02  5.6532488E-02
     102.399  5.7014129E-02  5.5785092E-02  5.6902011E-02  5.5675391E-02
     102.599  5.6152579E-02  5.4942099E-02  5.5970641E-02  5.4764083E-02
     102.799  5.5193748E-02  5.4003870E-02  5.4981356E-02  5.3796056E-02
     102.999  5.4118932E-02  5.2952106E-02  5.3929242E-02  5.2766507E-02
     103.199  5.2949176E-02  5.1807407E-02  5.2807648E-02  5.1668930E-02
     103.399  5.1724254E-02  5.0608689E-02  5.1609376E-02  5.0496289E-02
     103.599  5.0467695E-02  4.9378981E-02  5.0327896E-02  4.9242198E-02
     103.799  4.9164440E-02  4.8103552E-02  4.8958510E-02  4.7902066E-02
     103.999  4.7768024E-02  4.6736944E-02  4.7499355E-02  4.6474075E-02
     104.199  4.6232586E-02  4.5234294E-02  4.5952053E-02  4.4959818E-02
     104.399  4.4547197E-02  4.3584915E-02  4.4321881E-02  4.3364466E-02
     104.599  4.2747769E-02  4.1823953E-02  4.2616882E-02  4.1695895E-02
     104.799  4.0897810E-02  4.0013550E-02  4.0846032E-02  3.9962892E-02
     104.999  3.9050322E-02  3.8205568E-02  3.9016658E-02  3.8172633E-02
     105.199  3.7216301E-02  3.6410772E-02  3.7132291E-02  3.6328581E-02
     105.399  3.5360182E-02  3.4594370E-02  3.5191991E-02  3.4429821E-02
     105.599  3.3424308E-02  3.2699960E-02  3.3191650E-02  3.2472343E-02
     105.799  3.1365872E-02  3.0685673E-02  3.1127153E-02  3.0452130E-02
     105.999  2.9182370E-02  2.8549069E-02  2.8997770E-02  2.8368475E-02
     106.199  2.6911152E-02  2.6326699E-02  2.6808415E-02  2.6226194E-02
     106.399  2.4605716E-02  2.4070909E-02  2.4569334E-02  2.4035318E-02
     106.599  2.2306111E-02  2.1820884E-02  2.2293576E-02  2.1808622E-02
     106.799  2.0022052E-02  1.9586133E-02  1.9993486E-02  1.9558188E-02
     106.999  1.7736877E-02  1.7350362E-02  1.7677964E-02  1.7292732E-02
     107.199  1.5426617E-02  1.5090129E-02  1.5352162E-02  1.5017298E-02
     107.399  1.3079582E-02  1.2794010E-02  1.3019269E-02  1.2735013E-02
     107.599  1.0704907E-02  1.0470945E-02  1.0683467E-02  1.0449974E-02
     107.799  8.3271598E-03  8.1449743E-03  8.3517514E-03  8.1690279E-03
     107.999  5.9737166E-03  5.8428792E-03  6.0335560E-03  5.9014080E-03
     108.199  3.6637548E-03  3.5834208E-03  3.7381177E-03  3.6561532E-03
     108.399  1.4036936E-03  1.3728797E-03  1.4709780E-03  1.4386871E-03
     108.599 -8.1153328E-04 -7.9369737E-04 -7.6795840E-04 -7.5108018E-04
     108.799 -2.9952999E-03 -2.9293886E-03 -2.9836553E-03 -2.9180003E-03
     108.999 -5.1657095E-03 -5.0518959E-03 -5.1822551E-03 -5.0680770E-03
     109.199 -7.3404089E-03 -7.1784729E-03 -7.3662879E-03 -7.2037810E-03
     109.399 -9.5283277E-03 -9.3178464E-03 -9.5313400E-03 -9.3207921E-03
     109.599 -1.1720205E-02 -1.1460955E-02 -1.1665772E-02 -1.1407726E-02
     109.799 -1.3884693E-02 -1.3577138E-02 -1.3754074E-02 -1.3449413E-02
     109.999 -1.5976060E-02 -1.5621678E-02 -1.5781973E-02 -1.5431897E-02
     110.199 -1.7953797E-02 -1.7554968E-02 -1.7741153E-02 -1.7347047E-02
     110.399 -1.9804587E-02 -1.9363992E-02 -1.9631182E-02 -1.9194445E-02
     110.599 -2.1552695E-02 -2.1072484E-02 -2.1458074E-02 -2.0979972E-02
     110.799 -2.3249508E-02 -2.2730691E-02 -2.3230576E-02 -2.2712182E-02
     110.999 -2.4945383E-02 -2.4387847E-02 -2.4955983E-02 -2.4398209E-02
     111.199 -2.6660118E-02 -2.6063302E-02 -2.6637675E-02 -2.6041360E-02
     111.399 -2.8370872E-02 -2.7734720E-02 -2.8274909E-02 -2.7640909E-02
     111.599 -3.0026901E-02 -2.9352498E-02 -2.9864550E-02 -2.9193793E-02
     111.799 -3.1582541E-02 -3.0871998E-02 -3.1403122E-02 -3.0696615E-02
     111.999 -3.3027021E-02 -3.2282701E-02 -3.2887932E-02 -3.2146747E-02
     112.199 -3.4390674E-02 -3.3614266E-02 -3.4316913E-02 -3.3542171E-02
     112.399 -3.5722257E-02 -3.4914354E-02 -3.5687548E-02 -3.4880430E-02
     112.599 -3.7052448E-02 -3.6212948E-02 -3.6996250E-02 -3.6158023E-02
     112.799 -3.8368702E-02 -3.7497786E-02 -3.8238783E-02 -3.7370816E-02
     112.999 -3.9620223E-02 -3.8719226E-02 -3.9411923E-02 -3.8515663E-02
     113.199 -4.0751101E-02 -3.9822639E-02 -4.0515279E-02 -3.9592189E-02
     113.399 -4.1739839E-02 -4.0787029E-02 -4.1552164E-02 -4.0603638E-02
     113.599 -4.2617804E-02 -4.1643065E-02 -4.2528797E-02 -4.1556094E-02
     113.799 -4.3452439E-02 -4.2456657E-02 -4.3451917E-02 -4.2456146E-02
     113.999 -4.4305130E-02 -4.3287784E-02 -4.4326039E-02 -4.3308213E-02
     114.199 -4.5191240E-02 -4.4151454E-02 -4.5151557E-02 -4.4112684E-02
     114.399 -4.6069435E-02 -4.5007278E-02 -4.5924716E-02 -4.4865895E-02
     114.599 -4.6867877E-02 -4.5785077E-02 -4.6639315E-02 -4.5561795E-02
     114.799 -4.7530136E-02 -4.6429739E-02 -4.7289277E-02 -4.6194455E-02
     114.999 -4.8050221E-02 -4.6935429E-02 -4.7870869E-02 -4.6760238E-02
     115.199 -4.8473500E-02 -4.7346480E-02 -4.8383589E-02 -4.7258659E-02
     115.399 -4.8863746E-02 -4.7725194E-02 -4.8829627E-02 -4.7691869E-02
     115.599 -4.9259430E-02 -4.8109147E-02 -4.9212398E-02 -4.8063213E-02
     115.799 -4.9649373E-02 -4.8487421E-02 -4.9535087E-02 -4.8375810E-02
     115.999 -4.9983808E-02 -4.8811416E-02 -4.9799834E-02 -4.8631757E-02
     116.199 -5.0212056E-02 -4.9031654E-02 -5.0007770E-02 -4.8832169E-02
     116.399 -5.0319700E-02 -4.9134071E-02 -5.0159571E-02 -4.8977716E-02
     116.599 -5.0339014E-02 -4.9150202E-02 -5.0255980E-02 -4.9069128E-02
     116.799 -5.0325857E-02 -4.9134595E-02 -5.0297923E-02 -4.9107322E-02
     116.999 -5.0319960E-02 -4.9126045E-02 -5.0286185E-02 -4.9093072E-02
     117.199 -5.0317075E-02 -4.9120405E-02 -5.0220918E-02 -4.9026535E-02
     117.399 -5.0272527E-02 -4.9074064E-02 -5.0101388E-02 -4.8907004E-02
     117.599 -5.0133139E-02 -4.8935122E-02 -4.9926216E-02 -4.8733143E-02
     117.799 -4.9874425E-02 -4.8679696E-02 -4.9694105E-02 -4.8503696E-02
     117.999 -4.9516725E-02 -4.8327661E-02 -4.9404786E-02 -4.8218411E-02
     118.199 -4.9109555E-02 -4.7927360E-02 -4.9059769E-02 -4.7878772E-02
     118.399 -4.8696449E-02 -4.7521282E-02 -4.8662500E-02 -4.7488152E-02
     118.599 -4.8286178E-02 -4.7117991E-02 -4.8217710E-02 -4.7051179E-02
     118.799 -4.7850765E-02 -4.6690187E-02 -4.7729987E-02 -4.6572338E-02
     118.999 -4.7350464E-02 -4.6199097E-02 -4.7201993E-02 -4.6054237E-02
     119.199 -4.6765699E-02 -4.5625636E-02 -4.6632960E-02 -4.5496133E-02
     119.399 -4.6111170E-02 -4.4984161E-02 -4.6018288E-02 -4.4893549E-02
     119.599 -4.5421115E-02 -4.4308085E-02 -4.5350708E-02 -4.4239403E-02
     119.799 -4.4717369E-02 -4.3618715E-02 -4.4623006E-02 -4.3526670E-02
     119.999 -4.3985922E-02 -4.2902390E-02 -4.3831463E-02 -4.2751736E-02
     120.199 -4.3182425E-02 -4.2115864E-02 -4.2978584E-02 -4.1917057E-02
     120.399 -4.2265673E-02 -4.1218967E-02 -4.2073777E-02 -4.1031823E-02
     120.599 -4.1235653E-02 -4.0211710E-02 -4.1131180E-02 -4.0109831E-02
     120.799 -4.0146752E-02 -3.9147151E-02 -4.0165268E-02 -3.9165207E-02
     120.999 -3.9082105E-02 -3.8106365E-02 -3.9185827E-02 -3.8207498E-02
     121.199 -3.8102697E-02 -3.7148806E-02 -3.8194612E-02 -3.7238419E-02
     121.399 -3.7204542E-02 -3.6270571E-02 -3.7185287E-02 -3.6251799E-02
     121.599 -3.6314756E-02 -3.5400597E-02 -3.6146800E-02 -3.5236869E-02
     121.799 -3.5332869E-02 -3.4440950E-02 -3.5068841E-02 -3.4183587E-02
     121.999 -3.4192859E-02 -3.3327300E-02 -3.3946729E-02 -3.3087401E-02
     122.199 -3.2906156E-02 -3.2070823E-02 -3.2783616E-02 -3.1951394E-02
     122.399 -3.1556520E-02 -3.0753181E-02 -3.1588950E-02 -3.0784785E-02
     122.599 -3.0248964E-02 -2.9476721E-02 -3.0374282E-02 -2.9598839E-02
     122.799 -2.9045182E-02 -2.8301549E-02 -2.9148635E-02 -2.8402353E-02
     122.999 -2.7927260E-02 -2.7210194E-02 -2.7915707E-02 -2.7198938E-02
     123.199 -2.6813269E-02 -2.6122817E-02 -2.6674248E-02 -2.5987376E-02
     123.399 -2.5613795E-02 -2.4952316E-02 -2.5420803E-02 -2.4764308E-02
     123.599 -2.4291899E-02 -2.3662728E-02 -2.4153147E-02 -2.3527571E-02
     123.799 -2.2886753E-02 -2.2292240E-02 -2.2872169E-02 -2.2278035E-02
     123.999 -2.1486128E-02 -2.0926356E-02 -2.1581409E-02 -2.1019154E-02
     124.199 -2.0166945E-02 -1.9639988E-02 -2.0284841E-02 -1.9754803E-02
     124.399 -1.8944106E-02 -1.8447631E-02 -1.8984602E-02 -1.8487066E-02
     124.599 -1.7761923E-02 -1.7295042E-02 -1.7680541E-02 -1.7215800E-02
     124.799 -1.6533295E-02 -1.6097408E-02 -1.6371941E-02 -1.5940308E-02
     124.999 -1.5200245E-02 -1.4798298E-02 -1.5060540E-02 -1.4662287E-02
     125.199 -1.3775357E-02 -1.3409989E-02 -1.3752660E-02 -1.3387894E-02
     125.399 -1.2337095E-02 -1.2008883E-02 -1.2458869E-02 -1.2127418E-02
     125.599 -1.0982530E-02 -1.0689466E-02 -1.1190866E-02 -1.0892242E-02
     125.799 -9.7685122E-03 -9.5070472E-03 -9.9570380E-03 -9.6905269E-03
     125.999 -8.6791287E-03 -8.4461101E-03 -8.7593808E-03 -8.5242076E-03
     126.199 -7.6389565E-03 -7.4332337E-03 -7.5936890E-03 -7.3891852E-03
     126.399 -6.5622717E-03 -6.3849991E-03 -6.4535337E-03 -6.2791986E-03
     126.599 -5.4063858E-03 -5.2598857E-03 -5.3362081E-03 -5.1916096E-03
     126.799 -4.1968470E-03 -4.0827689E-03 -4.2475032E-03 -4.1320482E-03
     126.999 -3.0119911E-03 -2.9298642E-03 -3.2026322E-03 -3.1153071E-03
     127.199 -1.9395203E-03 -1.8864705E-03 -2.2221109E-03 -2.1613318E-03
     127.399 -1.0329814E-03 -1.0046385E-03 -1.3242115E-03 -1.2878780E-03
     127.599 -2.9176973E-04 -2.8373897E-04 -5.1715260E-04 -5.0291833E-04
     127.799  3.2904506E-04  3.1995971E-04  2.0519797E-04  1.9953219E-04
     127.999  8.9113210E-04  8.6644882E-04  8.6194600E-04  8.3807114E-04
     128.199  1.4465222E-03  1.4063280E-03  1.4784335E-03  1.4373525E-03
     128.399  2.0247604E-03  1.9683193E-03  2.0767518E-03  2.0188615E-03
     128.599  2.6333345E-03  2.5596945E-03  2.6675000E-03  2.5929046E-03
     128.799  3.2625669E-03  3.1710381E-03  3.2460385E-03  3.1549735E-03
     128.999  3.8877946E-03  3.7783749E-03  3.7946987E-03  3.6878991E-03
     129.199  4.4696080E-03  4.3434080E-03  4.2897276E-03  4.1686065E-03
     129.399  4.9592320E-03  4.8187548E-03  4.7099395E-03  4.5765238E-03
     129.599  5.3139814E-03  5.1629677E-03  5.0435018E-03  4.9001745E-03
     129.799  5.5181922E-03  5.3608657E-03  5.2902346E-03  5.1394073E-03
     129.999  5.5964609E-03  5.4363832E-03  5.4589816E-03  5.3028364E-03
     130.199  5.6064069E-03  5.4455213E-03  5.5616521E-03  5.4020508E-03
     130.399  5.6098450E-03  5.4483339E-03  5.6069433E-03  5.4455158E-03
     130.599  5.6367347E-03  5.4739172E-03  5.5966168E-03  5.4349581E-03
     130.799  5.6643697E-03  5.5002161E-03  5.5258805E-03  5.3657403E-03
     130.999  5.6275469E-03  5.4639231E-03  5.3874051E-03  5.2307635E-03
     131.199  5.4567467E-03  5.2975652E-03  5.1768145E-03  5.0257990E-03
     131.399  5.1224918E-03  4.9725665E-03  4.8968555E-03  4.7535342E-03
     131.599  4.6581269E-03  4.5213407E-03  4.5582172E-03  4.4243648E-03
     131.799  4.1453008E-03  4.0231693E-03  4.1766237E-03  4.0535694E-03
     131.999  3.6696196E-03  3.5611430E-03  3.7677106E-03  3.6563344E-03
     132.199  3.2732130E-03  3.1761318E-03  3.3422039E-03  3.2430765E-03
     132.399  2.9335290E-03  2.8462318E-03  2.9036568E-03  2.8172485E-03
     132.599  2.5814910E-03  2.5044127E-03  2.4496982E-03  2.3765550E-03
     132.799  2.1472414E-03  2.0829139E-03  1.9758411E-03  1.9166485E-03
     132.999  1.6045586E-03  1.5563275E-03  1.4797844E-03  1.4353039E-03
     133.199  9.8634747E-04  9.5659924E-04  9.6392862E-04  9.3485654E-04
     133.399  3.6269188E-04  3.5171622E-04  4.3505276E-04  4.2188734E-04
     133.599 -2.0314940E-04 -1.9698100E-04 -9.8336315E-05 -9.5350446E-05
     133.799 -6.9207633E-04 -6.7099115E-04 -6.2921618E-04 -6.1004614E-04
     133.999 -1.1364459E-03 -1.1017051E-03 -1.1537641E-03 -1.1184939E-03
     134.199 -1.5942232E-03 -1.5453229E-03 -1.6706166E-03 -1.6193730E-03
     134.399 -2.1078971E-03 -2.0430209E-03 -2.1781015E-03 -2.1110646E-03
     134.599 -2.6747910E-03 -2.5921871E-03 -2.6711986E-03 -2.5887056E-03
     134.799 -3.2466641E-03 -3.1460577E-03 -3.1402071E-03 -3.0428996E-03
     134.999 -3.7569619E-03 -3.6401454E-03 -3.5721138E-03 -3.4610449E-03
     135.199 -4.1572148E-03 -4.0275114E-03 -3.9542751E-03 -3.8309034E-03
     135.399 -4.4399631E-03 -4.3009643E-03 -4.2785855E-03 -4.1446388E-03
     135.599 -4.6362363E-03 -4.4905957E-03 -4.5440904E-03 -4.4013444E-03
     135.799 -4.7923428E-03 -4.6412821E-03 -4.7566332E-03 -4.6066981E-03
     135.999 -4.9426344E-03 -4.7863013E-03 -4.9256453E-03 -4.7698496E-03
     136.199 -5.0946810E-03 -4.9329848E-03 -5.0595280E-03 -4.8989475E-03
     136.399 -5.2327447E-03 -5.0660951E-03 -5.1616513E-03 -4.9972659E-03
     136.599 -5.3329111E-03 -5.1624864E-03 -5.2286358E-03 -5.0615434E-03
     136.799 -5.3772230E-03 -5.2047895E-03 -5.2514103E-03 -5.0830113E-03
     136.999 -5.3578863E-03 -5.1854797E-03 -5.2183365E-03 -5.0504204E-03
     137.199 -5.2718655E-03 -5.1016407E-03 -5.1189079E-03 -4.9536219E-03
     137.399 -5.1135826E-03 -4.9478974E-03 -4.9465593E-03 -4.7862858E-03
     137.599 -4.8736249E-03 -4.7151678E-03 -4.6997400E-03 -4.5469365E-03
     137.799 -4.5450963E-03 -4.3968085E-03 -4.3812964E-03 -4.2383528E-03
     137.999 -4.1319442E-03 -3.9966683E-03 -3.9968083E-03 -3.8659566E-03
     138.199 -3.6513723E-03 -3.5314149E-03 -3.5527913E-03 -3.4360725E-03
     138.399 -3.1268024E-03 -3.0237215E-03 -3.0553503E-03 -2.9546251E-03
     138.599 -2.5755101E-03 -2.4903083E-03 -2.5095309E-03 -2.4265119E-03
     138.799 -1.9996569E-03 -1.9332751E-03 -1.9191854E-03 -1.8554750E-03
     138.999 -1.3873926E-03 -1.3411754E-03 -1.2870059E-03 -1.2441329E-03
     139.199 -7.2348151E-04 -6.9929674E-04 -6.1457365E-04 -5.9402950E-04
     139.399 -1.6346181E-06 -1.5797850E-06  9.7677356E-05  9.4400780E-05
     139.599  7.7052814E-04  7.4459066E-04  8.5031027E-04  8.2168717E-04
     139.799  1.5776754E-03  1.5243823E-03  1.6444459E-03  1.5888974E-03
     139.999  2.4092778E-03  2.3276093E-03  2.4808758E-03  2.3967803E-03
     140.199  3.2686030E-03  3.1574182E-03  3.3589276E-03  3.2446702E-03
     140.399  4.1705885E-03  4.0282254E-03  4.2755262E-03  4.1295811E-03
     140.599  5.1290105E-03  4.9533189E-03  5.2248201E-03  5.0458467E-03
     140.799  6.1419038E-03  5.9307794E-03  6.1988391E-03  5.9857575E-03
     140.999  7.1861642E-03  6.9382786E-03  7.1890149E-03  6.9410309E-03
     141.199  8.2268005E-03  7.9420237E-03  8.1882522E-03  7.9048097E-03
     141.399  9.2359969E-03  8.9151650E-03  9.1926573E-03  8.8733308E-03
     141.599  1.0209966E-02  9.8540570E-03  1.0202195E-02  9.8465570E-03
     141.799  1.1172176E-02  1.0781359E-02  1.1219903E-02  1.0827416E-02
     141.999  1.2159829E-02  1.1732969E-02  1.2249724E-02  1.1819708E-02
     142.199  1.3201491E-02  1.2736437E-02  1.3293881E-02  1.2825573E-02
     142.399  1.4299411E-02  1.3793910E-02  1.4350738E-02  1.3843423E-02
     142.599  1.5427232E-02  1.4879946E-02  1.5414052E-02  1.4867233E-02
     142.799  1.6544053E-02  1.5955084E-02  1.6473998E-02  1.5887524E-02
     142.999  1.7615466E-02  1.6986150E-02  1.7519400E-02  1.6893516E-02
     143.199  1.8628692E-02  1.7960838E-02  1.8540427E-02  1.7875737E-02
     143.399  1.9593295E-02  1.8888388E-02  1.9530595E-02  1.8827944E-02
     143.599  2.0529027E-02  1.9787858E-02  2.0487589E-02  1.9747916E-02
     143.799  2.1450178E-02  2.0673027E-02  2.1412681E-02  2.0636889E-02
     143.999  2.2357137E-02  2.1544275E-02  2.2309208E-02  2.1498090E-02
     144.199  2.3239796E-02  2.2391869E-02  2.3180752E-02  2.2334979E-02
     144.399  2.4088513E-02  2.3206526E-02  2.4029466E-02  2.3149641E-02
     144.599  2.4903368E-02  2.3988336E-02  2.4855025E-02  2.3941769E-02
     144.799  2.5694046E-02  2.4746638E-02  2.5654216E-02  2.4708277E-02
     144.999  2.6470250E-02  2.5490785E-02  2.6421360E-02  2.5443704E-02
     145.199  2.7229824E-02  2.6218705E-02  2.7149466E-02  2.6141331E-02
     145.399  2.7954148E-02  2.6912478E-02  2.7832017E-02  2.6794898E-02
     145.599  2.8615671E-02  2.7545596E-02  2.8465031E-02  2.7400589E-02
     145.799  2.9193904E-02  2.8098363E-02  2.9048656E-02  2.7958565E-02
     145.999  2.9690004E-02  2.8571923E-02  2.9587688E-02  2.8473460E-02
     146.199  3.0129963E-02  2.8991319E-02  3.0090470E-02  2.8953318E-02
     146.399  3.0553359E-02  2.9394650E-02  3.0566420E-02  2.9407215E-02
     146.599  3.0993488E-02  2.9813950E-02  3.1022906E-02  2.9842247E-02
     146.799  3.1460277E-02  3.0258759E-02  3.1462673E-02  3.0261063E-02
     146.999  3.1935834E-02  3.0711861E-02  3.1882838E-02  3.0660897E-02
     147.199  3.2384773E-02  3.1139227E-02  3.2275774E-02  3.1034420E-02
     147.399  3.2772807E-02  3.1507902E-02  3.2631495E-02  3.1372044E-02
     147.599  3.3082472E-02  3.1801124E-02  3.2940470E-02  3.1664621E-02
     147.799  3.3317440E-02  3.2022452E-02  3.3195862E-02  3.1905599E-02
     147.999  3.3494298E-02  3.2187857E-02  3.3394524E-02  3.2091976E-02
     148.199  3.3628473E-02  3.2312188E-02  3.3536815E-02  3.2224118E-02
     148.399  3.3723987E-02  3.2399324E-02  3.3625746E-02  3.2304942E-02
     148.599  3.3773378E-02  3.2442113E-02  3.3666002E-02  3.2338969E-02
     148.799  3.3766954E-02  3.2431266E-02  3.3663125E-02  3.2331543E-02
     148.999  3.3704157E-02  3.2366270E-02  3.3622748E-02  3.2288093E-02
     149.199  3.3598483E-02  3.2260109E-02  3.3549663E-02  3.2213233E-02
     149.399  3.3471838E-02  3.2133828E-02  3.3446671E-02  3.2109667E-02
     149.599  3.3341388E-02  3.2003916E-02  3.3313571E-02  3.1977215E-02
     149.799  3.3207311E-02  3.1870544E-02  3.3146852E-02  3.1812519E-02
     149.999  3.3049727E-02  3.1714639E-02  3.2940525E-02  3.1609848E-02
     150.199  3.2837618E-02  3.1506449E-02  3.2688003E-02  3.1362898E-02
     150.399  3.2545033E-02  3.1221101E-02  3.2384369E-02  3.1066973E-02
     150.599  3.2165160E-02  3.0852098E-02  3.2028067E-02  3.0720601E-02
     150.799  3.1713828E-02  3.0414658E-02  3.1621239E-02  3.0325862E-02
     150.999  3.1220309E-02  2.9936879E-02  3.1168642E-02  2.9887337E-02
     151.199  3.0710870E-02  2.9443966E-02  3.0675659E-02  2.9410208E-02
     151.399  3.0194954E-02  2.8944978E-02  3.0146430E-02  2.8898462E-02
     151.599  2.9661997E-02  2.8429790E-02  2.9582815E-02  2.8353898E-02
     151.799  2.9090319E-02  2.7877639E-02  2.8984491E-02  2.7776223E-02
     151.999  2.8461982E-02  2.7271352E-02  2.8349783E-02  2.7163847E-02
     152.199  2.7773872E-02  2.6607972E-02  2.7676559E-02  2.6514744E-02
     152.399  2.7038109E-02  2.5899135E-02  2.6962775E-02  2.5826975E-02
     152.599  2.6271783E-02  2.5161231E-02  2.6206528E-02  2.5098735E-02
     152.799  2.5483357E-02  2.4402379E-02  2.5406058E-02  2.4328360E-02
     152.999  2.4665155E-02  2.3615240E-02  2.4559989E-02  2.3514551E-02
     153.199  2.3797524E-02  2.2781014E-02  2.3667974E-02  2.2656999E-02
     153.399  2.2862312E-02  2.1882352E-02  2.2731433E-02  2.1757083E-02
     153.599  2.1856759E-02  2.0916643E-02  2.1753807E-02  2.0818119E-02
     153.799  2.0798299E-02  1.9900601E-02  2.0740122E-02  1.9844935E-02
     153.999  1.9716280E-02  1.8862328E-02  1.9695829E-02  1.8842763E-02
     154.199  1.8635528E-02  1.7825584E-02  1.8625619E-02  1.7816105E-02
     154.399  1.7562185E-02  1.6796243E-02  1.7532701E-02  1.6768044E-02
     154.599  1.6481447E-02  1.5760147E-02  1.6418987E-02  1.5700421E-02
     154.799  1.5369061E-02  1.4694113E-02  1.5285923E-02  1.4614626E-02
     154.999  1.4209267E-02  1.3583092E-02  1.4135286E-02  1.3512372E-02
     155.199  1.3007346E-02  1.2432154E-02  1.2969519E-02  1.2396000E-02
     155.399  1.1787890E-02  1.1264820E-02  1.1791213E-02  1.1267995E-02
     155.599  1.0579573E-02  1.0108498E-02  1.0602321E-02  1.0130233E-02
     155.799  9.3962143E-03  8.9763857E-03  9.4035774E-03  8.9834198E-03
     155.999  8.2271745E-03  7.8583106E-03  8.1947488E-03  7.8273387E-03
     156.199  7.0442021E-03  6.7272873E-03  6.9756053E-03  6.6617767E-03
     156.399  5.8208742E-03  5.5580938E-03  5.7469163E-03  5.4874746E-03
     156.599  4.5520218E-03  4.3458154E-03  4.5108280E-03  4.3064877E-03
     156.799  3.2594973E-03  3.1113341E-03  3.2700232E-03  3.1213815E-03
     156.999  1.9794912E-03  1.8892023E-03  2.0261897E-03  1.9337708E-03
     157.199  7.3859548E-04  7.0479077E-04  7.7857600E-04  7.4294143E-04
     157.399 -4.6572086E-04 -4.4433213E-04 -4.7614966E-04 -4.5428198E-04
     157.599 -1.6666450E-03 -1.5898400E-03 -1.7423168E-03 -1.6620245E-03
     157.799 -2.9090627E-03 -2.7745429E-03 -3.0225063E-03 -2.8827406E-03
     157.999 -4.2207955E-03 -4.0249504E-03 -4.3148011E-03 -4.1145941E-03
     158.199 -5.5920087E-03 -5.3316511E-03 -5.6117110E-03 -5.3504361E-03
     158.399 -6.9761472E-03 -6.6502347E-03 -6.9014475E-03 -6.5790248E-03
     158.599 -8.3128801E-03 -7.9231907E-03 -8.1712889E-03 -7.7882369E-03
     158.799 -9.5598823E-03 -9.1102059E-03 -9.4117006E-03 -8.9689943E-03
     158.999 -1.0714496E-02 -1.0208789E-02 -1.0619231E-02 -1.0118021E-02
     159.199 -1.1812823E-02 -1.1253376E-02 -1.1797033E-02 -1.1238334E-02
     159.399 -1.2907258E-02 -1.2293898E-02 -1.2952592E-02 -1.2337077E-02
     159.599 -1.4036613E-02 -1.3367315E-02 -1.4093856E-02 -1.3421828E-02
     159.799 -1.5206347E-02 -1.4478807E-02 -1.5225336E-02 -1.4496888E-02
     159.999 -1.6389362E-02 -1.5602558E-02 -1.6345866E-02 -1.5561150E-02
     160.199 -1.7544661E-02 -1.6699535E-02 -1.7448880E-02 -1.6608368E-02
     160.399 -1.8640617E-02 -1.7739653E-02 -1.8524769E-02 -1.7629405E-02
     160.599 -1.9668685E-02 -1.8714810E-02 -1.9564328E-02 -1.8615514E-02
     160.799 -2.0640909E-02 -1.9636495E-02 -2.0561682E-02 -1.9561123E-02
     160.999 -2.1576040E-02 -2.0522570E-02 -2.1515784E-02 -2.0465256E-02
     161.199 -2.2485493E-02 -2.1383908E-02 -2.2430018E-02 -2.1331151E-02
     161.399 -2.3368768E-02 -2.2220044E-02 -2.3310371E-02 -2.2164519E-02
     161.599 -2.4219781E-02 -2.3025209E-02 -2.4163074E-02 -2.2971299E-02
     161.799 -2.5037084E-02 -2.3798039E-02 -2.4992511E-02 -2.3755672E-02
     161.999 -2.5828789E-02 -2.4546260E-02 -2.5800147E-02 -2.4519040E-02
     162.199 -2.6607627E-02 -2.5281980E-02 -2.6584536E-02 -2.5260039E-02
     162.399 -2.7380008E-02 -2.6011296E-02 -2.7342334E-02 -2.5975505E-02
     162.599 -2.8137966E-02 -2.6726641E-02 -2.8069761E-02 -2.6661857E-02
     162.799 -2.8861259E-02 -2.7408799E-02 -2.8763994E-02 -2.7316429E-02
     162.999 -2.9529468E-02 -2.8038401E-02 -2.9424031E-02 -2.7938288E-02
     163.199 -3.0136047E-02 -2.8609257E-02 -3.0050624E-02 -2.8528162E-02
     163.399 -3.0694240E-02 -2.9133969E-02 -3.0645318E-02 -2.9087534E-02
     163.599 -3.1229619E-02 -2.9636829E-02 -3.1208821E-02 -2.9617093E-02
     163.799 -3.1763205E-02 -3.0137794E-02 -3.1739381E-02 -3.0115189E-02
     163.999 -3.2295686E-02 -3.0637516E-02 -3.2231827E-02 -3.0576936E-02
     164.199 -3.2803085E-02 -3.1113253E-02 -3.2677918E-02 -3.0994534E-02
     164.399 -3.3247125E-02 -3.1528719E-02 -3.3068173E-02 -3.1359016E-02
     164.599 -3.3594262E-02 -3.1852142E-02 -3.3394693E-02 -3.1662923E-02
     164.799 -3.3832319E-02 -3.2072027E-02 -3.3654085E-02 -3.1903068E-02
     164.999 -3.3975510E-02 -3.2201904E-02 -3.3849235E-02 -3.2082221E-02
     165.199 -3.4056207E-02 -3.2272497E-02 -3.3989107E-02 -3.2208911E-02
     165.399 -3.4109425E-02 -3.2317013E-02 -3.4086348E-02 -3.2295149E-02
     165.599 -3.4159146E-02 -3.2358185E-02 -3.4153411E-02 -3.2352752E-02
     165.799 -3.4212651E-02 -3.2402911E-02 -3.4198569E-02 -3.2389574E-02
     165.999 -3.4263046E-02 -3.2444659E-02 -3.4223313E-02 -3.2407034E-02
     166.199 -3.4295530E-02 -3.2469419E-02 -3.4222125E-02 -3.2399922E-02
     166.399 -3.4292646E-02 -3.2460675E-02 -3.4184688E-02 -3.2358484E-02
     166.599 -3.4236940E-02 -3.2401929E-02 -3.4099585E-02 -3.2271936E-02
     166.799 -3.4112844E-02 -3.2278477E-02 -3.3957988E-02 -3.2131947E-02
     166.999 -3.3910084E-02 -3.2080634E-02 -3.3755921E-02 -3.1934789E-02
     167.199 -3.3628242E-02 -3.1808050E-02 -3.3494417E-02 -3.1681468E-02
     167.399 -3.3279087E-02 -3.1471894E-02 -3.3177849E-02 -3.1376153E-02
     167.599 -3.2882947E-02 -3.1091424E-02 -3.2811480E-02 -3.1023851E-02
     167.799 -3.2459137E-02 -3.0684925E-02 -3.2399491E-02 -3.0628540E-02
     167.999 -3.2015370E-02 -3.0259702E-02 -3.1944276E-02 -3.0192507E-02
     168.199 -3.1543346E-02 -2.9807924E-02 -3.1446960E-02 -2.9716841E-02
     168.399 -3.1024709E-02 -2.9312261E-02 -3.0908482E-02 -2.9202450E-02
     168.599 -3.0444465E-02 -2.8758578E-02 -3.0330202E-02 -2.8650643E-02
     168.799 -2.9803110E-02 -2.8147376E-02 -2.9713550E-02 -2.8062791E-02
     168.999 -2.9118203E-02 -2.7495269E-02 -2.9058765E-02 -2.7439144E-02
     169.199 -2.8412823E-02 -2.6824070E-02 -2.8363640E-02 -2.6777638E-02
     169.399 -2.7697605E-02 -2.6143830E-02 -2.7623202E-02 -2.6073600E-02
     169.599 -2.6958702E-02 -2.5441486E-02 -2.6830879E-02 -2.5320857E-02
     169.799 -2.6161486E-02 -2.4684380E-02 -2.5980958E-02 -2.4514045E-02
     169.999 -2.5269685E-02 -2.3838327E-02 -2.5071187E-02 -2.3651073E-02
     170.199 -2.4268976E-02 -2.2889871E-02 -2.4104379E-02 -2.2734627E-02
     170.399 -2.3179558E-02 -2.1858120E-02 -2.3088025E-02 -2.1771804E-02
     170.599 -2.2048400E-02 -2.0787406E-02 -2.2032100E-02 -2.0772038E-02
     170.799 -2.0924499E-02 -1.9723940E-02 -2.0945983E-02 -1.9744190E-02
     170.999 -1.9831837E-02 -1.8690320E-02 -1.9835850E-02 -1.8694102E-02
     171.199 -1.8757115E-02 -1.7673999E-02 -1.8703805E-02 -1.7623767E-02
     171.399 -1.7660159E-02 -1.6637123E-02 -1.7548838E-02 -1.6532251E-02
     171.599 -1.6500791E-02 -1.5541861E-02 -1.6369114E-02 -1.5417836E-02
     171.799 -1.5265050E-02 -1.4375102E-02 -1.5164093E-02 -1.4280031E-02
     171.999 -1.3974259E-02 -1.3156965E-02 -1.3935478E-02 -1.3120453E-02
     172.198 -1.2671344E-02 -1.1927893E-02 -1.2686439E-02 -1.1942102E-02
     172.398 -1.1393389E-02 -1.0722791E-02 -1.1419573E-02 -1.0747434E-02
     172.598 -1.0148186E-02 -9.5489819E-03 -1.0134932E-02 -9.5365100E-03
     172.798 -8.9092856E-03 -8.3815634E-03 -8.8291730E-03 -8.3061961E-03
     172.998 -7.6321968E-03 -7.1786876E-03 -7.4967058E-03 -7.0512475E-03
     173.198 -6.2807750E-03 -5.9063867E-03 -6.1323663E-03 -5.7668245E-03
     173.398 -4.8474725E-03 -4.5576081E-03 -4.7346763E-03 -4.4515567E-03
     173.598 -3.3560735E-03 -3.1547567E-03 -3.3081997E-03 -3.1097547E-03
     173.798 -1.8473568E-03 -1.7361921E-03 -1.8638128E-03 -1.7516580E-03
     173.998 -3.5871401E-04 -3.3706043E-04 -4.1675980E-04 -3.9160231E-04
     174.198  1.0895358E-03  1.0235597E-03  1.0170866E-03  9.5549757E-04
     174.398  2.4946277E-03  2.3430927E-03  2.4252780E-03  2.2779556E-03
     174.598  3.8623036E-03  3.6269537E-03  3.8017758E-03  3.5701142E-03
     174.798  5.1977519E-03  4.8800340E-03  5.1478762E-03  4.8332069E-03
     174.998  6.5037825E-03  6.1049881E-03  6.4706138E-03  6.0738533E-03
     175.198  7.7862055E-03  7.3072843E-03  7.7794135E-03  7.3009101E-03
     175.398  9.0590517E-03  8.5001000E-03  9.0819625E-03  8.5215972E-03
     175.598  1.0342135E-02  9.7020268E-03  1.0380908E-02  9.7384005E-03
     175.798  1.1649462E-02  1.0926195E-02  1.1672345E-02  1.0947657E-02
     175.998  1.2975605E-02  1.2167498E-02  1.2946628E-02  1.2140326E-02
     176.198  1.4290843E-02  1.3398061E-02  1.4191243E-02  1.3304683E-02
     176.398  1.5551195E-02  1.4576664E-02  1.5394500E-02  1.4429788E-02
     176.598  1.6719836E-02  1.5668826E-02  1.6548851E-02  1.5508589E-02
     176.798  1.7787315E-02  1.6665745E-02  1.7652370E-02  1.6539309E-02
     176.998  1.8777562E-02  1.7589896E-02  1.8707976E-02  1.7524711E-02
     177.198  1.9734445E-02  1.8482407E-02  1.9720546E-02  1.8469389E-02
     177.398  2.0695909E-02  1.9378826E-02  2.0693114E-02  1.9376209E-02
     177.598  2.1670785E-02  2.0287418E-02  2.1623760E-02  2.0243395E-02
     177.798  2.2631814E-02  2.1182661E-02  2.2504432E-02  2.1063436E-02
     177.998  2.3528800E-02  2.2017590E-02  2.3322466E-02  2.1824508E-02
     178.198  2.4313502E-02  2.2747106E-02  2.4064200E-02  2.2513866E-02
     178.398  2.4961805E-02  2.3348722E-02  2.4719476E-02  2.3122053E-02
     178.598  2.5481393E-02  2.3829702E-02  2.5285149E-02  2.3646178E-02
     178.798  2.5902956E-02  2.4218815E-02  2.5766222E-02  2.4090971E-02
     178.998  2.6262604E-02  2.4549877E-02  2.6174079E-02  2.4467125E-02
     179.198  2.6586580E-02  2.4847448E-02  2.6522355E-02  2.4787424E-02
     179.398  2.6885429E-02  2.5121403E-02  2.6822025E-02  2.5062160E-02
     179.598  2.7156988E-02  2.5369737E-02  2.7077490E-02  2.5295471E-02
     179.798  2.7392200E-02  2.5584005E-02  2.7285147E-02  2.5484019E-02
     179.998  2.7578087E-02  2.5752113E-02  2.7434893E-02  2.5618399E-02
     180.198  2.7697260E-02  2.5857852E-02  2.7513936E-02  2.5686703E-02
     180.398  2.7728108E-02  2.5881094E-02  2.7511430E-02  2.5678849E-02
     180.598  2.7650115E-02  2.5802745E-02  2.7422157E-02  2.5590017E-02
     180.798  2.7454031E-02  2.5614241E-02  2.7247926E-02  2.5421948E-02
     180.998  2.7150832E-02  2.5325892E-02  2.6996276E-02  2.5181724E-02
     181.198  2.6771543E-02  2.4966696E-02  2.6677096E-02  2.4878617E-02
     181.398  2.6354640E-02  2.4572574E-02  2.6298598E-02  2.4520322E-02
     181.598  2.5926143E-02  2.4167805E-02  2.5864281E-02  2.4110138E-02
     181.798  2.5483820E-02  2.3750315E-02  2.5372057E-02  2.3646154E-02
     181.998  2.4996184E-02  2.3290775E-02  2.4815907E-02  2.3122799E-02
     182.198  2.4418649E-02  2.2747679E-02  2.4189271E-02  2.2533997E-02
     182.398  2.3718604E-02  2.2090708E-02  2.3488815E-02  2.1876690E-02
     182.598  2.2894920E-02  2.1318886E-02  2.2716924E-02  2.1153143E-02
     182.798  2.1980317E-02  2.0462753E-02  2.1881934E-02  2.0371162E-02
     182.998  2.1025115E-02  1.9569198E-02  2.0995976E-02  1.9542077E-02
     183.198  2.0071938E-02  1.8677913E-02  2.0071301E-02  1.8677320E-02
     183.398  1.9136176E-02  1.7803214E-02  1.9116702E-02  1.7785096E-02
     183.598  1.8202612E-02  1.6930938E-02  1.8135412E-02  1.6868432E-02
     183.798  1.7238680E-02  1.6030800E-02  1.7125397E-02  1.5925454E-02
     183.998  1.6214983E-02  1.5075489E-02  1.6081818E-02  1.4951682E-02
     184.198  1.5120660E-02  1.4054947E-02  1.5000515E-02  1.3943270E-02
     184.398  1.3966153E-02  1.2978922E-02  1.3881131E-02  1.2899911E-02
     184.598  1.2774333E-02  1.1868704E-02  1.2728479E-02  1.1826101E-02
     184.798  1.1567961E-02  1.0745459E-02  1.1551863E-02  1.0730506E-02
     184.998  1.0361562E-02  9.6226855E-03  1.0362637E-02  9.6236837E-03
     185.198  9.1612054E-03  8.5060204E-03  9.1712505E-03  8.5153471E-03
     185.398  7.9692648E-03  7.3976646E-03  7.9849609E-03  7.4122349E-03
     185.598  6.7884322E-03  6.3001122E-03  6.8069261E-03  6.3172758E-03
     185.798  5.6215291E-03  5.2159752E-03  5.6369336E-03  5.2302685E-03
     185.998  4.4680297E-03  4.1447583E-03  4.4730383E-03  4.1494046E-03
     186.198  3.3218126E-03  3.0807768E-03  3.3134747E-03  3.0730438E-03
     186.398  2.1734671E-03  2.0153011E-03  2.1579565E-03  2.0009193E-03
     186.598  1.0167362E-03  9.4253344E-04  1.0081938E-03  9.3461453E-04
     186.798 -1.4540424E-04 -1.3476187E-04 -1.3233544E-04 -1.2264960E-04
     186.998 -1.2999561E-03 -1.2045364E-03 -1.2590726E-03 -1.1666539E-03
     187.198 -2.4295710E-03 -2.2507227E-03 -2.3670245E-03 -2.1927805E-03
     187.398 -3.5213117E-03 -3.2613535E-03 -3.4513225E-03 -3.1965312E-03
     187.598 -4.5723422E-03 -4.2338255E-03 -4.5074469E-03 -4.1737348E-03
     187.798 -5.5887010E-03 -5.1737542E-03 -5.5313081E-03 -5.1206225E-03
     187.998 -6.5779639E-03 -6.0881721E-03 -6.5190894E-03 -6.0336814E-03
     188.198 -7.5410921E-03 -6.9779852E-03 -7.4669680E-03 -6.9093960E-03
     188.398 -8.4692090E-03 -7.8349974E-03 -8.3708816E-03 -7.7440333E-03
     188.598 -9.3472291E-03 -8.6452778E-03 -9.2264239E-03 -8.5335448E-03
     188.798 -1.0161577E-02 -9.3963042E-03 -1.0029218E-02 -9.2739140E-03
     188.998 -1.0906381E-02 -1.0082689E-02 -1.0775689E-02 -9.9618678E-03
     189.198 -1.1584423E-02 -1.0707048E-02 -1.1464132E-02 -1.0595867E-02
     189.398 -1.2203161E-02 -1.1276313E-02 -1.2095484E-02 -1.1176814E-02
     189.598 -1.2769789E-02 -1.1797169E-02 -1.2673273E-02 -1.1708004E-02
     189.798 -1.3289231E-02 -1.2274196E-02 -1.3202464E-02 -1.2194057E-02
     189.998 -1.3765531E-02 -1.2711159E-02 -1.3687397E-02 -1.2639010E-02
     190.198 -1.4203673E-02 -1.3112687E-02 -1.4129693E-02 -1.3044389E-02
     190.398 -1.4608113E-02 -1.3482917E-02 -1.4527122E-02 -1.3408164E-02
     190.598 -1.4977687E-02 -1.3820795E-02 -1.4874251E-02 -1.3725349E-02
     190.798 -1.5300926E-02 -1.4115764E-02 -1.5164804E-02 -1.3990185E-02
     190.998 -1.5557521E-02 -1.4349122E-02 -1.5394860E-02 -1.4199095E-02
     191.198 -1.5728283E-02 -1.4503217E-02 -1.5565409E-02 -1.4353029E-02
     191.398 -1.5809211E-02 -1.4574416E-02 -1.5682903E-02 -1.4457974E-02
     191.598 -1.5820323E-02 -1.4581229E-02 -1.5757325E-02 -1.4523165E-02
     191.798 -1.5800985E-02 -1.4559974E-02 -1.5798420E-02 -1.4557611E-02
     191.998 -1.5791262E-02 -1.4547581E-02 -1.5811709E-02 -1.4566418E-02
     192.198 -1.5808612E-02 -1.4560124E-02 -1.5796092E-02 -1.4548593E-02
     192.398 -1.5834249E-02 -1.4580285E-02 -1.5744210E-02 -1.4497377E-02
     192.598 -1.5819352E-02 -1.4563117E-02 -1.5645506E-02 -1.4403076E-02
     192.798 -1.5709743E-02 -1.4458780E-02 -1.5490715E-02 -1.4257194E-02
     192.998 -1.5475706E-02 -1.4239996E-02 -1.5275884E-02 -1.4056129E-02
     193.198 -1.5129392E-02 -1.3918022E-02 -1.5004269E-02 -1.3802917E-02
     193.398 -1.4719013E-02 -1.3537274E-02 -1.4685432E-02 -1.3506390E-02
     193.598 -1.4302977E-02 -1.3151502E-02 -1.4332039E-02 -1.3178225E-02
     193.798 -1.3919457E-02 -1.2795800E-02 -1.3955810E-02 -1.2829219E-02
     193.998 -1.3569366E-02 -1.2470986E-02 -1.3564188E-02 -1.2466227E-02
     194.198 -1.3221991E-02 -1.2148819E-02 -1.3158906E-02 -1.2090854E-02
     194.398 -1.2837979E-02 -1.1793146E-02 -1.2736651E-02 -1.1700065E-02
     194.598 -1.2393944E-02 -1.1382515E-02 -1.2291277E-02 -1.1288227E-02
     194.798 -1.1893167E-02 -1.0919978E-02 -1.1816536E-02 -1.0849618E-02
     194.998 -1.1357224E-02 -1.0425379E-02 -1.1308338E-02 -1.0380504E-02
     195.198 -1.0806681E-02 -9.9176155E-03 -1.0766016E-02 -9.8802957E-03
     195.398 -1.0245712E-02 -9.4005266E-03 -1.0192442E-02 -9.3516508E-03
     195.598 -9.6617454E-03 -8.8625896E-03 -9.5933282E-03 -8.7998314E-03
     195.798 -9.0395138E-03 -8.2898178E-03 -8.9760315E-03 -8.2316004E-03
     195.998 -8.3782616E-03 -7.6815446E-03 -8.3482598E-03 -7.6540378E-03
     196.198 -7.6985407E-03 -7.0566350E-03 -7.7169141E-03 -7.0734764E-03
     196.398 -7.0327189E-03 -6.4447632E-03 -7.0871901E-03 -6.4946804E-03
     196.598 -6.4054915E-03 -5.8685458E-03 -6.4621399E-03 -5.9204456E-03
     196.798 -5.8181098E-03 -5.3291035E-03 -5.8426554E-03 -5.3515861E-03
     196.998 -5.2478865E-03 -4.8056345E-03 -5.2279267E-03 -4.7873569E-03
     197.198 -4.6636605E-03 -4.2695999E-03 -4.6161028E-03 -4.2260607E-03
     197.398 -4.0466936E-03 -3.7038585E-03 -4.0049727E-03 -3.6656722E-03
     197.598 -3.4024300E-03 -3.1134146E-03 -3.3924123E-03 -3.1042478E-03
     197.798 -2.7549281E-03 -2.5202962E-03 -2.7765122E-03 -2.5400420E-03
     197.998 -2.1280900E-03 -1.9463669E-03 -2.1556156E-03 -1.9715421E-03
     198.198 -1.5270635E-03 -1.3963206E-03 -1.5284563E-03 -1.3975941E-03
     198.398 -9.3334685E-04 -8.5322637E-04 -8.9470847E-04 -8.1790479E-04
     198.598 -3.1743132E-04 -2.9011089E-04 -2.5580623E-04 -2.3378970E-04
     198.798  3.3931896E-04  3.1003828E-04  3.8425793E-04  3.5109935E-04
     198.998  1.0285119E-03  9.3952706E-04  1.0187475E-03  9.3060748E-04
     199.198  1.7155680E-03  1.5667532E-03  1.6390898E-03  1.4969090E-03
     199.398  2.3574149E-03  2.1523913E-03  2.2368244E-03  2.0422886E-03
     199.598  2.9259878E-03  2.6708540E-03  2.8061405E-03  2.5614570E-03
     199.798  3.4228669E-03  3.1236327E-03  3.3459484E-03  3.0534386E-03
     199.998  3.8766969E-03  3.5369099E-03  3.8605159E-03  3.5221471E-03
